replica;tModel;sigmaIndex;nRey;nTess;nBo;nMave;selTrueModel;departTrueModel;replicated;firstTGM;numSwitches;avgContTGM;sdContTGM;changesBeforeFirstTGM;replicatedTGM;replicatedNTGM;biasBeta1
1;Y ~ X1 + X2;0.2;1;1;1;1;0.241727272727273;0.88567130500188;0.848462393479066;133;608;8.74671052631579;9.34125607459949;19;0.901785714285714;0.830784410458806;0.223521836363636
2;Y ~ X1 + X2;0.2;1;1;1;1;0.232454545454545;0.875244427062964;0.83226723525231;73;638;8.01567398119122;8.27303751835866;12;0.875379939209726;0.819109461966605;-0.0991585363636364
3;Y ~ X1 + X2;0.2;1;1;1;1;0.248727272727273;0.876461988304094;0.83169014084507;69;676;8.09467455621302;7.81783899618878;9;0.860058309037901;0.822655524605385;0.0899633090909091
4;Y ~ X1 + X2;0.2;1;1;1;1;0.241818181818182;0.887927792403159;0.854619065145381;1;597;8.89632107023411;8.38138436475278;1;0.900621118012422;0.840328027013989;-0.061294
5;Y ~ X1 + X2;0.2;1;1;1;1;0.280545454545455;0.890797148412184;0.828880866425993;93;674;9.15727002967359;8.25246440256227;11;0.892487046632124;0.804304304304304;-0.117146945454545
6;Y ~ X1 + X2;0.2;1;1;1;1;0.256;0.88671875;0.83159073935773;25;638;8.82758620689655;8.32203962537731;7;0.883720930232558;0.81356783919598;0.222248145454545
7;Y ~ X1 + X2;0.2;1;1;1;1;0.219090909090909;0.878423236514523;0.845756457564576;24;586;8.22525597269625;7.72984190276799;4;0.867226890756303;0.839716312056738;0.186216409090909
8;Y ~ X1 + X2;0.2;1;1;1;1;0.227272727272727;0.8687474989996;0.845116618075802;3;657;7.59878419452887;6.83495310029001;1;0.876755070202808;0.83547313361864;-0.0444887545454546
9;Y ~ X1 + X2;0.2;1;1;1;1;0.24;0.88101553618795;0.845922585494175;59;629;8.38095238095238;9.02019773857248;11;0.890625;0.831766452251361;-0.0328909454545454
10;Y ~ X1 + X2;0.2;1;1;1;1;0.253636363636364;0.881678020795984;0.833694866232827;43;661;8.42900302114804;7.86651545264214;2;0.889212827988338;0.815384615384615;0.114850363636364
11;Y ~ X1 + X2;0.2;1;1;1;1;0.267636363636364;0.883491847826087;0.828863796753705;9;686;8.58309037900875;8.45721635943454;2;0.892037786774629;0.806497849976111;-0.2230137
12;Y ~ X1 + X2;0.2;1;1;1;1;0.245636363636364;0.882309400444115;0.836119186046512;40;636;8.49685534591195;8.15726667111465;6;0.902077151335312;0.814725697786333;0.226100254545455
13;Y ~ X1 + X2;0.2;1;1;1;1;0.248636363636364;0.887710314557425;0.84313005143277;35;615;8.87987012987013;8.01841431090055;3;0.894419306184012;0.826614861583293;-0.0925612727272727
14;Y ~ X1 + X2;0.2;1;1;1;1;0.232818181818182;0.877734375;0.829113924050633;12;627;8.15605095541401;8.26891355137293;2;0.859766277128548;0.820316243411596;0.0609528909090909
15;Y ~ X1 + X2;0.2;1;1;1;1;0.243909090909091;0.886321282146851;0.84612559676827;1;610;8.79672131147541;9.15103472746451;1;0.884792626728111;0.833976833976834;0.199600063636364
16;Y ~ X1 + X2;0.2;1;1;1;1;0.263909090909091;0.88322425077506;0.837269372693727;41;678;8.56342182890855;7.42405063973944;6;0.903765690376569;0.81334671349724;-0.156940518181818
17;Y ~ X1 + X2;0.2;1;1;1;1;0.245636363636364;0.877128053293856;0.842066146413972;52;664;8.13855421686747;7.86664273969719;7;0.873668188736682;0.831858407079646;0.132103581818182
18;Y ~ X1 + X2;0.2;1;1;1;1;0.253090909090909;0.880028735632184;0.840595497458243;13;668;8.31044776119403;7.4664345579728;4;0.873038516405136;0.829517778860205;-0.0400912272727273
19;Y ~ X1 + X2;0.2;1;1;1;1;0.247090909090909;0.885577630610743;0.82521069989007;29;622;8.7395498392283;8.70778360322376;5;0.866372980910426;0.8115234375;0.140131018181818
20;Y ~ X1 + X2;0.2;1;1;1;1;0.239272727272727;0.882978723404255;0.819071791153009;20;616;8.54545454545454;9.75737650240338;5;0.868924889543446;0.802789802789803;0.056389
21;Y ~ X1 + X2;0.2;1;1;1;1;0.289727272727273;0.88672732977722;0.833212472806381;27;722;8.82825484764543;8.76852828785266;7;0.903304773561811;0.80370942812983;0.0674184090909091
22;Y ~ X1 + X2;0.2;1;1;1;1;0.268636363636364;0.887986463620981;0.833703703703704;13;662;8.92749244712991;8.08107775191642;3;0.882102272727273;0.816633266533066;-0.0470448818181818
23;Y ~ X1 + X2;0.2;1;1;1;1;0.243909090909091;0.886693999254566;0.835810577255444;65;608;8.82565789473684;8.01725858441091;13;0.870111731843575;0.824529168580616;-0.210576236363636
24;Y ~ X1 + X2;0.2;1;1;1;1;0.254272727272727;0.887021809081158;0.850196639256346;48;632;8.82334384858044;8.43255206642171;7;0.893917963224894;0.835406698564593;-0.0436949727272727
25;Y ~ X1 + X2;0.2;1;1;1;1;0.271545454545455;0.890823844608171;0.847611827141774;22;653;9.13455657492355;9.13465717415132;6;0.914749661705007;0.821484992101106;0.0535464818181818
26;Y ~ X1 + X2;0.2;1;1;1;1;0.261363636363636;0.882782608695652;0.833812949640288;16;674;8.53115727002967;7.16554313909062;2;0.890260631001372;0.813749390541199;0.0432348909090909
27;Y ~ X1 + X2;0.2;1;1;1;1;0.264090909090909;0.88605851979346;0.844972577696527;61;662;8.77643504531722;8.53965015842826;9;0.88317107093185;0.831349206349206;0.160803990909091
28;Y ~ X1 + X2;0.2;1;1;1;1;0.234909090909091;0.874613003095975;0.840590405904059;3;648;7.97530864197531;6.79004061896772;1;0.87789799072643;0.828889966068832;-0.220513154545455
29;Y ~ X1 + X2;0.2;1;1;1;1;0.278;0.884238064094179;0.831598513011152;45;708;8.63841807909604;8.08659183229304;7;0.884823848238482;0.811475409836066;0.0692781363636363
30;Y ~ X1 + X2;0.2;1;1;1;1;0.241;0.881509433962264;0.852170792967348;32;629;8.41587301587302;7.58781302356871;7;0.903426791277259;0.836829836829837;0.1983253
31;Y ~ X1 + X2;0.2;1;1;1;1;0.255181818181818;0.88172426077663;0.839305103148751;36;664;8.45481927710843;8.00345889899519;5;0.878998609179416;0.825342465753425;0.204355554545455
32;Y ~ X1 + X2;0.2;1;1;1;1;0.247636363636364;0.881748071979434;0.830703012912482;6;645;8.43343653250774;8.50088027693371;1;0.885294117647059;0.813092979127135;0.186817372727273
33;Y ~ X1 + X2;0.2;1;1;1;1;0.251636363636364;0.882225433526012;0.832088224831021;148;652;8.49079754601227;7.38011306826831;38;0.870111731843575;0.81909307875895;-0.0501073090909091
34;Y ~ X1 + X2;0.2;1;1;1;1;0.227272727272727;0.8687474989996;0.845116618075802;3;657;7.59878419452887;6.83495310029001;1;0.876755070202808;0.83547313361864;-0.0444887545454546
35;Y ~ X1 + X2;0.2;1;1;1;1;0.249454545454545;0.886297376093295;0.842010771992819;49;624;8.7948717948718;8.75586561227196;6;0.88412017167382;0.827900287631831;-0.0542396818181818
36;Y ~ X1 + X2;0.2;1;1;1;1;0.288454545454545;0.889729048519219;0.818894697535474;35;699;9.06571428571429;8.685443569795;6;0.894808743169399;0.790339157245632;-0.205071254545455
37;Y ~ X1 + X2;0.2;1;1;1;1;0.261181818181818;0.883049077619213;0.831994156318481;8;672;8.55059523809524;8.07560170688327;2;0.865629420084866;0.82028557360906;0.058229090909091
38;Y ~ X1 + X2;0.2;1;1;1;1;0.234636363636364;0.876404494382023;0.839311334289814;44;638;8.09090909090909;7.69757856975955;5;0.877458396369138;0.827456511518571;0.0937829000000001
39;Y ~ X1 + X2;0.2;1;1;1;1;0.273;0.891441891441891;0.831697564521992;67;652;9.21165644171779;8.91539648465101;9;0.879032258064516;0.814150473343298;0.110200845454545
40;Y ~ X1 + X2;0.2;1;1;1;1;0.250909090909091;0.882928597317869;0.833808844507846;44;647;8.51851851851852;6.97960072506943;13;0.893525179856115;0.814129919393077;-0.0919882454545454
41;Y ~ X1 + X2;0.2;1;1;1;1;0.266272727272727;0.890406282007511;0.854815351194786;5;642;9.12461059190031;8.92451251755593;2;0.904699738903394;0.835671342685371;0.0540285636363636
42;Y ~ X1 + X2;0.2;1;1;1;1;0.283272727272727;0.893453145057766;0.837906137184116;9;664;9.3855421686747;9.20144652400741;2;0.889453621346887;0.817448310640444;-0.223644918181818
43;Y ~ X1 + X2;0.2;1;1;1;1;0.25;0.887231720625682;0.838536060279871;9;621;8.84244372990354;8.56724439884642;2;0.882608695652174;0.824034334763948;0.196058990909091
44;Y ~ X1 + X2;0.2;1;1;1;1;0.259272727272727;0.884992987377279;0.847083926031294;72;656;8.69512195121951;8.23461631136995;11;0.870320855614973;0.838662790697674;0.0532406727272727
45;Y ~ X1 + X2;0.2;1;1;1;1;0.253090909090909;0.878548329141215;0.834006610356225;4;677;8.21238938053097;7.86323705204743;1;0.877840909090909;0.818722139673105;0.0986020272727273
46;Y ~ X1 + X2;0.2;1;1;1;1;0.269909090909091;0.882749326145553;0.846385542168675;49;697;8.50716332378224;7.81194783643047;15;0.910404624277457;0.823828920570265;-0.112259154545455
47;Y ~ X1 + X2;0.2;1;1;1;1;0.229545454545455;0.880744849445325;0.849908925318761;22;603;8.36092715231788;7.7514673223307;5;0.897476340694006;0.835622927522501;-0.116009581818182
48;Y ~ X1 + X2;0.2;1;1;1;1;0.277;0.891040367574664;0.831723625557207;1;664;9.17771084337349;8.25289751557237;1;0.892764857881137;0.807090719499479;-0.0624596090909091
49;Y ~ X1 + X2;0.2;1;1;1;1;0.247272727272727;0.884558823529412;0.848207754206291;3;628;8.6624203821656;9.08254945850364;2;0.895565092989986;0.831941031941032;0.0208582090909091
50;Y ~ X1 + X2;0.2;1;1;1;1;0.246545454545455;0.884218289085546;0.835112256164888;29;628;8.63694267515924;7.38935670676645;4;0.892395982783357;0.815346534653465;-0.156185072727273
51;Y ~ X1 + X2;0.2;1;1;1;1;0.269181818181818;0.889864864864865;0.844531808434596;1;653;9.05504587155963;8.27536242312599;1;0.900924702774108;0.823615874571289;-0.0918346545454546
52;Y ~ X1 + X2;0.2;1;1;1;1;0.274090909090909;0.896185737976783;0.83696053116931;11;626;9.63258785942492;9.16178441145783;1;0.888;0.817440081591025;-0.154587427272727
53;Y ~ X1 + X2;0.2;1;1;1;1;0.270454545454545;0.894789915966387;0.841684064022269;3;626;9.50479233226837;9.60439316071463;1;0.892459826946848;0.821791767554479;0.0699798727272727
54;Y ~ X1 + X2;0.2;1;1;1;1;0.251454545454545;0.888326707625587;0.861027190332326;10;617;8.95145631067961;7.75314595650841;2;0.889380530973451;0.851269035532995;0.0629948363636363
55;Y ~ X1 + X2;0.2;1;1;1;1;0.265272727272727;0.894790952707334;0.839909808342728;20;614;9.50488599348534;8.68187629772802;4;0.890489913544669;0.822064056939502;0.179246754545455
56;Y ~ X1 + X2;0.2;1;1;1;1;0.257727272727273;0.885008818342152;0.843364757070341;2;652;8.69631901840491;8.53822816835186;2;0.885674931129477;0.828248031496063;0.0872610181818182
57;Y ~ X1 + X2;0.2;1;1;1;1;0.253454545454545;0.880200860832138;0.846376811594203;75;668;8.34730538922156;8.27995745278748;5;0.881996974281392;0.835159599809433;0.128803190909091
58;Y ~ X1 + X2;0.2;1;1;1;1;0.215181818181818;0.871090448013525;0.837581937363438;65;611;7.73529411764706;7.01557022991831;13;0.875444839857651;0.827838827838828;-0.0674401909090909
59;Y ~ X1 + X2;0.2;1;1;1;1;0.242363636363636;0.884427767354597;0.839350180505415;9;617;8.62783171521036;7.34895536512512;1;0.874242424242424;0.828436018957346;0.0635300727272727
60;Y ~ X1 + X2;0.2;1;1;1;1;0.260363636363636;0.890013966480447;0.846632503660322;4;630;9.09206349206349;9.16451376819419;1;0.89196675900277;0.830348258706468;0.0445680090909091
61;Y ~ X1 + X2;0.2;1;1;1;1;0.250363636363636;0.884168482207698;0.829917295936713;169;638;8.63322884012539;7.57936784305246;20;0.882102272727273;0.812229176697159;0.0561698727272727
62;Y ~ X1 + X2;0.2;1;1;1;1;0.228727272727273;0.875596184419714;0.826508620689655;4;626;8.03833865814696;7.19230802086468;2;0.866562009419152;0.814625058220773;0.224620827272727
63;Y ~ X1 + X2;0.2;1;1;1;1;0.257727272727273;0.888143966125618;0.842836778332145;26;635;8.91509433962264;9.44596245881839;8;0.894666666666667;0.823929961089494;0.225663718181818
64;Y ~ X1 + X2;0.2;1;1;1;1;0.254181818181818;0.890200286123033;0.830786026200873;23;614;9.10749185667752;8.13799544313278;4;0.877906976744186;0.81504854368932;-0.0379731363636364
65;Y ~ X1 + X2;0.2;1;1;1;1;0.251;0.881969587255612;0.850145137880987;11;651;8.46932515337423;8.67768016705169;2;0.887784090909091;0.837231968810916;0.1406137
66;Y ~ X1 + X2;0.2;1;1;1;1;0.253909090909091;0.883637665592553;0.833883388338834;84;650;8.59384615384615;7.72969017240947;12;0.888101983002833;0.814943097476497;-0.0532256
67;Y ~ X1 + X2;0.2;1;1;1;1;0.280545454545455;0.890797148412184;0.828880866425993;93;674;9.15727002967359;8.25246440256227;11;0.892487046632124;0.804304304304304;-0.117146945454545
68;Y ~ X1 + X2;0.2;1;1;1;1;0.264545454545455;0.877964936404263;0.836012861736334;15;711;8.17415730337079;7.74109251800862;5;0.885869565217391;0.818225884634028;-0.1427385
69;Y ~ X1 + X2;0.2;1;1;1;1;0.239181818181818;0.882934245534017;0.828980322003578;53;616;8.54220779220779;8.11088690064089;5;0.869565217391304;0.816829381682938;0.207554572727273
70;Y ~ X1 + X2;0.2;1;1;1;1;0.253181818181818;0.884021543985637;0.830267268309615;25;646;8.62229102167183;7.95365447952321;3;0.874476987447699;0.815619223659889;-0.149727418181818
71;Y ~ X1 + X2;0.2;1;1;1;1;0.228636363636364;0.878727634194831;0.833271719038817;10;610;8.24590163934426;7.44995526678754;3;0.878887070376432;0.819961795606495;0.157876618181818
72;Y ~ X1 + X2;0.2;1;1;1;1;0.250545454545455;0.874863982589771;0.833576642335766;33;689;7.98840579710145;7.57749759715237;9;0.875714285714286;0.819117647058824;0.131507518181818
73;Y ~ X1 + X2;0.2;1;1;1;1;0.270454545454545;0.878991596638655;0.81695928277923;21;720;8.26388888888889;7.19252369413435;8;0.872950819672131;0.795886889460154;0.185221972727273
74;Y ~ X1 + X2;0.2;1;1;1;1;0.246090909090909;0.886220908755079;0.832440157199;122;616;8.78896103896104;8.46515803430204;17;0.883308714918759;0.816211121583412;-0.0616987181818182
75;Y ~ X1 + X2;0.2;1;1;1;1;0.267363636363636;0.875892553553213;0.839072127582457;13;730;8.05753424657534;7.46342580003229;1;0.882845188284519;0.823702252693438;0.0430966818181818
76;Y ~ X1 + X2;0.2;1;1;1;1;0.279363636363636;0.895867230719167;0.840493089279044;48;640;9.603125;9.39095090264023;2;0.898039215686275;0.817468619246862;0.0986402545454545
77;Y ~ X1 + X2;0.2;1;1;1;1;0.259090909090909;0.884912280701754;0.835880640465793;13;656;8.66261398176292;8.37780716550368;2;0.874643874643875;0.82258064516129;-0.212408263636364
78;Y ~ X1 + X2;0.2;1;1;1;1;0.244909090909091;0.877088748607501;0.832967032967033;27;663;8.1144578313253;7.98519222507062;6;0.8810888252149;0.816437007874016;-0.101976081818182
79;Y ~ X1 + X2;0.2;1;1;1;1;0.267909090909091;0.883949779436715;0.828307910606598;9;684;8.61695906432749;7.96966787105077;2;0.888318356867779;0.805392156862745;0.0544862363636364
80;Y ~ X1 + X2;0.2;1;1;1;1;0.248727272727273;0.890716374269006;0.832414553472988;1;598;9.1505016722408;8.71091027397089;1;0.883058470764618;0.815968841285297;-0.0753744454545455
81;Y ~ X1 + X2;0.2;1;1;1;1;0.268181818181818;0.887457627118644;0.836624775583483;3;664;8.8855421686747;8.31510302857757;2;0.890745501285347;0.81564524165421;0.0672675818181818
82;Y ~ X1 + X2;0.2;1;1;1;1;0.269;0.89553752535497;0.838340486409156;155;619;9.54516129032258;9.1316987190192;31;0.893387314439946;0.818491484184915;0.118714654545455
83;Y ~ X1 + X2;0.2;1;1;1;1;0.272090909090909;0.886363636363636;0.843452816386247;208;681;8.77712609970675;8.54487489730088;29;0.900265957446808;0.821897073662967;0.0483241727272727
84;Y ~ X1 + X2;0.2;1;1;1;1;0.254545454545455;0.883928571428571;0.846153846153846;75;650;8.61538461538461;7.68896176043725;10;0.895688456189152;0.828669612174767;-0.171764
85;Y ~ X1 + X2;0.2;1;1;1;1;0.270909090909091;0.890976182489098;0.836160230963551;18;649;9.16923076923077;8.85404495475253;2;0.904382470119522;0.810703666997027;-0.183059927272727
86;Y ~ X1 + X2;0.2;1;1;1;1;0.282;0.881689232753063;0.816974169741697;9;734;8.45231607629428;8.14837063925581;1;0.867823765020027;0.797552269250382;-0.00726127272727273
87;Y ~ X1 + X2;0.2;1;1;1;1;0.284818181818182;0.897223108841366;0.853857041755131;1;644;9.72981366459627;9.50544913221076;1;0.89828431372549;0.835820895522388;-0.165778054545455
88;Y ~ X1 + X2;0.2;1;1;1;1;0.286454545454545;0.891497461928934;0.840368925150763;24;683;9.21345029239766;8.90704985021297;4;0.884297520661157;0.821501014198783;0.0468956363636364
89;Y ~ X1 + X2;0.2;1;1;1;1;0.274454545454545;0.889367340178867;0.828592268417214;19;668;9.03892215568862;8.31664888549545;3;0.903485254691689;0.80060120240481;0.0437231090909091
90;Y ~ X1 + X2;0.2;1;1;1;1;0.286363636363636;0.887301587301587;0.824814814814815;31;710;8.87323943661972;8.05477290772686;7;0.889322916666667;0.799171842650104;0.109039363636364
91;Y ~ X1 + X2;0.2;1;1;1;1;0.242727272727273;0.881603596852754;0.84056399132321;7;633;8.42271293375394;7.85053341469102;3;0.88719512195122;0.826066350710901;0.111077645454546
92;Y ~ X1 + X2;0.2;1;1;1;1;0.256272727272727;0.884001418942888;0.839325018341893;12;654;8.62079510703364;7.61435893181774;1;0.878787878787879;0.825873093949828;0.100354636363636
93;Y ~ X1 + X2;0.2;1;1;1;1;0.241090909090909;0.873303167420814;0.835164835164835;87;672;7.89285714285714;7.26022549239529;8;0.876691729323308;0.821791767554479;0.104772536363636
94;Y ~ X1 + X2;0.2;1;1;1;1;0.259818181818182;0.87998600419874;0.824120603015075;86;686;8.33236151603499;8.41401483101417;9;0.867950481430536;0.808644973288004;0.151238518181818
95;Y ~ X1 + X2;0.2;1;1;1;1;0.274909090909091;0.886243386243386;0.843037974683544;14;688;8.7906976744186;8.07091929629714;3;0.894472361809045;0.822244794311833;-0.219869972727273
96;Y ~ X1 + X2;0.2;1;1;1;1;0.256181818181818;0.888888888888889;0.837183718371837;7;627;8.97452229299363;8.23648009793351;1;0.891737891737892;0.818271604938272;-0.0536537636363636
97;Y ~ X1 + X2;0.2;1;1;1;1;0.260636363636364;0.888385071503314;0.841316270566728;7;640;8.959375;8.09939660181421;2;0.873913043478261;0.830317848410758;-0.142236145454545
98;Y ~ X1 + X2;0.2;1;1;1;1;0.260909090909091;0.874912891986063;0.829188002926116;19;718;7.99442896935933;7.90268833014464;7;0.867403314917127;0.815422885572139;0.0745454545454545
99;Y ~ X1 + X2;0.2;1;1;1;1;0.220636363636364;0.803049031726411;0.735250737463127;9;956;5.07740585774059;4.76582346926271;3;0.777003484320557;0.724041159962582;0.174667172727273
100;Y ~ X1 + X2;0.2;1;1;1;1;0.258727272727273;0.89353478566409;0.843085106382979;14;606;9.39273927392739;9.01291641695859;2;0.90279823269514;0.822324628776242;-0.0385425909090909
1;Y ~ X1 + X2;0.2;300;1;1;1;0.295272727272727;0.902679396365876;0.853969710876549;959;633;10.2460567823344;34.5175981337175;55;0.903024633613969;0.833506763787721;0.223454027272727
2;Y ~ X1 + X2;0.2;300;1;1;1;0.276363636363636;0.879236590983876;0.859346309217775;2926;735;8.26086956521739;22.8253024501176;174;0.879973474801061;0.851447435246318;-0.0990450454545455
3;Y ~ X1 + X2;0.2;300;1;1;1;0.266272727272727;0.907476954592011;0.85470242468773;2653;542;10.8081180811808;35.977051437673;262;0.907401032702237;0.835525491669798;0.0901997090909091
4;Y ~ X1 + X2;0.2;300;1;1;1;0.339727272727273;0.879817987152034;0.819759434395372;1438;899;8.30444444444444;23.1059962479064;298;0.880108254397835;0.788771539744302;-0.0610244636363637
5;Y ~ X1 + X2;0.2;300;1;1;1;0.351727272727273;0.866115275264926;0.833119030124908;1;1036;7.46911196911197;17.6783536889567;1;0.866579634464752;0.814961745536979;-0.1167857
6;Y ~ X1 + X2;0.2;300;1;1;1;0.222727272727273;0.861632653061224;0.832124827902708;617;678;7.22713864306785;19.3813726167758;85;0.86161449752883;0.823668359513405;0.221169190909091
7;Y ~ X1 + X2;0.2;300;1;1;1;0.113454545454545;0.867788461538462;0.801781123760558;3832;330;7.56363636363636;12.9201539054352;893;0.867909238249595;0.793331952785256;0.186431190909091
8;Y ~ X1 + X2;0.2;300;1;1;1;0.114818181818182;0.813935075217736;0.811811168258633;168;470;5.37446808510638;4.90118022089963;2;0.814342629482072;0.811481366137237;-0.0442417909090909
9;Y ~ X1 + X2;0.2;300;1;1;1;0.0545454545454545;0.873333333333333;0.868445177851118;6312;152;7.89473684210526;14.2244661972424;700;0.87248322147651;0.868211792086889;-0.0331109545454545
10;Y ~ X1 + X2;0.2;300;1;1;1;0.0889090909090909;0.913087934560327;0.854480352552332;1602;170;11.5058823529412;32.450557090167;227;0.91340206185567;0.848720016125781;0.114622636363636
11;Y ~ X1 + X2;0.2;300;1;1;1;0.0278181818181818;0.829508196721311;0.878140473134055;10633;105;5.77358490566038;5.42657814491275;1240;0.825503355704698;0.879619155354449;-0.223052109090909
12;Y ~ X1 + X2;0.2;300;1;1;1;0.365909090909091;0.923229813664596;0.847616423257096;1191;618;13.0258899676375;49.0743470188399;280;0.922903063787042;0.804199855177408;0.226253209090909
13;Y ~ X1 + X2;0.2;300;1;1;1;0.564363636363636;0.896907216494845;0.843531789783168;1;1280;9.7;26.0896612192495;1;0.896838331160365;0.774641954507161;-0.0927406818181818
14;Y ~ X1 + X2;0.2;300;1;1;1;0.130272727272727;0.881367759944173;0.876010286554004;791;340;8.42941176470588;19.0529708412306;146;0.88169014084507;0.875158428390368;0.0616604272727273
15;Y ~ X1 + X2;0.2;300;1;1;1;0.221272727272727;0.861544782251438;0.849546163014578;165;674;7.22255192878338;9.14569710908549;2;0.860717264386989;0.846397931601833;0.199251645454546
16;Y ~ X1 + X2;0.2;300;1;1;1;0.196;0.885899814471243;0.832980583417687;1;492;8.76422764227642;16.4414018473837;1;0.885969028625059;0.820054945054945;-0.157166136363636
17;Y ~ X1 + X2;0.2;300;1;1;1;0.250090909090909;0.904727272727273;0.862914332935451;1741;525;10.4600760456274;31.1768735731427;289;0.904727006229388;0.848934084783141;0.132120763636364
18;Y ~ X1 + X2;0.2;300;1;1;1;0.347454545454545;0.868131868131868;0.817581813181776;24;1008;7.56831683168317;11.7512151574719;2;0.867177185106945;0.791210334175793;-0.0406521636363636
19;Y ~ X1 + X2;0.2;300;1;1;1;0.284818181818182;0.876157037982764;0.824611422790398;440;776;8.07474226804124;16.7744447317172;123;0.876131953428202;0.804138285567408;0.140228454545455
20;Y ~ X1 + X2;0.2;300;1;1;1;0.117454545454545;0.885448916408669;0.860475796821898;117;296;8.72972972972973;20.7267924787476;26;0.885424785658613;0.857142857142857;0.0563070181818182
21;Y ~ X1 + X2;0.2;300;1;1;1;0.157090909090909;0.869137232194557;0.85045871559633;8980;453;7.61233480176211;9.81552983493551;1174;0.868621700879765;0.847090810222947;0.0671590363636364
22;Y ~ X1 + X2;0.2;300;1;1;1;0.440363636363636;0.885838150289017;0.805885057471264;708;1106;8.75949367088608;24.2269243510455;120;0.886041666666667;0.742551440329218;-0.0472307545454546
23;Y ~ X1 + X2;0.2;300;1;1;1;0.211727272727273;0.885787891799055;0.819449541284404;3254;532;8.75563909774436;18.8582714489649;483;0.885949696444059;0.801605771468466;-0.210630772727273
24;Y ~ X1 + X2;0.2;300;1;1;1;0.121363636363636;0.868263473053892;0.869035625973074;19;351;7.58522727272727;7.55880625152226;2;0.868222891566265;0.869148159733083;-0.0435532272727273
25;Y ~ X1 + X2;0.2;300;1;1;1;0.0230909090909091;0.830708661417323;0.81902488293086;6139;86;5.90697674418605;5.22272485662587;1135;0.830708661417323;0.818745886998214;0.0536095272727273
26;Y ~ X1 + X2;0.2;300;1;1;1;0.139363636363636;0.870841487279843;0.842187356638224;3013;396;7.74242424242424;19.5844991585485;446;0.869651086240948;0.83773987206823;0.0436905727272727
27;Y ~ X1 + X2;0.2;300;1;1;1;0.444727272727273;0.895543744889616;0.82139577594123;2276;1022;9.573385518591;34.4316030745084;311;0.895768833849329;0.761786600496278;0.160579045454545
28;Y ~ X1 + X2;0.2;300;1;1;1;0.104727272727273;0.875;0.822163055453544;697;288;8;20.4214339612811;199;0.874235807860262;0.816045962860367;-0.220692190909091
29;Y ~ X1 + X2;0.2;300;1;1;1;0.138181818181818;0.853947368421053;0.845843273995229;2902;444;6.84684684684685;13.8793757590391;507;0.855909694555113;0.844229131175468;0.0693799545454545
30;Y ~ X1 + X2;0.2;300;1;1;1;0.033;0.815426997245179;0.793119266055046;2;134;5.41791044776119;3.63547026565546;1;0.814917127071823;0.792370468779655;0.198368054545455
31;Y ~ X1 + X2;0.2;300;1;1;1;0.224;0.905032467532468;0.837860157827124;3145;468;10.5299145299145;49.5482723222659;458;0.905853458862055;0.818214074512123;0.204274872727273
32;Y ~ X1 + X2;0.2;300;1;1;1;0.151272727272727;0.918870192307692;0.847995596734245;708;270;12.3259259259259;41.2936028491476;159;0.920364741641337;0.835133967156439;0.186844818181818
33;Y ~ X1 + X2;0.2;300;1;1;1;0.227818181818182;0.864325618515563;0.851868858481036;1488;680;7.37058823529412;21.4747780907799;123;0.864058087938685;0.848275862068966;-0.0504255818181818
34;Y ~ X1 + X2;0.2;300;1;1;1;0.114818181818182;0.813935075217736;0.811811168258633;168;470;5.37446808510638;4.90118022089963;2;0.814342629482072;0.811481366137237;-0.0442417909090909
35;Y ~ X1 + X2;0.2;300;1;1;1;0.156363636363636;0.86046511627907;0.873796202879941;1325;480;7.16666666666667;15.1289206451889;177;0.859659424544921;0.876413043478261;-0.0545475545454545
36;Y ~ X1 + X2;0.2;300;1;1;1;0.150727272727273;0.881856540084388;0.837222120154327;2;391;8.5025641025641;21.9172234581194;2;0.881458966565349;0.829347473217184;-0.204754818181818
37;Y ~ X1 + X2;0.2;300;1;1;1;0.265;0.864104323953329;0.801798495136722;1861;793;7.34256926952141;12.9814757860655;368;0.864612188365651;0.779151061173533;0.0583749
38;Y ~ X1 + X2;0.2;300;1;1;1;0.231181818181818;0.888320880849391;0.794582185491276;1083;568;8.95422535211268;34.5287510112119;93;0.888623707239459;0.766356255969436;0.0938785727272728
39;Y ~ X1 + X2;0.2;300;1;1;1;0.611454545454545;0.897561700862325;0.858021292217327;1556;1378;9.76197387518142;32.6444678999405;107;0.897759735378139;0.795759717314488;0.109561990909091
40;Y ~ X1 + X2;0.2;300;1;1;1;0.228090909090909;0.852530888800319;0.810371730151446;400;740;6.78108108108108;14.0627000502548;51;0.85380587998389;0.79755111745126;-0.0920971909090909
41;Y ~ X1 + X2;0.2;300;1;1;1;0.132909090909091;0.880984952120383;0.837984211492565;290;348;8.40229885057471;15.1977027242654;15;0.881414701803051;0.831358442657639;0.0541631
42;Y ~ X1 + X2;0.2;300;1;1;1;0.247181818181818;0.867230599485105;0.844470999172718;518;722;7.53185595567867;12.8607805682096;95;0.867213726221559;0.837033422786045;-0.223857290909091
43;Y ~ X1 + X2;0.2;300;1;1;1;0.0311818181818182;0.860058309037901;0.865882785228734;6353;96;7.14583333333333;5.98931524993639;769;0.858823529411765;0.866110373601365;0.196596381818182
44;Y ~ X1 + X2;0.2;300;1;1;1;0.513181818181818;0.921332388377038;0.849321349963316;901;889;12.685393258427;56.6915145917192;151;0.92171581769437;0.773026935392729;0.0566942454545455
45;Y ~ X1 + X2;0.2;300;1;1;1;0.459090909090909;0.871855813032284;0.820999541494727;3944;1295;7.79320987654321;17.0536153402224;554;0.871753895325609;0.777928462451263;0.0985610181818182
46;Y ~ X1 + X2;0.2;300;1;1;1;0.540545454545455;0.892028254288597;0.840418694334772;291;1284;9.26168224299065;31.7710225556674;30;0.89263907734057;0.778778778778779;-0.1122387
47;Y ~ X1 + X2;0.2;300;1;1;1;0.33;0.917332598511987;0.83321087435709;526;601;12.0598006644518;42.8956456060535;52;0.917107093184979;0.791855203619909;-0.116106890909091
48;Y ~ X1 + X2;0.2;300;1;1;1;0.105090909090909;0.88840830449827;0.823340372784868;1202;258;8.96124031007752;26.0850181799747;162;0.888791593695271;0.815673402400246;-0.0621884636363637
49;Y ~ X1 + X2;0.2;300;1;1;1;0.393727272727273;0.930039251904872;0.855767467449111;174;606;14.2937293729373;61.8363803976388;18;0.930189119775858;0.807640042276914;0.0204233727272727
50;Y ~ X1 + X2;0.2;300;1;1;1;0.1;0.869090909090909;0.851409679493066;1963;288;7.63888888888889;17.4682974024778;287;0.868324125230203;0.849535856370499;-0.156444254545455
51;Y ~ X1 + X2;0.2;300;1;1;1;0.339454545454545;0.862346009641136;0.818999541073887;263;1028;7.26459143968872;15.6267386908931;33;0.861966504592112;0.796885861253997;-0.0921376636363637
52;Y ~ X1 + X2;0.2;300;1;1;1;0.244272727272727;0.869371045775958;0.826638477801269;2095;702;7.65527065527066;17.3608169450048;274;0.869271224643125;0.812827065839114;-0.154545236363636
53;Y ~ X1 + X2;0.2;300;1;1;1;0.501363636363636;0.89193109700816;0.822093770070649;435;1192;9.25335570469799;23.8960192630379;40;0.891471449487555;0.752345906163753;0.0697076090909091
54;Y ~ X1 + X2;0.2;300;1;1;1;0.102272727272727;0.841030195381883;0.834205933682374;2;357;6.32022471910112;6.05284972386763;2;0.841441441441441;0.833384473764959;0.0634162636363636
55;Y ~ X1 + X2;0.2;300;1;1;1;0.181363636363636;0.886215538847118;0.827598862280943;4533;454;8.78854625550661;37.7796270788048;558;0.886146095717884;0.814561364146287;0.1796218
56;Y ~ X1 + X2;0.2;300;1;1;1;0.543727272727273;0.883129911386056;0.813188831741367;7;1398;8.54428571428571;22.5957706533855;2;0.883119079837618;0.730104501607717;0.0875245090909091
57;Y ~ X1 + X2;0.2;300;1;1;1;0.259545454545455;0.869001751313485;0.81016731016731;3165;748;7.63368983957219;12.2801105028629;460;0.868178596739901;0.789846077457795;0.128853518181818
58;Y ~ X1 + X2;0.2;300;1;1;1;0.0943636363636364;0.830443159922929;0.8276020174232;6920;352;5.89772727272727;7.05980942312957;932;0.829268292682927;0.827429149797571;-0.0679645909090909
59;Y ~ X1 + X2;0.2;300;1;1;1;0.246727272727273;0.894581643936602;0.847164782648654;657;573;9.45644599303136;24.1777512572269;97;0.89365671641791;0.83197171076698;0.0633261727272727
60;Y ~ X1 + X2;0.2;300;1;1;1;0.0131818181818182;0.786206896551724;0.85072024956418;314;62;4.67741935483871;3.43886703023145;77;0.784722222222222;0.851603905160391;0.0439232909090909
61;Y ~ X1 + X2;0.2;300;1;1;1;0.0856363636363636;0.873673036093418;0.866887295458724;245;238;7.91596638655462;11.9466184364722;92;0.87378640776699;0.866244598532811;0.0560887
62;Y ~ X1 + X2;0.2;300;1;1;1;0.191181818181818;0.856803044719315;0.851372441017167;936;603;6.9635761589404;9.45185375088229;51;0.85789726356217;0.849829738933031;0.224089854545455
63;Y ~ X1 + X2;0.2;300;1;1;1;0.35;0.87711093790595;0.852871032838011;2198;947;8.12236286919831;25.9019497316684;223;0.87719298245614;0.839757165043061;0.2257524
64;Y ~ X1 + X2;0.2;300;1;1;1;0.192727272727273;0.907547169811321;0.828109201213347;1682;392;10.8163265306122;37.5134429070982;399;0.907010014306152;0.809268959234798;-0.0377040363636364
65;Y ~ X1 + X2;0.2;300;1;1;1;0.163181818181818;0.895879732739421;0.860255585179737;11;373;9.59893048128342;24.524392047543;2;0.895622895622896;0.853326003298516;0.1406833
66;Y ~ X1 + X2;0.2;300;1;1;1;0.331363636363636;0.884193194291987;0.80719794344473;2;845;8.61702127659574;15.3007726353568;1;0.883231876037631;0.769442154438032;-0.0524440818181818
67;Y ~ X1 + X2;0.2;300;1;1;1;0.351727272727273;0.866115275264926;0.833119030124908;1;1036;7.46911196911197;17.6783536889567;1;0.866579634464752;0.814961745536979;-0.1167857
68;Y ~ X1 + X2;0.2;300;1;1;1;0.289;0.884869455803712;0.83001559489955;915;732;8.68579234972678;22.8088462843371;191;0.88496981251986;0.807712148568481;-0.142680090909091
69;Y ~ X1 + X2;0.2;300;1;1;1;0.333727272727273;0.860490463215259;0.831468916192921;210;1025;7.15594541910331;11.8927108359812;64;0.859740975475338;0.817369795245293;0.207482190909091
70;Y ~ X1 + X2;0.2;300;1;1;1;0.0691818181818182;0.852825229960578;0.836781609195402;3734;224;6.79464285714286;10.2791123752322;767;0.851063829787234;0.835720636175047;-0.1498201
71;Y ~ X1 + X2;0.2;300;1;1;1;0.438181818181818;0.901016808466487;0.827189999080798;621;955;10.0836820083682;34.6538635259322;204;0.90119572057898;0.769469895287958;0.157336218181818
72;Y ~ X1 + X2;0.2;300;1;1;1;0.136909090909091;0.899800928998009;0.849068721901092;3;301;9.97350993377484;21.676699324349;2;0.898785425101215;0.841244557714771;0.131645754545455
73;Y ~ X1 + X2;0.2;300;1;1;1;0.409909090909091;0.875554569653949;0.820917431192661;1;1123;8.02313167259786;14.610126349819;1;0.874944071588367;0.783359253499222;0.185396581818182
74;Y ~ X1 + X2;0.2;300;1;1;1;0.221727272727273;0.86879868798688;0.84335690019282;1488;640;7.621875;15.0515568378993;69;0.869511184755592;0.835908930046007;-0.0613491363636364
75;Y ~ X1 + X2;0.2;300;1;1;1;0.364818181818182;0.882880637926738;0.853965628159177;314;940;8.53829787234043;17.2519774607919;1;0.882871536523929;0.837360729272175;0.0476564909090909
76;Y ~ X1 + X2;0.2;300;1;1;1;0.349454545454545;0.87639864689045;0.805417814508724;188;951;8.07563025210084;23.8841624385579;37;0.875360797690895;0.767763808447521;0.0987301545454545
77;Y ~ X1 + X2;0.2;300;1;1;1;0.195272727272727;0.926942764076315;0.844623705197543;253;313;13.6815286624204;39.1293119548308;2;0.928067700987306;0.824413573217946;-0.212760954545455
78;Y ~ X1 + X2;0.2;300;1;1;1;0.242909090909091;0.879491017964072;0.848579571573044;3657;644;8.29813664596273;19.0064244657412;416;0.878547105561862;0.838960408064124;-0.101841290909091
79;Y ~ X1 + X2;0.2;300;1;1;1;0.175181818181818;0.881162428645563;0.83506386106772;3679;458;8.41484716157205;30.2164406799823;405;0.880503144654088;0.825403899721448;0.0541460909090909
80;Y ~ X1 + X2;0.2;300;1;1;1;0.154181818181818;0.86497641509434;0.817539026629936;1;458;7.4061135371179;12.4930211116377;1;0.864558472553699;0.808986325157369;-0.0752505909090909
81;Y ~ X1 + X2;0.2;300;1;1;1;0.123454545454545;0.886514369933677;0.838265024811615;464;309;8.76129032258065;21.1700241001794;96;0.885501858736059;0.831603229527105;0.0674258545454545
82;Y ~ X1 + X2;0.2;300;1;1;1;0.0353636363636364;0.848329048843188;0.879258103020843;775;118;6.59322033898305;6.78517309531395;113;0.846753246753247;0.880449267085475;0.118990018181818
83;Y ~ X1 + X2;0.2;300;1;1;1;0.578;0.904844290657439;0.813119266055046;678;1210;10.5090909090909;43.3332840889515;141;0.905086357154175;0.686641969928089;0.0484534090909091
84;Y ~ X1 + X2;0.2;300;1;1;1;0.351636363636364;0.91336953710887;0.835155747496095;2239;671;11.5119047619048;38.7026919647235;236;0.913702928870293;0.792605184870378;-0.171761318181818
85;Y ~ X1 + X2;0.2;300;1;1;1;0.360181818181818;0.915972747918244;0.867070040337367;9;665;11.8978978978979;55.3895440670295;2;0.915902140672783;0.839633447880871;-0.182621663636364
86;Y ~ X1 + X2;0.2;300;1;1;1;0.281454545454545;0.890503875968992;0.816137323297228;565;678;9.13274336283186;27.0577415968428;103;0.890192245030955;0.787092651757188;-0.00724615454545455
87;Y ~ X1 + X2;0.2;300;1;1;1;0.192818181818182;0.893396226415094;0.82875516766192;3576;453;9.34361233480176;20.707315435783;515;0.893301435406699;0.813416714042069;-0.165692318181818
88;Y ~ X1 + X2;0.2;300;1;1;1;0.33;0.885431010740843;0.796378010663725;6;831;8.72596153846154;16.0537320373248;2;0.886312849162011;0.752260893395451;0.0465466545454545
89;Y ~ X1 + X2;0.2;300;1;1;1;0.236454545454545;0.888461538461538;0.833302735450707;596;581;8.93814432989691;39.1215121436619;47;0.88845855925639;0.816169393647738;0.0438452363636364
90;Y ~ X1 + X2;0.2;300;1;1;1;0.639818181818182;0.893151463483944;0.797999265785609;950;1504;9.35904255319149;30.4903350365324;163;0.893159328839811;0.62885546775427;0.108828045454545
91;Y ~ X1 + X2;0.2;300;1;1;1;0.0463636363636364;0.849019607843137;0.802352292566388;4177;154;6.62337662337662;12.1004990773967;797;0.847524752475248;0.800154172287531;0.1112616
92;Y ~ X1 + X2;0.2;300;1;1;1;0.420545454545455;0.912432432432432;0.851739649316075;358;811;11.3940886699507;35.7233867379847;65;0.912986445124617;0.807406235163792;0.100290409090909
93;Y ~ X1 + X2;0.2;300;1;1;1;0.172272727272727;0.860158311345646;0.815151515151515;111;530;7.15094339622642;12.6598808973033;26;0.859042553191489;0.805993340732519;0.104707872727273
94;Y ~ X1 + X2;0.2;300;1;1;1;0.277272727272727;0.884262295081967;0.839243064486496;354;706;8.64022662889519;18.5298675348094;101;0.884704327717212;0.821733044916656;0.152040263636364
95;Y ~ X1 + X2;0.2;300;1;1;1;0.113272727272727;0.863563402889246;0.853651814423519;4644;340;7.32941176470588;9.71899650905669;660;0.863489499192246;0.852389343837462;-0.220244763636364
96;Y ~ X1 + X2;0.2;300;1;1;1;0.212090909090909;0.90098585512216;0.854065450545421;1;462;10.0995670995671;35.7063330125496;1;0.901731601731602;0.841260611699035;-0.0540137
97;Y ~ X1 + X2;0.2;300;1;1;1;0.321909090909091;0.908474576271186;0.842781141075032;4509;649;10.8953846153846;38.2609801506609;578;0.908052541404911;0.811891891891892;-0.142225636363636
98;Y ~ X1 + X2;0.2;300;1;1;1;0.342363636363636;0.899097185342538;0.840610350216012;1356;760;9.91052631578947;32.3084963908295;102;0.89898177920686;0.810130124527774;0.0745987181818182
99;Y ~ X1 + X2;0.2;300;1;1;1;0.320636363636364;0.791607598525659;0.76090349830135;1647;1470;4.79863945578231;6.99145046594676;473;0.791726515369147;0.74642375168691;0.174149454545455
100;Y ~ X1 + X2;0.2;300;1;1;1;0.132272727272727;0.881786941580756;0.853654058024238;1294;344;8.4593023255814;20.6888272693116;264;0.882638888888889;0.849238256453661;-0.0383520454545455
1;Y ~ X1 + X2;0.2;1;300;1;1;0.313181818181818;0.926538908246225;0.8;3;507;13.5629921259843;12.9065495102606;1;0.727272727272727;0.833333333333333;0.223557045454545
2;Y ~ X1 + X2;0.2;1;300;1;1;0.295272727272727;0.908866995073892;0.91304347826087;245;592;10.972972972973;10.5438203901435;38;1;0.885714285714286;-0.0988058
3;Y ~ X1 + X2;0.2;1;300;1;1;0.509;0.920521521700304;0.923076923076923;1023;890;12.5820224719101;11.3276604953005;126;0.941176470588235;0.909090909090909;0.090045590909091
4;Y ~ X1 + X2;0.2;1;300;1;1;0.0648181818181818;0.918653576437588;0.933333333333333;6129;116;12.2931034482759;15.7925239038055;777;NA;0.933333333333333;-0.0614355363636364
5;Y ~ X1 + X2;0.2;1;300;1;1;0.112727272727273;0.905645161290323;0.857142857142857;3631;234;10.5982905982906;10.0807599510497;446;1;0.838709677419355;-0.116944845454545
6;Y ~ X1 + X2;0.2;1;300;1;1;0.495090909090909;0.916819684171869;0.909090909090909;1;906;12.0220750551876;11.6914403347299;1;0.875;0.941176470588235;0.222177727272727
7;Y ~ X1 + X2;0.2;1;300;1;1;0.455363636363636;0.918130990415335;0.930232558139535;7;821;12.1873479318735;11.423614204181;1;0.833333333333333;1;0.186112281818182
8;Y ~ X1 + X2;0.2;1;300;1;1;0.120727272727273;0.92394578313253;0.96551724137931;1;202;13.1485148514851;14.0181212283343;1;1;0.96;-0.0446919727272727
9;Y ~ X1 + X2;0.2;1;300;1;1;0.238090909090909;0.918289423444063;0.935483870967742;1;428;12.2383177570093;10.7548102120251;1;0.833333333333333;0.96;-0.0324221636363636
10;Y ~ X1 + X2;0.2;1;300;1;1;0.402272727272727;0.915254237288136;0.8;22;750;11.8;11.2340201422354;6;0.944444444444444;0.647058823529412;0.1146762
11;Y ~ X1 + X2;0.2;1;300;1;1;0.230181818181818;0.913077834847886;0.810810810810811;2687;441;11.4570135746606;11.1727838211187;334;0.833333333333333;0.806451612903226;-0.223256545454545
12;Y ~ X1 + X2;0.2;1;300;1;1;0.417727272727273;0.916412712233348;0.861111111111111;1331;769;11.9350649350649;10.9631694758728;180;0.894736842105263;0.823529411764706;0.2262227
13;Y ~ X1 + X2;0.2;1;300;1;1;0.197909090909091;0.915441176470588;0.888888888888889;551;369;11.7675675675676;10.1325469472425;57;1;0.868421052631579;-0.0927209454545454
14;Y ~ X1 + X2;0.2;1;300;1;1;0.171545454545455;0.913619501854796;0.785714285714286;2968;326;11.5766871165644;9.57807147366243;386;0.857142857142857;0.771428571428571;0.0613227636363636
15;Y ~ X1 + X2;0.2;1;300;1;1;0.536272727272727;0.916765553483641;0.857142857142857;2;982;12.0142566191446;11.635878732826;1;1;0.714285714285714;0.199987790909091
16;Y ~ X1 + X2;0.2;1;300;1;1;0.275;0.92;0.853658536585366;2723;484;12.5;12.7319150072186;351;0.857142857142857;0.851851851851852;-0.157103163636364
17;Y ~ X1 + X2;0.2;1;300;1;1;0.346363636363636;0.920451562089787;0.794117647058823;2052;607;12.5328947368421;12.7123119361177;253;0.666666666666667;0.84;0.132414363636364
18;Y ~ X1 + X2;0.2;1;300;1;1;0.387454545454545;0.91156462585034;0.9375;32;753;11.3050397877984;11.2294635754591;2;0.909090909090909;0.952380952380952;-0.0401164818181818
19;Y ~ X1 + X2;0.2;1;300;1;1;0.382454545454545;0.916092227240314;0.941176470588235;1557;706;11.9178470254958;10.9540125436334;181;1;0.904761904761905;0.140183754545455
20;Y ~ X1 + X2;0.2;1;300;1;1;0.384272727272727;0.918618405488526;0.941176470588235;149;688;12.2877906976744;13.3174416773906;15;1;0.916666666666667;0.0563570818181818
21;Y ~ X1 + X2;0.2;1;300;1;1;0.152090909090909;0.915122534369396;0.78125;481;284;11.7816901408451;12.6149276636865;54;1;0.766666666666667;0.0671952181818182
22;Y ~ X1 + X2;0.2;1;300;1;1;0.393818181818182;0.91433848995613;0.86046511627907;5;743;11.6451612903226;10.5566321931914;2;0.944444444444444;0.8;-0.0470874363636364
23;Y ~ X1 + X2;0.2;1;300;1;1;0.236727272727273;0.921658986175115;0.869565217391304;5557;408;12.7647058823529;13.5557062462363;689;1;0.842105263157895;-0.210906518181818
24;Y ~ X1 + X2;0.2;1;300;1;1;0.388454545454545;0.922087037903603;0.894736842105263;26;665;12.8318318318318;11.6172107707537;2;0.857142857142857;0.916666666666667;-0.0439309363636364
25;Y ~ X1 + X2;0.2;1;300;1;1;0.166727272727273;0.917121046892039;0.82051282051282;8;304;12.0657894736842;10.7977622483216;3;1;0.787878787878788;0.0533656727272727
26;Y ~ X1 + X2;0.2;1;300;1;1;0.4;0.916799272561946;0.906976744186046;3047;733;11.9891008174387;11.6909142718466;387;0.952380952380952;0.863636363636364;0.0429233
27;Y ~ X1 + X2;0.2;1;300;1;1;0.367363636363636;0.916584158415842;0.970588235294118;2276;675;11.9556213017751;10.8508001755462;285;1;0.947368421052632;0.160593736363636
28;Y ~ X1 + X2;0.2;1;300;1;1;0.304454545454545;0.924156464616303;0.942857142857143;1462;508;13.1850393700787;12.7326264099316;169;0.9;0.96;-0.220689390909091
29;Y ~ X1 + X2;0.2;1;300;1;1;0.429;0.914794404408648;0.975609756097561;2;805;11.7096774193548;10.9272847899539;2;1;0.966666666666667;0.069312109090909
30;Y ~ X1 + X2;0.2;1;300;1;1;0.269090909090909;0.92027027027027;0.823529411764706;2;472;12.5423728813559;11.3446165452271;1;0.909090909090909;0.782608695652174;0.198400154545455
31;Y ~ X1 + X2;0.2;1;300;1;1;0.671363636363636;0.919691224268689;0.821428571428571;404;1187;12.4326599326599;12.2193144872558;54;0.894736842105263;0.666666666666667;0.204315609090909
32;Y ~ X1 + X2;0.2;1;300;1;1;0.365181818181818;0.921085387104805;0.888888888888889;6;634;12.6719242902208;12.7045143135665;1;0.882352941176471;0.894736842105263;0.187124136363636
33;Y ~ X1 + X2;0.2;1;300;1;1;0.461818181818182;0.921062992125984;0.954545454545455;1900;802;12.6683291770574;11.5499878550313;223;0.96;0.947368421052632;-0.0500385454545454
34;Y ~ X1 + X2;0.2;1;300;1;1;0.120727272727273;0.92394578313253;0.96551724137931;1;202;13.1485148514851;14.0181212283343;1;1;0.96;-0.0446919727272727
35;Y ~ X1 + X2;0.2;1;300;1;1;0.270818181818182;0.908663532572196;0.935483870967742;895;545;10.9120879120879;11.3321980938961;135;1;0.92;-0.0545548363636363
36;Y ~ X1 + X2;0.2;1;300;1;1;0.450090909090909;0.91781098546042;0.8;20;813;12.1646191646192;11.0551651343483;2;0.875;0.714285714285714;-0.204991890909091
37;Y ~ X1 + X2;0.2;1;300;1;1;0.284181818181818;0.915547024952015;0.934782608695652;3;528;11.8409090909091;11.4770921089305;2;1;0.914285714285714;0.0583094181818182
38;Y ~ X1 + X2;0.2;1;300;1;1;0.229272727272727;0.916336241078509;0.96078431372549;3244;422;11.9526066350711;11.3220236425992;377;1;0.941176470588235;0.0937228454545455
39;Y ~ X1 + X2;0.2;1;300;1;1;0.164909090909091;0.910694597574421;0.766666666666667;3174;324;11.1975308641975;9.90754747508641;433;0.714285714285714;0.782608695652174;0.109867045454545
40;Y ~ X1 + X2;0.2;1;300;1;1;0.269363636363636;0.914276071549106;0.877551020408163;2;508;11.6653543307087;11.0558329923433;1;0.863636363636364;0.888888888888889;-0.0917871272727273
41;Y ~ X1 + X2;0.2;1;300;1;1;0.240454545454545;0.919092627599244;0.818181818181818;4;428;12.3598130841121;11.2001203867866;1;1;0.75;0.0541058818181818
42;Y ~ X1 + X2;0.2;1;300;1;1;0.339363636363636;0.917492633270828;0.88;2;616;12.1201298701299;10.889518493138;1;0.9;0.866666666666667;-0.223775581818182
43;Y ~ X1 + X2;0.2;1;300;1;1;0.159090909090909;0.912571428571429;0.823529411764706;131;306;11.437908496732;10.7414776900227;18;1;0.769230769230769;0.196861590909091
44;Y ~ X1 + X2;0.2;1;300;1;1;0.519909090909091;0.921126267925848;0.931034482758621;4;903;12.6526548672566;11.7626628294145;2;0.9375;0.923076923076923;0.0532192
45;Y ~ X1 + X2;0.2;1;300;1;1;0.301090909090909;0.914553140096618;0.967741935483871;1959;566;11.7031802120141;12.6643895589181;224;1;0.944444444444444;0.0987288545454545
46;Y ~ X1 + X2;0.2;1;300;1;1;0.398727272727273;0.924076607387141;0.923076923076923;959;666;13.1711711711712;12.3302013442803;125;0.909090909090909;0.941176470588235;-0.112183409090909
47;Y ~ X1 + X2;0.2;1;300;1;1;0.386909090909091;0.917743830787309;0.975609756097561;6;701;12.1253561253561;11.1939376871698;2;1;0.956521739130435;-0.116046990909091
48;Y ~ X1 + X2;0.2;1;300;1;1;0.305545454545455;0.918476643855995;0.911764705882353;4;548;12.2664233576642;11.8802867306222;2;0.9;0.916666666666667;-0.0620520636363637
49;Y ~ X1 + X2;0.2;1;300;1;1;0.302;0.913606261288381;0.972972972972973;2;574;11.5749128919861;11.0833049293395;2;1;0.95;0.0205312727272727
50;Y ~ X1 + X2;0.2;1;300;1;1;0.323727272727273;0.913788261724235;0.925;2;614;11.599348534202;10.8993793475794;1;1;0.9;-0.156511018181818
51;Y ~ X1 + X2;0.2;1;300;1;1;0.475090909090909;0.914274779946422;0.911764705882353;1;896;11.6651785714286;10.7032137582837;1;0.9375;0.888888888888889;-0.0920294454545455
52;Y ~ X1 + X2;0.2;1;300;1;1;0.488454545454545;0.917907669396873;0.926829268292683;22;883;12.1561085972851;11.0691731964716;1;1;0.88;-0.154781581818182
53;Y ~ X1 + X2;0.2;1;300;1;1;0.0507272727272727;0.935483870967742;0.827586206896552;7;72;15.5;15.5076018225164;1;1;0.814814814814815;0.0701659454545454
54;Y ~ X1 + X2;0.2;1;300;1;1;0.389181818181818;0.914739546834852;0.857142857142857;14;730;11.6967213114754;11.6686368146053;2;0.916666666666667;0.826086956521739;0.0631480181818181
55;Y ~ X1 + X2;0.2;1;300;1;1;0.297090909090909;0.921052631578947;0.909090909090909;2;516;12.6666666666667;14.3675127120347;1;0.888888888888889;0.916666666666667;0.179178090909091
56;Y ~ X1 + X2;0.2;1;300;1;1;0.452181818181818;0.911959798994975;0.933333333333333;19;875;11.3561643835616;10.9953639446348;2;1;0.904761904761905;0.0873666
57;Y ~ X1 + X2;0.2;1;300;1;1;0.316363636363636;0.921264367816092;0.86;279;548;12.7007299270073;12.1090073116385;40;0.888888888888889;0.84375;0.128784736363636
58;Y ~ X1 + X2;0.2;1;300;1;1;0.383090909090909;0.914333175130517;0.866666666666667;1;722;11.6731301939058;11.3359591765517;1;0.846153846153846;0.882352941176471;-0.0680976272727273
59;Y ~ X1 + X2;0.2;1;300;1;1;0.277545454545455;0.917785784474288;0.911764705882353;3;502;12.1633466135458;13.181244673982;1;0.888888888888889;0.92;0.0631503454545454
60;Y ~ X1 + X2;0.2;1;300;1;1;0.339909090909091;0.920566996523135;0.861111111111111;2;594;12.5892255892256;12.3082434365289;1;0.875;0.857142857142857;0.0444748545454546
61;Y ~ X1 + X2;0.2;1;300;1;1;0.174454545454545;0.918186555497655;0.837837837837838;1589;314;12.2229299363057;11.2047372800209;192;1;0.785714285714286;0.0563866545454545
62;Y ~ X1 + X2;0.2;1;300;1;1;0.382;0.916686503213521;0.821428571428571;2;701;11.97150997151;10.250535191563;2;0.818181818181818;0.823529411764706;0.224659163636364
63;Y ~ X1 + X2;0.2;1;300;1;1;0.409272727272727;0.929586850288761;0.918918918918919;7;634;14.2018927444795;12.1310198242275;2;0.928571428571429;0.91304347826087;0.225687163636364
64;Y ~ X1 + X2;0.2;1;300;1;1;0.536090909090909;0.917924368322876;0.787878787878788;1;968;12.1838842975207;11.2491669162461;1;0.84;0.625;-0.0378122
65;Y ~ X1 + X2;0.2;1;300;1;1;0.134;0.908474576271186;0.970588235294118;9;269;10.9185185185185;8.89243503062622;2;1;0.966666666666667;0.140505918181818
66;Y ~ X1 + X2;0.2;1;300;1;1;0.458454545454545;0.918302597660123;0.918918918918919;12;824;12.2402912621359;12.0694675371488;1;0.894736842105263;0.944444444444444;-0.0524840818181818
67;Y ~ X1 + X2;0.2;1;300;1;1;0.112727272727273;0.905645161290323;0.857142857142857;3631;234;10.5982905982906;10.0807599510497;446;1;0.838709677419355;-0.116944845454545
68;Y ~ X1 + X2;0.2;1;300;1;1;0.408636363636364;0.922135706340378;0.90625;2;700;12.8428571428571;11.1946002567265;2;0.947368421052632;0.846153846153846;-0.142773172727273
69;Y ~ X1 + X2;0.2;1;300;1;1;0.432727272727273;0.914705882352941;0.8;209;812;11.7241379310345;10.7226659031146;24;0.888888888888889;0.761904761904762;0.207489172727273
70;Y ~ X1 + X2;0.2;1;300;1;1;0.538909090909091;0.914473684210526;0.884615384615385;173;1014;11.6923076923077;11.219336780156;24;0.833333333333333;0.928571428571429;-0.149926509090909
71;Y ~ X1 + X2;0.2;1;300;1;1;0.458545454545455;0.916931007137193;0.842105263157895;3;838;12.0381861575179;11.4197207313702;1;0.823529411764706;0.857142857142857;0.1578217
72;Y ~ X1 + X2;0.2;1;300;1;1;0.562454545454545;0.918875242404654;0.918918918918919;15;1003;12.3247011952191;11.1181348061275;2;0.904761904761905;0.9375;0.131494418181818
73;Y ~ X1 + X2;0.2;1;300;1;1;0.715545454545455;0.911689961880559;0.814814814814815;3;1391;11.308908045977;10.0080963462082;1;0.882352941176471;0.7;0.185231336363636
74;Y ~ X1 + X2;0.2;1;300;1;1;0.405636363636364;0.919542805916629;0.916666666666667;403;718;12.4289693593315;11.7827089863799;52;0.933333333333333;0.904761904761905;-0.0618406909090909
75;Y ~ X1 + X2;0.2;1;300;1;1;0.528090909090909;0.914443105525908;0.939393939393939;1;994;11.6881287726358;11.1080343597876;1;0.923076923076923;0.95;0.0429233
76;Y ~ X1 + X2;0.2;1;300;1;1;0.561636363636364;0.915506636451926;0.870967741935484;479;1044;11.8352490421456;11.5261391506024;52;0.9375;0.8;0.0985853545454545
77;Y ~ X1 + X2;0.2;1;300;1;1;0.274636363636364;0.917273328921244;0.853658536585366;11;499;12.084;11.2555628370649;2;1;0.8;-0.212688090909091
78;Y ~ X1 + X2;0.2;1;300;1;1;0.339818181818182;0.920545746388443;0.906976744186046;2;594;12.5858585858586;13.0562789862357;1;1;0.846153846153846;-0.101707445454545
79;Y ~ X1 + X2;0.2;1;300;1;1;0.302272727272727;0.91187969924812;0.864864864864865;7;586;11.3481228668942;10.5467795947611;1;1;0.833333333333333;0.0541849545454546
80;Y ~ X1 + X2;0.2;1;300;1;1;0.322636363636364;0.914881623449831;0.880952380952381;1;605;11.7128712871287;13.1032602739884;1;1;0.827586206896552;-0.0752485090909091
81;Y ~ X1 + X2;0.2;1;300;1;1;0.516363636363636;0.916901408450704;0.918918918918919;539;944;12.0338983050847;12.3253366191435;62;0.823529411764706;1;0.0670226181818182
82;Y ~ X1 + X2;0.2;1;300;1;1;0.167818181818182;0.917615176151761;0.895833333333333;1;305;12.0653594771242;11.3535718948374;1;0.833333333333333;0.904761904761905;0.119003290909091
83;Y ~ X1 + X2;0.2;1;300;1;1;0.250909090909091;0.922073214932947;0.945945945945946;1;431;12.7777777777778;11.4040656424932;1;0.818181818181818;1;0.0482965
84;Y ~ X1 + X2;0.2;1;300;1;1;0.393818181818182;0.921496190256292;0.90625;3;681;12.7038123167155;12.2890535992269;2;0.923076923076923;0.894736842105263;-0.171840418181818
85;Y ~ X1 + X2;0.2;1;300;1;1;0.187909090909091;0.911025145067698;0.909090909090909;2;367;11.2950819672131;9.5405627882961;2;1;0.896551724137931;-0.183190027272727
86;Y ~ X1 + X2;0.2;1;300;1;1;0.525090909090909;0.912207792207792;0.833333333333333;2;1015;11.3700787401575;10.715472526822;1;0.888888888888889;0.777777777777778;-0.0076769
87;Y ~ X1 + X2;0.2;1;300;1;1;0.00690909090909091;0.881578947368421;1;3466;18;8.44444444444444;3.16666666666667;398;1;1;-0.165893354545455
88;Y ~ X1 + X2;0.2;1;300;1;1;0.332909090909091;0.913162206444566;0.866666666666667;9;636;11.4796238244514;11.732288612392;2;0.916666666666667;0.833333333333333;0.0463964727272727
89;Y ~ X1 + X2;0.2;1;300;1;1;0.347727272727273;0.923660130718954;0.925;410;584;13.0993150684932;11.5556504770827;57;1;0.884615384615385;0.043742
90;Y ~ X1 + X2;0.2;1;300;1;1;0.134454545454545;0.918809201623816;0.888888888888889;755;241;12.2231404958678;13.6567978209302;83;1;0.875;0.1091809
91;Y ~ X1 + X2;0.2;1;300;1;1;0.493181818181818;0.91889400921659;0.8125;2;880;12.3295454545455;11.1266488280935;1;0.916666666666667;0.75;0.110998390909091
92;Y ~ X1 + X2;0.2;1;300;1;1;0.472818181818182;0.917900403768506;0.878048780487805;7;854;12.1803278688525;11.5186228834738;1;1;0.761904761904762;0.100611490909091
93;Y ~ X1 + X2;0.2;1;300;1;1;0.276636363636364;0.916173570019724;0.878787878787879;6787;511;11.88671875;11.3250918437604;803;0.916666666666667;0.857142857142857;0.104833945454545
94;Y ~ X1 + X2;0.2;1;300;1;1;0.639;0.917200170721297;0.966666666666667;32;1164;12.0773195876289;11.7031205378966;9;1;0.875;0.151150336363636
95;Y ~ X1 + X2;0.2;1;300;1;1;0.282363636363636;0.9243399871217;0.962962962962963;2162;470;13.2170212765957;13.2494044237851;281;1;0.95;-0.220380945454545
96;Y ~ X1 + X2;0.2;1;300;1;1;0.472363636363636;0.917613089509143;0.837837837837838;3;857;12.1118881118881;11.7147392353367;1;1;0.76;-0.0537632
97;Y ~ X1 + X2;0.2;1;300;1;1;0.322272727272727;0.920169252468265;0.918918918918919;782;566;12.5265017667845;12.3211389643386;90;1;0.884615384615385;-0.142531972727273
98;Y ~ X1 + X2;0.2;1;300;1;1;0.392818181818182;0.918287037037037;0.886363636363636;1444;707;12.2062146892655;10.9002620141188;182;0.863636363636364;0.909090909090909;0.0741682454545454
99;Y ~ X1 + X2;0.2;1;300;1;1;0.449909090909091;0.77591432612649;0.538461538461538;7;2218;4.46257889990983;3.67714389249166;3;0.8;0.375;0.174410645454545
100;Y ~ X1 + X2;0.2;1;300;1;1;0.243818181818182;0.929903057419836;0.918367346938776;496;376;14.2659574468085;13.719633873535;66;0.909090909090909;0.921052631578947;-0.0384335363636364
1;Y ~ X1 + X2;0.2;1;1;300;1;0.00272727272727273;0.866666666666667;1;5374;8;7.5;7.54983443527075;24;NA;1;0.223493063636364
2;Y ~ X1 + X2;0.2;1;1;300;1;0.000727272727272727;0.875;1;6980;2;8;NA;28;NA;1;-0.0989066454545455
3;Y ~ X1 + X2;0.2;1;1;300;1;9.09090909090909e-05;0;1;3907;2;1;NA;25;NA;1;0.090047690909091
4;Y ~ X1 + X2;0.2;1;1;300;1;0.00290909090909091;0.9375;1;1438;4;16;15.556349186104;3;NA;1;-0.0608043818181819
5;Y ~ X1 + X2;0.2;1;1;300;1;0.00209090909090909;0.782608695652174;1;706;10;4.6;3.78153408023781;7;NA;1;-0.116945681818182
6;Y ~ X1 + X2;0.2;1;1;300;1;0.001;0.818181818181818;1;89;4;5.5;6.36396103067893;1;NA;1;0.221149427272727
7;Y ~ X1 + X2;0.2;1;1;300;1;0.000363636363636364;0.75;1;642;2;4;NA;5;NA;1;0.186210145454545
8;Y ~ X1 + X2;0.2;1;1;300;1;0.00272727272727273;0.933333333333333;0.96551724137931;333;4;15;14.142135623731;5;NA;0.96551724137931;-0.0469313090909091
9;Y ~ X1 + X2;0.2;1;1;300;1;0;NA;1;NA;NA;NA;NA;0;NA;1;-0.0330507454545454
10;Y ~ X1 + X2;0.2;1;1;300;1;0.000909090909090909;0.6;0.971428571428571;308;8;2.5;0.577350269189626;6;0;1;0.114623954545455
11;Y ~ X1 + X2;0.2;1;1;300;1;0.00163636363636364;0.722222222222222;0.972972972972973;2646;10;3.6;1.14017542509914;1;NA;0.972972972972973;-0.223210163636364
12;Y ~ X1 + X2;0.2;1;1;300;1;9.09090909090909e-05;0;1;4955;2;1;NA;26;NA;1;0.2261422
13;Y ~ X1 + X2;0.2;1;1;300;1;0.003;0.909090909090909;1;640;6;11;8.54400374531753;8;NA;1;-0.0922202272727273
14;Y ~ X1 + X2;0.2;1;1;300;1;0.000727272727272727;0.75;1;4647;4;4;1.4142135623731;9;NA;1;0.0613477181818182
15;Y ~ X1 + X2;0.2;1;1;300;1;0.00154545454545455;0.823529411764706;1;164;6;5.66666666666667;5.5075705472861;1;NA;1;0.197210527272727
16;Y ~ X1 + X2;0.2;1;1;300;1;0.000454545454545455;0.6;1;2689;4;2.5;0.707106781186548;5;NA;1;-0.157516163636364
17;Y ~ X1 + X2;0.2;1;1;300;1;0.000181818181818182;0.5;1;1111;2;2;NA;11;NA;1;0.1322609
18;Y ~ X1 + X2;0.2;1;1;300;1;0.00109090909090909;0.769230769230769;0.96875;477;5;4;5.19615242270663;2;0;1;-0.0404236727272727
19;Y ~ X1 + X2;0.2;1;1;300;1;0.00145454545454545;0.75;1;1536;8;4;2.16024689946929;6;NA;1;0.140313045454545
20;Y ~ X1 + X2;0.2;1;1;300;1;0.000545454545454545;0.666666666666667;1;353;4;3;2.82842712474619;3;NA;1;0.0563657818181818
21;Y ~ X1 + X2;0.2;1;1;300;1;0;NA;1;NA;NA;NA;NA;0;NA;1;0.0671112090909091
22;Y ~ X1 + X2;0.2;1;1;300;1;0.00154545454545455;0.882352941176471;1;4030;4;8.5;9.19238815542512;8;NA;1;-0.0486649545454546
23;Y ~ X1 + X2;0.2;1;1;300;1;0.000545454545454545;0.833333333333333;1;7068;2;6;NA;21;NA;1;-0.210704290909091
24;Y ~ X1 + X2;0.2;1;1;300;1;0.001;0.583333333333333;0.973684210526316;6119;9;2.75;2.21735578260835;39;NA;0.973684210526316;-0.0439276454545455
25;Y ~ X1 + X2;0.2;1;1;300;1;0.000636363636363636;0.571428571428571;1;1487;6;2.33333333333333;2.3094010767585;7;NA;1;0.0544143909090909
26;Y ~ X1 + X2;0.2;1;1;300;1;9.09090909090909e-05;0;1;9575;2;1;NA;19;NA;1;0.0431135636363636
27;Y ~ X1 + X2;0.2;1;1;300;1;0.00254545454545455;0.857142857142857;0.970588235294118;2501;8;7;6.6332495807108;9;NA;0.970588235294118;0.160523936363636
28;Y ~ X1 + X2;0.2;1;1;300;1;0.00227272727272727;0.92;1;697;4;12.5;2.12132034355964;6;NA;1;-0.220511527272727
29;Y ~ X1 + X2;0.2;1;1;300;1;0.000363636363636364;0.75;0.975609756097561;705;2;4;NA;7;NA;0.975609756097561;0.0699234181818181
30;Y ~ X1 + X2;0.2;1;1;300;1;0.002;0.818181818181818;1;472;8;5.5;5.44671154612273;3;NA;1;0.198413354545455
31;Y ~ X1 + X2;0.2;1;1;300;1;0.000909090909090909;0.5;1;440;10;2;1;6;NA;1;0.204361336363636
32;Y ~ X1 + X2;0.2;1;1;300;1;0;NA;0.972222222222222;NA;NA;NA;NA;0;NA;0.972222222222222;0.186775327272727
33;Y ~ X1 + X2;0.2;1;1;300;1;0.00109090909090909;0.916666666666667;1;7581;2;12;NA;50;NA;1;-0.0502866363636363
34;Y ~ X1 + X2;0.2;1;1;300;1;0.00272727272727273;0.933333333333333;0.96551724137931;333;4;15;14.142135623731;5;NA;0.96551724137931;-0.0469313090909091
35;Y ~ X1 + X2;0.2;1;1;300;1;0;NA;1;NA;NA;NA;NA;0;NA;1;-0.0548684272727272
36;Y ~ X1 + X2;0.2;1;1;300;1;9.09090909090909e-05;0.5;1;NA;1;1;NA;0;NA;1;-0.204817281818182
37;Y ~ X1 + X2;0.2;1;1;300;1;0.000272727272727273;0.333333333333333;1;1622;4;1.5;0.707106781186548;13;NA;1;0.0625748636363637
38;Y ~ X1 + X2;0.2;1;1;300;1;0.000181818181818182;0.5;1;4194;2;2;NA;9;NA;1;0.0940024272727273
39;Y ~ X1 + X2;0.2;1;1;300;1;0.000545454545454545;0.833333333333333;1;8265;2;6;NA;21;NA;1;0.110181572727273
40;Y ~ X1 + X2;0.2;1;1;300;1;0.000545454545454545;0.666666666666667;1;4564;4;3;0;11;1;1;-0.0918117545454545
41;Y ~ X1 + X2;0.2;1;1;300;1;0.000272727272727273;0.666666666666667;1;3952;2;3;NA;18;NA;1;0.0541419272727273
42;Y ~ X1 + X2;0.2;1;1;300;1;0.00136363636363636;0.866666666666667;0.96;3413;4;7.5;0.707106781186548;12;NA;0.96;-0.222404881818182
43;Y ~ X1 + X2;0.2;1;1;300;1;0.00254545454545455;0.821428571428571;1;1824;10;5.6;4.50555213042752;12;1;1;0.196947354545455
44;Y ~ X1 + X2;0.2;1;1;300;1;0.003;0.818181818181818;1;301;12;5.5;5.12835256198323;2;NA;1;0.0576431909090909
45;Y ~ X1 + X2;0.2;1;1;300;1;9.09090909090909e-05;0;1;8773;2;1;NA;23;NA;1;0.0985654
46;Y ~ X1 + X2;0.2;1;1;300;1;0.00281818181818182;0.870967741935484;1;6017;8;7.75;7.27438428093173;27;NA;1;-0.112333509090909
47;Y ~ X1 + X2;0.2;1;1;300;1;0.00463636363636364;0.96078431372549;1;1193;4;25.5;4.94974746830583;5;NA;1;-0.117819027272727
48;Y ~ X1 + X2;0.2;1;1;300;1;0.00290909090909091;0.875;1;1961;8;8;4.96655480858378;17;NA;1;-0.0653551636363637
49;Y ~ X1 + X2;0.2;1;1;300;1;0.00172727272727273;0.842105263157895;1;862;6;6.33333333333333;3.78593889720018;9;NA;1;0.0293881090909091
50;Y ~ X1 + X2;0.2;1;1;300;1;0.00172727272727273;0.894736842105263;1;7895;4;9.5;0.707106781186548;24;NA;1;-0.156414818181818
51;Y ~ X1 + X2;0.2;1;1;300;1;0.00172727272727273;0.947368421052632;1;8602;2;19;NA;42;NA;1;-0.0919059
52;Y ~ X1 + X2;0.2;1;1;300;1;0.003;0.909090909090909;1;6332;6;11;15.6204993518133;35;NA;1;-0.154991309090909
53;Y ~ X1 + X2;0.2;1;1;300;1;0.00145454545454545;0.8125;1;6445;6;5.33333333333333;2.51661147842358;31;NA;1;0.0699726636363636
54;Y ~ X1 + X2;0.2;1;1;300;1;0;0;1;NA;1;NA;NA;0;NA;1;0.0630883454545454
55;Y ~ X1 + X2;0.2;1;1;300;1;0.00263636363636364;0.827586206896552;1;3632;10;5.8;4.20713679359253;22;NA;1;0.179579681818182
56;Y ~ X1 + X2;0.2;1;1;300;1;0.00454545454545455;0.882352941176471;1;4434;11;8.33333333333333;6.97614984548545;21;NA;1;0.0869979181818182
57;Y ~ X1 + X2;0.2;1;1;300;1;0.00281818181818182;0.806451612903226;1;1816;12;5.16666666666667;3.71034589582517;12;NA;1;0.128798463636364
58;Y ~ X1 + X2;0.2;1;1;300;1;0.00254545454545455;0.928571428571429;1;619;4;14;16.9705627484771;1;NA;1;-0.0565331818181818
59;Y ~ X1 + X2;0.2;1;1;300;1;0.00163636363636364;0.777777777777778;1;3207;8;4.5;3.87298334620742;14;NA;1;0.0630930727272727
60;Y ~ X1 + X2;0.2;1;1;300;1;0.00163636363636364;0.833333333333333;1;2019;6;6;3.60555127546399;11;NA;1;0.0465912363636364
61;Y ~ X1 + X2;0.2;1;1;300;1;0.00127272727272727;0.857142857142857;0.972972972972973;1882;4;7;8.48528137423857;11;NA;0.972972972972973;0.0559909727272727
62;Y ~ X1 + X2;0.2;1;1;300;1;0.00181818181818182;0.85;0.964285714285714;206;6;6.66666666666667;2.51661147842358;3;NA;0.964285714285714;0.2231988
63;Y ~ X1 + X2;0.2;1;1;300;1;0.00290909090909091;0.84375;1;576;10;6.4;2.60768096208106;3;NA;1;0.221069354545455
64;Y ~ X1 + X2;0.2;1;1;300;1;0.000727272727272727;0.875;1;8855;2;8;NA;53;NA;1;-0.0378446909090909
65;Y ~ X1 + X2;0.2;1;1;300;1;0.00172727272727273;0.8;1;3500;7;4.75;5.5;14;NA;1;0.140481518181818
66;Y ~ X1 + X2;0.2;1;1;300;1;0.00109090909090909;0.75;1;1794;6;4;3.60555127546399;8;NA;1;-0.0531512454545455
67;Y ~ X1 + X2;0.2;1;1;300;1;0.00209090909090909;0.782608695652174;1;706;10;4.6;3.78153408023781;7;NA;1;-0.116945681818182
68;Y ~ X1 + X2;0.2;1;1;300;1;0.000454545454545455;0.8;1;3137;2;5;NA;22;NA;1;-0.143240027272727
69;Y ~ X1 + X2;0.2;1;1;300;1;0.001;0.818181818181818;1;1447;4;5.5;2.12132034355964;3;NA;1;0.207543381818182
70;Y ~ X1 + X2;0.2;1;1;300;1;0.00154545454545455;0.823529411764706;1;2405;6;5.66666666666667;2.88675134594813;12;NA;1;-0.149872581818182
71;Y ~ X1 + X2;0.2;1;1;300;1;0.00127272727272727;0.928571428571429;1;2253;2;14;NA;18;NA;1;0.157718109090909
72;Y ~ X1 + X2;0.2;1;1;300;1;0.00190909090909091;0.772727272727273;1;113;9;4.2;3.4928498393146;2;NA;1;0.131458763636364
73;Y ~ X1 + X2;0.2;1;1;300;1;0.001;0.545454545454545;1;2493;10;2.2;1.09544511501033;12;NA;1;0.185023772727273
74;Y ~ X1 + X2;0.2;1;1;300;1;0.000636363636363636;0.714285714285714;1;6608;4;3.5;2.12132034355964;26;NA;1;-0.0614017363636364
75;Y ~ X1 + X2;0.2;1;1;300;1;0.00227272727272727;0.84;1;367;8;6.25;4.3493294502333;1;NA;1;0.0486950636363636
76;Y ~ X1 + X2;0.2;1;1;300;1;0.00127272727272727;0.714285714285714;0.967741935483871;737;8;3.5;2.38047614284762;6;NA;0.967741935483871;0.0984437181818182
77;Y ~ X1 + X2;0.2;1;1;300;1;0.000454545454545455;0.833333333333333;1;NA;1;5;NA;0;NA;1;-0.212465381818182
78;Y ~ X1 + X2;0.2;1;1;300;1;0.00245454545454545;0.777777777777778;1;430;12;4.5;2.58843582110896;3;NA;1;-0.102854881818182
79;Y ~ X1 + X2;0.2;1;1;300;1;0.00290909090909091;0.875;0.972972972972973;105;8;8;9.01849950564579;5;NA;0.972972972972973;0.0547587727272727
80;Y ~ X1 + X2;0.2;1;1;300;1;0.00290909090909091;0.90625;0.976190476190476;1;6;10.6666666666667;5.5075705472861;1;NA;0.976190476190476;-0.0753244909090909
81;Y ~ X1 + X2;0.2;1;1;300;1;0.00118181818181818;0.769230769230769;1;507;6;4.33333333333333;1.52752523165195;10;NA;1;0.0671739
82;Y ~ X1 + X2;0.2;1;1;300;1;0.00190909090909091;0.80952380952381;1;1610;8;5.25;4.19324854180304;11;NA;1;0.119006190909091
83;Y ~ X1 + X2;0.2;1;1;300;1;0.00436363636363636;0.916666666666667;1;56;8;12;15.1657508881031;1;NA;1;0.0489691272727273
84;Y ~ X1 + X2;0.2;1;1;300;1;0.000363636363636364;0.75;1;3772;2;4;NA;23;NA;1;-0.170514945454545
85;Y ~ X1 + X2;0.2;1;1;300;1;0.00327272727272727;0.891891891891892;1;7160;7;9;4.54606056566195;35;NA;1;-0.183109418181818
86;Y ~ X1 + X2;0.2;1;1;300;1;0.000636363636363636;0.714285714285714;1;473;4;3.5;3.53553390593274;5;NA;1;-0.00726942727272727
87;Y ~ X1 + X2;0.2;1;1;300;1;0.000272727272727273;0.333333333333333;1;2028;4;1.5;0.707106781186548;5;NA;1;-0.166078081818182
88;Y ~ X1 + X2;0.2;1;1;300;1;0;0;1;NA;1;NA;NA;0;NA;1;0.0471890818181818
89;Y ~ X1 + X2;0.2;1;1;300;1;0.00272727272727273;0.833333333333333;1;2513;10;6;4.79583152331272;22;NA;1;0.0438241454545455
90;Y ~ X1 + X2;0.2;1;1;300;1;0.00118181818181818;0.769230769230769;1;4207;6;4.33333333333333;3.21455025366432;30;NA;1;0.109013554545455
91;Y ~ X1 + X2;0.2;1;1;300;1;0.000818181818181818;0.666666666666667;1;3985;6;3;2;14;NA;1;0.1110491
92;Y ~ X1 + X2;0.2;1;1;300;1;0.00181818181818182;0.9;1;4209;4;10;7.07106781186548;22;NA;1;0.100285854545455
93;Y ~ X1 + X2;0.2;1;1;300;1;0;NA;1;NA;NA;NA;NA;0;NA;1;0.104660145454545
94;Y ~ X1 + X2;0.2;1;1;300;1;0.000181818181818182;0.5;1;6495;2;2;NA;30;NA;1;0.151118081818182
95;Y ~ X1 + X2;0.2;1;1;300;1;0.00309090909090909;0.911764705882353;1;2196;6;11.3333333333333;8.32666399786453;12;NA;1;-0.220161390909091
96;Y ~ X1 + X2;0.2;1;1;300;1;0.000545454545454545;0.833333333333333;1;1117;2;6;NA;7;NA;1;-0.0538219636363636
97;Y ~ X1 + X2;0.2;1;1;300;1;0.00172727272727273;0.894736842105263;1;5176;4;9.5;4.94974746830583;7;NA;1;-0.1425779
98;Y ~ X1 + X2;0.2;1;1;300;1;0.00118181818181818;0.846153846153846;1;3948;4;6.5;4.94974746830583;16;NA;1;0.0744394363636363
99;Y ~ X1 + X2;0.2;1;1;300;1;0.00245454545454545;0.962962962962963;0.923076923076923;10282;2;27;NA;79;NA;0.923076923076923;0.173640718181818
100;Y ~ X1 + X2;0.2;1;1;300;1;0.000272727272727273;0.666666666666667;1;5852;2;3;NA;18;NA;1;-0.0389036818181818
1;Y ~ X1 + X2;0.2;1;1;1;300;0.358272727272727;0.889086294416244;0.628571428571429;2;875;8.99771689497717;8.87608538718928;1;0.75;0.565217391304348;0.223695072727273
2;Y ~ X1 + X2;0.2;1;1;1;300;0.352454545454545;0.900412796697626;0.782608695652174;87;773;10.0180878552972;9.73786921520129;15;0.75;0.807692307692308;-0.0989745909090909
3;Y ~ X1 + X2;0.2;1;1;1;300;0.367181818181818;0.902946273830156;0.794871794871795;12;784;10.3035714285714;9.26408169861806;3;1;0.652173913043478;0.0900443
4;Y ~ X1 + X2;0.2;1;1;1;300;0.364727272727273;0.895812562313061;0.866666666666667;24;836;9.59808612440191;9.16050306872833;4;0.909090909090909;0.842105263157895;-0.0612551727272728
5;Y ~ X1 + X2;0.2;1;1;1;300;0.392636363636364;0.904839083121093;0.8;13;822;10.5085158150852;10.5197514802611;4;0.8;0.8;-0.117008381818182
6;Y ~ X1 + X2;0.2;1;1;1;300;0.393636363636364;0.90715935334873;0.878787878787879;5;804;10.771144278607;10.3141363991335;2;0.833333333333333;0.904761904761905;0.222307381818182
7;Y ~ X1 + X2;0.2;1;1;1;300;0.379181818181818;0.904099736274275;0.883720930232558;15;800;10.4275;10.0342642928991;2;0.95;0.826086956521739;0.186309736363636
8;Y ~ X1 + X2;0.2;1;1;1;300;0.369636363636364;0.896458435809149;0.931034482758621;8;842;9.65795724465558;8.73018107094583;2;1;0.9;-0.0446659181818182
9;Y ~ X1 + X2;0.2;1;1;1;300;0.357545454545455;0.897025171624714;0.838709677419355;35;810;9.71111111111111;9.63712910703922;7;0.8;0.857142857142857;-0.0328707545454545
10;Y ~ X1 + X2;0.2;1;1;1;300;0.378818181818182;0.902064330292847;0.771428571428571;15;817;10.1882640586797;10.0105953265951;7;1;0.636363636363636;0.114734909090909
11;Y ~ X1 + X2;0.2;1;1;1;300;0.367272727272727;0.898514851485149;0.810810810810811;9;820;9.85365853658537;8.75211738435469;4;0.7;0.851851851851852;-0.2230986
12;Y ~ X1 + X2;0.2;1;1;1;300;0.372;0.898093841642229;0.833333333333333;7;834;9.81294964028777;9.07148560790773;3;0.9375;0.75;0.225995154545455
13;Y ~ X1 + X2;0.2;1;1;1;300;0.377090909090909;0.899710703953713;0.822222222222222;43;832;9.97115384615385;9.55537492674841;14;0.916666666666667;0.787878787878788;-0.0927416363636364
14;Y ~ X1 + X2;0.2;1;1;1;300;0.366727272727273;0.900594942984631;0.857142857142857;33;802;10.0598503740648;8.961384322612;10;0.941176470588235;0.8;0.0613688363636364
15;Y ~ X1 + X2;0.2;1;1;1;300;0.396363636363636;0.902271163110805;0.928571428571429;42;853;10.2107728337237;9.59643792054262;6;1;0.882352941176471;0.199054263636364
16;Y ~ X1 + X2;0.2;1;1;1;300;0.376818181818182;0.901544401544402;0.878048780487805;14;817;10.1344743276284;9.9746742921885;4;0.944444444444444;0.826086956521739;-0.157133427272727
17;Y ~ X1 + X2;0.2;1;1;1;300;0.379181818181818;0.89714696715416;0.852941176470588;23;858;9.72261072261072;8.54837672134726;4;0.833333333333333;0.863636363636364;0.132367581818182
18;Y ~ X1 + X2;0.2;1;1;1;300;0.374727272727273;0.902498180936211;0.90625;55;803;10.2537313432836;9.71644355302725;12;1;0.85;-0.0399803363636364
19;Y ~ X1 + X2;0.2;1;1;1;300;0.369727272727273;0.892795672485862;0.764705882352941;14;872;9.32798165137615;8.59966567431591;7;1;0.555555555555556;0.140231636363636
20;Y ~ X1 + X2;0.2;1;1;1;300;0.375727272727273;0.89958867650617;0.794117647058823;2;830;9.95903614457831;9.03218929790464;1;0.769230769230769;0.80952380952381;0.0566346818181818
21;Y ~ X1 + X2;0.2;1;1;1;300;0.37;0.905382157778324;0.84375;13;771;10.5440414507772;10.5768371399011;2;0.888888888888889;0.826086956521739;0.0672314181818182
22;Y ~ X1 + X2;0.2;1;1;1;300;0.379636363636364;0.900622605363985;0.930232558139535;18;830;10.0626506024096;9.24497135597485;5;0.941176470588235;0.923076923076923;-0.0472259818181818
23;Y ~ X1 + X2;0.2;1;1;1;300;0.375727272727273;0.904185821437213;0.826086956521739;21;792;10.4368686868687;9.86432284076124;4;1;0.724137931034483;-0.210618554545455
24;Y ~ X1 + X2;0.2;1;1;1;300;0.405909090909091;0.906627854903717;0.789473684210526;21;833;10.7074340527578;10.8888955162381;5;0.904761904761905;0.647058823529412;-0.0438535818181818
25;Y ~ X1 + X2;0.2;1;1;1;300;0.374818181818182;0.906621392190153;0.846153846153846;8;770;10.7090909090909;8.97267527079586;3;0.941176470588235;0.772727272727273;0.0537050181818182
26;Y ~ X1 + X2;0.2;1;1;1;300;0.403272727272727;0.905524239007892;0.813953488372093;39;839;10.5619047619048;10.4526880986342;11;1;0.692307692307692;0.0432453727272727
27;Y ~ X1 + X2;0.2;1;1;1;300;0.422454545454545;0.907877744296169;0.705882352941177;19;857;10.8321678321678;10.1170620301202;4;1;0.583333333333333;0.160962936363636
28;Y ~ X1 + X2;0.2;1;1;1;300;0.363272727272727;0.897872340425532;0.8;60;817;9.77017114914425;8.95336447989536;13;0.909090909090909;0.75;-0.2206029
29;Y ~ X1 + X2;0.2;1;1;1;300;0.382454545454545;0.899690991205134;0.829268292682927;25;844;9.96919431279621;9.44424814912735;3;0.9375;0.76;0.068752609090909
30;Y ~ X1 + X2;0.2;1;1;1;300;0.396272727272727;0.906149609912804;0.735294117647059;15;819;10.6317073170732;9.61627946862885;8;0.923076923076923;0.619047619047619;0.1983691
31;Y ~ X1 + X2;0.2;1;1;1;300;0.348818181818182;0.893666927286943;0.75;22;816;9.40441176470588;9.48712719710829;6;0.8;0.722222222222222;0.204288672727273
32;Y ~ X1 + X2;0.2;1;1;1;300;0.384181818181818;0.899432087079981;0.805555555555556;32;850;9.94352941176471;9.44255780449513;11;1;0.631578947368421;0.186831972727273
33;Y ~ X1 + X2;0.2;1;1;1;300;0.373727272727273;0.905619070785697;0.795454545454545;13;776;10.5953608247423;9.79815302553733;5;0.928571428571429;0.733333333333333;-0.0503667
34;Y ~ X1 + X2;0.2;1;1;1;300;0.369636363636364;0.896458435809149;0.931034482758621;8;842;9.65795724465558;8.73018107094583;2;1;0.9;-0.0446659181818182
35;Y ~ X1 + X2;0.2;1;1;1;300;0.379363636363636;0.898873711957824;0.774193548387097;6;844;9.88862559241706;9.84243628507479;3;0.888888888888889;0.727272727272727;-0.0545583090909091
36;Y ~ X1 + X2;0.2;1;1;1;300;0.391;0.906533364333876;0.8;72;804;10.6724565756824;10.3703514753054;17;1;0.714285714285714;-0.205041245454545
37;Y ~ X1 + X2;0.2;1;1;1;300;0.418545454545455;0.906385751520417;0.826086956521739;11;862;10.6821345707657;11.2807154271921;6;0.961538461538462;0.65;0.0583349090909091
38;Y ~ X1 + X2;0.2;1;1;1;300;0.358272727272727;0.897487947221517;0.705882352941177;9;808;9.7549504950495;8.54861155690753;3;0.9375;0.6;0.0935617545454546
39;Y ~ X1 + X2;0.2;1;1;1;300;0.380181818181818;0.902917264466762;0.8;27;812;10.3004926108374;10.3113673221853;5;0.888888888888889;0.761904761904762;0.109708818181818
40;Y ~ X1 + X2;0.2;1;1;1;300;0.344363636363636;0.896515311510032;0.73469387755102;25;784;9.66326530612245;9.13042061544016;3;0.8;0.689655172413793;-0.0920139090909091
41;Y ~ X1 + X2;0.2;1;1;1;300;0.399727272727273;0.908119172162838;0.848484848484849;10;808;10.8836633663366;10.8458099510519;5;0.923076923076923;0.8;0.0543792727272727
42;Y ~ X1 + X2;0.2;1;1;1;300;0.393454545454545;0.907094984978045;0.72;42;805;10.7394540942928;10.2556431110703;8;0.777777777777778;0.6875;-0.223733118181818
43;Y ~ X1 + X2;0.2;1;1;1;300;0.368727272727273;0.900394477317554;0.823529411764706;1;808;10.039603960396;9.48779630635861;1;1;0.76;0.196557663636364
44;Y ~ X1 + X2;0.2;1;1;1;300;0.353545454545455;0.898405349794239;0.862068965517241;21;791;9.82070707070707;9.68285319939654;5;0.833333333333333;0.882352941176471;0.0536676727272727
45;Y ~ X1 + X2;0.2;1;1;1;300;0.380636363636364;0.906354515050167;0.709677419354839;13;785;10.6539440203562;9.88336785566174;3;0.666666666666667;0.736842105263158;0.0988514636363636
46;Y ~ X1 + X2;0.2;1;1;1;300;0.364545454545455;0.901995012468828;0.717948717948718;20;786;10.2035623409669;10.2050051511254;6;0.846153846153846;0.653846153846154;-0.112364036363636
47;Y ~ X1 + X2;0.2;1;1;1;300;0.381545454545455;0.899928520371694;0.75609756097561;4;840;9.99285714285714;9.6124147266396;2;0.923076923076923;0.678571428571429;-0.116181381818182
48;Y ~ X1 + X2;0.2;1;1;1;300;0.377181818181818;0.901880424300868;0.764705882352941;14;815;10.1691176470588;9.46444671144028;6;0.857142857142857;0.740740740740741;-0.0620566090909091
49;Y ~ X1 + X2;0.2;1;1;1;300;0.384;0.899857954545455;0.783783783783784;1;846;9.98581560283688;9.36767595663281;1;0.9375;0.666666666666667;0.0205832090909091
50;Y ~ X1 + X2;0.2;1;1;1;300;0.359454545454545;0.902377339403136;0.825;34;772;10.2435233160622;10.1114707664362;9;0.928571428571429;0.769230769230769;-0.156436990909091
51;Y ~ X1 + X2;0.2;1;1;1;300;0.371545454545455;0.902128700758503;0.823529411764706;7;800;10.2175;10.4265034256078;5;0.933333333333333;0.736842105263158;-0.0920521181818182
52;Y ~ X1 + X2;0.2;1;1;1;300;0.378454545454545;0.901032908959885;0.878048780487805;18;824;10.1043689320388;9.53830950759015;5;0.842105263157895;0.909090909090909;-0.153922981818182
53;Y ~ X1 + X2;0.2;1;1;1;300;0.373636363636364;0.895108298856169;0.793103448275862;32;863;9.51388888888889;9.15374185488439;12;0.888888888888889;0.75;0.0701234363636363
54;Y ~ X1 + X2;0.2;1;1;1;300;0.393454545454545;0.906213906213906;0.8;7;811;10.6600985221675;10.6528954617355;4;0.941176470588235;0.666666666666667;0.0632130545454545
55;Y ~ X1 + X2;0.2;1;1;1;300;0.400636363636364;0.903562514181983;0.878787878787879;42;850;10.3694117647059;9.97508716954171;14;0.916666666666667;0.857142857142857;0.179889036363636
56;Y ~ X1 + X2;0.2;1;1;1;300;0.373363636363636;0.900657414170928;0.9;7;816;10.041564792176;9.81798736894668;2;0.909090909090909;0.894736842105263;0.0874318454545455
57;Y ~ X1 + X2;0.2;1;1;1;300;0.373636363636364;0.903649635036496;0.76;1;792;10.3787878787879;10.3198446924559;1;1;0.647058823529412;0.128942772727273
58;Y ~ X1 + X2;0.2;1;1;1;300;0.375818181818182;0.901306240928882;0.8;49;816;10.1323529411765;9.21205984232176;11;0.923076923076923;0.705882352941177;-0.0673685181818182
59;Y ~ X1 + X2;0.2;1;1;1;300;0.382454545454545;0.904207273591633;0.676470588235294;5;806;10.439205955335;9.67677382223697;2;0.9;0.583333333333333;0.0632307363636363
60;Y ~ X1 + X2;0.2;1;1;1;300;0.37;0.896560196560197;0.888888888888889;5;842;9.66745843230404;9.03293500007223;3;0.941176470588235;0.842105263157895;0.0448405090909091
61;Y ~ X1 + X2;0.2;1;1;1;300;0.375181818181818;0.89508117276472;0.648648648648649;16;866;9.53117782909931;9.15931891109065;3;0.75;0.620689655172414;0.0560566545454545
62;Y ~ X1 + X2;0.2;1;1;1;300;0.383090909090909;0.902919534773321;0.928571428571429;30;819;10.2780487804878;9.15344637475481;10;1;0.866666666666667;0.224690972727273
63;Y ~ X1 + X2;0.2;1;1;1;300;0.390181818181818;0.904007455731594;0.648648648648649;14;824;10.4174757281553;9.91842569707571;6;0.909090909090909;0.538461538461538;0.225497827272727
64;Y ~ X1 + X2;0.2;1;1;1;300;0.385272727272727;0.90299740382346;0.848484848484849;8;823;10.2864077669903;9.57467816710503;5;1;0.75;-0.0375200363636364
65;Y ~ X1 + X2;0.2;1;1;1;300;0.383090909090909;0.901756051257712;0.823529411764706;18;828;10.1542168674699;9.52699319433133;2;0.8125;0.833333333333333;0.140253954545455
66;Y ~ X1 + X2;0.2;1;1;1;300;0.391;0.900720762613346;0.783783783783784;51;854;10.0725995316159;8.85521906724616;17;1;0.666666666666667;-0.0532937636363637
67;Y ~ X1 + X2;0.2;1;1;1;300;0.392636363636364;0.904839083121093;0.8;13;822;10.5085158150852;10.5197514802611;4;0.8;0.8;-0.117008381818182
68;Y ~ X1 + X2;0.2;1;1;1;300;0.353363636363636;0.892434379825013;0.875;6;837;9.27684964200477;9.34478917837867;2;0.909090909090909;0.857142857142857;-0.142783736363636
69;Y ~ X1 + X2;0.2;1;1;1;300;0.392363636363636;0.905699721964782;0.7;2;814;10.6044226044226;9.44693658993571;2;0.818181818181818;0.631578947368421;0.207438054545455
70;Y ~ X1 + X2;0.2;1;1;1;300;0.361363636363636;0.904150943396226;0.884615384615385;1;762;10.4330708661417;10.4639158549106;1;1;0.85;-0.149806209090909
71;Y ~ X1 + X2;0.2;1;1;1;300;0.353636363636364;0.898200514138818;0.710526315789474;11;792;9.82323232323232;9.55194012536445;4;0.764705882352941;0.666666666666667;0.158013272727273
72;Y ~ X1 + X2;0.2;1;1;1;300;0.381727272727273;0.902142857142857;0.783783783783784;73;821;10.2165450121655;9.74250524874118;14;0.8;0.764705882352941;0.131664636363636
73;Y ~ X1 + X2;0.2;1;1;1;300;0.359181818181818;0.888129587446216;0.888888888888889;4;884;8.93891402714932;8.22436933583261;2;0.933333333333333;0.833333333333333;0.185352009090909
74;Y ~ X1 + X2;0.2;1;1;1;300;0.399727272727273;0.910620877871276;0.833333333333333;4;786;11.1882951653944;9.70457315899929;3;0.846153846153846;0.826086956521739;-0.0615508545454546
75;Y ~ X1 + X2;0.2;1;1;1;300;0.398272727272727;0.903903218443278;0.818181818181818;11;842;10.4061757719715;9.67440707460778;4;0.933333333333333;0.722222222222222;0.0431053636363636
76;Y ~ X1 + X2;0.2;1;1;1;300;0.386545454545455;0.898141613737944;0.580645161290323;7;867;9.79723502304148;9.24994933910697;2;0.714285714285714;0.541666666666667;0.0983709
77;Y ~ X1 + X2;0.2;1;1;1;300;0.380272727272727;0.904135787712168;0.75609756097561;20;802;10.4054726368159;10.2294021443055;4;0.7;0.774193548387097;-0.212679909090909
78;Y ~ X1 + X2;0.2;1;1;1;300;0.384454545454545;0.903759754078978;0.744186046511628;31;814;10.3906633906634;9.52581203252646;9;1;0.620689655172414;-0.101928945454545
79;Y ~ X1 + X2;0.2;1;1;1;300;0.379909090909091;0.896865278774826;0.756756756756757;3;862;9.69605568445476;9.15997147536225;1;0.928571428571429;0.652173913043478;0.0543246909090909
80;Y ~ X1 + X2;0.2;1;1;1;300;0.366454545454545;0.894815182336889;0.928571428571429;1;848;9.50707547169811;9.23376202676176;1;1;0.857142857142857;-0.0752187090909091
81;Y ~ X1 + X2;0.2;1;1;1;300;0.406727272727273;0.901430487259723;0.810810810810811;32;882;10.1451247165533;9.27860589280286;7;0.80952380952381;0.8125;0.0672470545454545
82;Y ~ X1 + X2;0.2;1;1;1;300;0.412272727272727;0.908048511576626;0.833333333333333;21;834;10.8752997601918;10.3095730796871;5;0.88;0.782608695652174;0.118750972727273
83;Y ~ X1 + X2;0.2;1;1;1;300;0.398727272727273;0.909256725946192;0.810810810810811;6;796;11.0201005025126;10.4300282434248;2;0.9;0.705882352941177;0.0480546181818182
84;Y ~ X1 + X2;0.2;1;1;1;300;0.385090909090909;0.901534828807556;0.6875;8;835;10.133971291866;9.82148791978112;4;0.9;0.590909090909091;-0.171937145454545
85;Y ~ X1 + X2;0.2;1;1;1;300;0.369272727272727;0.900073837066207;0.848484848484849;18;811;10.0049261083744;10.5296747218332;7;0.846153846153846;0.85;-0.182875654545455
86;Y ~ X1 + X2;0.2;1;1;1;300;0.364818181818182;0.904037886340977;0.833333333333333;6;771;10.3963730569948;9.51995237932537;2;1;0.7;-0.00754558181818182
87;Y ~ X1 + X2;0.2;1;1;1;300;0.404636363636364;0.903370786516854;0.675675675675676;30;861;10.3271461716937;8.91156452604367;13;0.8;0.590909090909091;-0.166162509090909
88;Y ~ X1 + X2;0.2;1;1;1;300;0.378363636363636;0.899831852029786;0.7;29;833;10.0048076923077;10.1973290129854;6;0.909090909090909;0.578947368421053;0.0469030909090909
89;Y ~ X1 + X2;0.2;1;1;1;300;0.365727272727273;0.897588864031817;0.825;26;824;9.76456310679612;9.18373716282284;3;1;0.75;0.0440504818181818
90;Y ~ X1 + X2;0.2;1;1;1;300;0.374909090909091;0.898617511520737;0.861111111111111;6;837;9.84248210023866;9.71306078459827;4;0.909090909090909;0.84;0.109219236363636
91;Y ~ X1 + X2;0.2;1;1;1;300;0.376090909090909;0.902828136330674;0.8125;3;804;10.2910447761194;10.5214361119735;2;0.818181818181818;0.80952380952381;0.111155381818182
92;Y ~ X1 + X2;0.2;1;1;1;300;0.386818181818182;0.907638072855464;0.853658536585366;13;786;10.8269720101781;9.55171665529239;2;0.882352941176471;0.833333333333333;0.100265554545455
93;Y ~ X1 + X2;0.2;1;1;1;300;0.414727272727273;0.910127137220517;0.696969696969697;2;820;11.1268292682927;11.2310045966293;2;0.666666666666667;0.708333333333333;0.104913018181818
94;Y ~ X1 + X2;0.2;1;1;1;300;0.347454545454545;0.893249607535322;0.8;20;816;9.36764705882353;8.53189606533747;8;1;0.666666666666667;0.151205145454545
95;Y ~ X1 + X2;0.2;1;1;1;300;0.385181818181818;0.902761387774369;0.666666666666667;15;824;10.2839805825243;9.01523099847289;5;0.636363636363636;0.6875;-0.219868863636364
96;Y ~ X1 + X2;0.2;1;1;1;300;0.403;0.905460288808664;0.783783783783784;68;839;10.5547619047619;11.0317117720225;14;1;0.652173913043478;-0.0537413545454545
97;Y ~ X1 + X2;0.2;1;1;1;300;0.377090909090909;0.902603664416586;0.810810810810811;26;808;10.2673267326733;10.1506186432587;7;0.857142857142857;0.782608695652174;-0.142098263636364
98;Y ~ X1 + X2;0.2;1;1;1;300;0.368272727272727;0.900246913580247;0.909090909090909;5;809;10.0024691358025;9.90011970260469;2;0.875;0.928571428571429;0.0746178272727272
99;Y ~ X1 + X2;0.2;1;1;1;300;0.251272727272727;0.837495475931958;0.576923076923077;26;899;6.14222222222222;5.09003519657776;7;0.8;0.523809523809524;0.1751459
100;Y ~ X1 + X2;0.2;1;1;1;300;0.405727272727273;0.901859735603854;0.836734693877551;5;876;10.189497716895;9.84168406752075;3;1;0.692307692307692;-0.0385983909090909
1;Y ~ X1 + X2;0.5;1;1;1;1;0.257818181818182;0.882933709449929;0.801778436457947;133;664;8.54216867469879;8.46681983881453;19;0.860088365243004;0.782178217821782;0.215583836363636
2;Y ~ X1 + X2;0.5;1;1;1;1;0.248454545454545;0.884376143432126;0.830490405117271;73;632;8.64873417721519;8.91618992827376;12;0.884297520661157;0.811781609195402;-0.1673029
3;Y ~ X1 + X2;0.5;1;1;1;1;0.276727272727273;0.89257555847569;0.838380281690141;69;654;9.30886850152905;8.74691957720071;9;0.885534591194969;0.820048899755501;0.158101154545455
4;Y ~ X1 + X2;0.5;1;1;1;1;0.241818181818182;0.887927792403159;0.854619065145381;1;597;8.89632107023411;8.38138436475278;1;0.900621118012422;0.840328027013989;-0.1189818
5;Y ~ X1 + X2;0.5;1;1;1;1;0.280545454545455;0.890797148412184;0.828880866425993;93;674;9.15727002967359;8.25246440256227;11;0.892487046632124;0.804304304304304;-0.109697772727273
6;Y ~ X1 + X2;0.5;1;1;1;1;0.256;0.88671875;0.83159073935773;25;638;8.82758620689655;8.32203962537731;7;0.883720930232558;0.81356783919598;0.200249054545455
7;Y ~ X1 + X2;0.5;1;1;1;1;0.219090909090909;0.878423236514523;0.845756457564576;24;586;8.22525597269625;7.72984190276799;4;0.867226890756303;0.839716312056738;0.164745409090909
8;Y ~ X1 + X2;0.5;1;1;1;1;0.227272727272727;0.8687474989996;0.845116618075802;3;657;7.59878419452887;6.83495310029001;1;0.876755070202808;0.83547313361864;-0.0746206272727273
9;Y ~ X1 + X2;0.5;1;1;1;1;0.24;0.88101553618795;0.846298384066141;59;629;8.38095238095238;9.02019773857248;11;0.890625;0.832261256803563;-0.0489888818181818
10;Y ~ X1 + X2;0.5;1;1;1;1;0.275545454545455;0.871947194719472;0.798987707881417;43;777;7.79177377892031;7.56997148193782;4;0.857712765957447;0.777060575968222;0.180433581818182
11;Y ~ X1 + X2;0.5;1;1;1;1;0.267636363636364;0.883491847826087;0.829216654904728;9;686;8.58309037900875;8.45721635943454;2;0.892037786774629;0.80697563306259;-0.2024056
12;Y ~ X1 + X2;0.5;1;1;1;1;0.242454545454545;0.887889013873266;0.837209302325581;40;598;8.91973244147157;7.83171867330771;6;0.8734375;0.826231060606061;0.212275354545455
13;Y ~ X1 + X2;0.5;1;1;1;1;0.248636363636364;0.887710314557425;0.84313005143277;35;615;8.87987012987013;8.01841431090055;3;0.894419306184012;0.826614861583293;-0.0889307363636364
14;Y ~ X1 + X2;0.5;1;1;1;1;0.232818181818182;0.877734375;0.829113924050633;12;627;8.15605095541401;8.26891355137293;2;0.859766277128548;0.820316243411596;0.117944954545455
15;Y ~ X1 + X2;0.5;1;1;1;1;0.243909090909091;0.886321282146851;0.84612559676827;1;610;8.79672131147541;9.15103472746451;1;0.884792626728111;0.833976833976834;0.176984518181818
16;Y ~ X1 + X2;0.5;1;1;1;1;0.263909090909091;0.88322425077506;0.837269372693727;41;678;8.56342182890855;7.42405063973944;6;0.903765690376569;0.81334671349724;-0.140829072727273
17;Y ~ X1 + X2;0.5;1;1;1;1;0.245636363636364;0.877128053293856;0.842066146413972;52;664;8.13855421686747;7.86664273969719;7;0.873668188736682;0.831858407079646;0.120814890909091
18;Y ~ X1 + X2;0.5;1;1;1;1;0.253090909090909;0.880028735632184;0.840595497458243;13;668;8.31044776119403;7.4664345579728;4;0.873038516405136;0.829517778860205;-0.0640716272727273
19;Y ~ X1 + X2;0.5;1;1;1;1;0.284090909090909;0.840588988476312;0.734701355807988;55;997;6.2625250501002;6.47804590535458;12;0.821428571428571;0.69974293059126;0.199439
20;Y ~ X1 + X2;0.5;1;1;1;1;0.239272727272727;0.882978723404255;0.819071791153009;20;616;8.54545454545454;9.75737650240338;5;0.868924889543446;0.802789802789803;0.106661672727273
21;Y ~ X1 + X2;0.5;1;1;1;1;0.289727272727273;0.88672732977722;0.833575054387237;27;722;8.82825484764543;8.76852828785266;7;0.903304773561811;0.804224626481195;0.0685651909090909
22;Y ~ X1 + X2;0.5;1;1;1;1;0.268636363636364;0.887986463620981;0.833333333333333;13;662;8.92749244712991;8.08107775191642;3;0.882102272727273;0.816132264529058;-0.0814692272727273
23;Y ~ X1 + X2;0.5;1;1;1;1;0.243909090909091;0.886693999254566;0.836156239198064;65;608;8.82565789473684;8.01725858441091;13;0.870111731843575;0.824988516306844;-0.187187181818182
24;Y ~ X1 + X2;0.5;1;1;1;1;0.254272727272727;0.887021809081158;0.850196639256346;48;632;8.82334384858044;8.43255206642171;7;0.893917963224894;0.835406698564593;-0.0727487636363636
25;Y ~ X1 + X2;0.5;1;1;1;1;0.271545454545455;0.890823844608171;0.847611827141774;22;653;9.13455657492355;9.13465717415132;6;0.914749661705007;0.821484992101106;0.0995271090909091
26;Y ~ X1 + X2;0.5;1;1;1;1;0.261363636363636;0.882782608695652;0.834172661870504;16;674;8.53115727002967;7.16554313909062;2;0.890260631001372;0.814236957581667;0.0716524727272727
27;Y ~ X1 + X2;0.5;1;1;1;1;0.264090909090909;0.88605851979346;0.844972577696527;61;662;8.77643504531722;8.53965015842826;9;0.88317107093185;0.831349206349206;0.144782227272727
28;Y ~ X1 + X2;0.5;1;1;1;1;0.252272727272727;0.878918918918919;0.811808118081181;3;672;8.25892857142857;7.31966747762099;1;0.885630498533724;0.78698224852071;-0.217110572727273
29;Y ~ X1 + X2;0.5;1;1;1;1;0.278;0.884238064094179;0.831598513011152;45;708;8.63841807909604;8.08659183229304;7;0.884823848238482;0.811475409836066;0.133314354545455
30;Y ~ X1 + X2;0.5;1;1;1;1;0.263272727272727;0.828729281767956;0.735199138858988;27;992;5.83870967741935;5.03986066309589;12;0.80186170212766;0.710565110565111;0.211255509090909
31;Y ~ X1 + X2;0.5;1;1;1;1;0.282818181818182;0.849566055930569;0.743032935215346;36;936;6.6474358974359;5.81160820988265;7;0.853137516688919;0.702085402184707;0.212519072727273
32;Y ~ X1 + X2;0.5;1;1;1;1;0.247636363636364;0.881748071979434;0.830703012912482;6;645;8.43343653250774;8.50088027693371;1;0.885294117647059;0.813092979127135;0.165667163636364
33;Y ~ X1 + X2;0.5;1;1;1;1;0.251636363636364;0.882225433526012;0.832088224831021;148;652;8.49079754601227;7.38011306826831;38;0.870111731843575;0.81909307875895;-0.0897903636363636
34;Y ~ X1 + X2;0.5;1;1;1;1;0.227272727272727;0.8687474989996;0.845116618075802;3;657;7.59878419452887;6.83495310029001;1;0.876755070202808;0.83547313361864;-0.0746206272727273
35;Y ~ X1 + X2;0.5;1;1;1;1;0.249454545454545;0.886297376093295;0.842010771992819;49;624;8.7948717948718;8.75586561227196;6;0.88412017167382;0.827900287631831;-0.101189754545455
36;Y ~ X1 + X2;0.5;1;1;1;1;0.288454545454545;0.889729048519219;0.819268110530247;35;699;9.06571428571429;8.685443569795;6;0.894808743169399;0.790853031860226;-0.182504372727273
37;Y ~ X1 + X2;0.5;1;1;1;1;0.261181818181818;0.883049077619213;0.831263696128561;8;672;8.55059523809524;8.07560170688327;2;0.865629420084866;0.819300837026096;0.111500472727273
38;Y ~ X1 + X2;0.5;1;1;1;1;0.259454545454545;0.877715487035739;0.827833572453372;44;698;8.17765042979943;7.79791190613489;5;0.883817427385892;0.808232445520581;0.161787745454545
39;Y ~ X1 + X2;0.5;1;1;1;1;0.273;0.891441891441891;0.831697564521992;67;652;9.21165644171779;8.91539648465101;9;0.879032258064516;0.814150473343298;0.104253927272727
40;Y ~ X1 + X2;0.5;1;1;1;1;0.235454545454545;0.877558903051371;0.83095577746077;44;635;8.14465408805031;6.75934822048486;13;0.896496815286624;0.812040441176471;-0.160274609090909
41;Y ~ X1 + X2;0.5;1;1;1;1;0.266272727272727;0.890406282007511;0.854815351194786;5;642;9.12461059190031;8.92451251755593;2;0.904699738903394;0.835671342685371;0.1004866
42;Y ~ X1 + X2;0.5;1;1;1;1;0.283272727272727;0.893453145057766;0.837545126353791;9;664;9.3855421686747;9.20144652400741;2;0.889453621346887;0.816944024205749;-0.203126236363636
43;Y ~ X1 + X2;0.5;1;1;1;1;0.25;0.887231720625682;0.838536060279871;9;621;8.84244372990354;8.56724439884642;2;0.882608695652174;0.824034334763948;0.1725847
44;Y ~ X1 + X2;0.5;1;1;1;1;0.259272727272727;0.884992987377279;0.847083926031294;72;656;8.69512195121951;8.23461631136995;11;0.870320855614973;0.838662790697674;0.0985413181818182
45;Y ~ X1 + X2;0.5;1;1;1;1;0.254090909090909;0.873299928418039;0.828130738156445;4;709;7.87323943661972;7.81952065782899;1;0.870967741935484;0.813816756491916;0.166011754545455
46;Y ~ X1 + X2;0.5;1;1;1;1;0.269272727272727;0.87879810938555;0.820030120481928;10;718;8.25069637883008;8.05730823502172;3;0.863448275862069;0.803728638011393;-0.177916536363636
47;Y ~ X1 + X2;0.5;1;1;1;1;0.277090909090909;0.880538234328848;0.807285974499089;5;729;8.35068493150685;8.81075646438119;4;0.872703412073491;0.7821482602118;-0.180761981818182
48;Y ~ X1 + X2;0.5;1;1;1;1;0.277;0.891040367574664;0.831723625557207;1;664;9.17771084337349;8.25289751557237;1;0.892764857881137;0.807090719499479;-0.121567781818182
49;Y ~ X1 + X2;0.5;1;1;1;1;0.247272727272727;0.884558823529412;0.847841989758595;3;628;8.6624203821656;9.08254945850364;2;0.895565092989986;0.831449631449631;0.0285745
50;Y ~ X1 + X2;0.5;1;1;1;1;0.246545454545455;0.884218289085546;0.835112256164888;29;628;8.63694267515924;7.38935670676645;4;0.892395982783357;0.815346534653465;-0.140667209090909
51;Y ~ X1 + X2;0.5;1;1;1;1;0.285;0.893746011486918;0.84024303073624;1;667;9.38622754491018;8.55141254979062;1;0.903629536921151;0.814907453726863;-0.160849536363636
52;Y ~ X1 + X2;0.5;1;1;1;1;0.274090909090909;0.896185737976783;0.83696053116931;11;626;9.63258785942492;9.16178441145783;1;0.888;0.817440081591025;-0.139034709090909
53;Y ~ X1 + X2;0.5;1;1;1;1;0.270454545454545;0.894789915966387;0.841684064022269;3;626;9.50479233226837;9.60439316071463;1;0.892459826946848;0.821791767554479;0.134360918181818
54;Y ~ X1 + X2;0.5;1;1;1;1;0.251454545454545;0.888326707625587;0.861027190332326;10;617;8.95145631067961;7.75314595650841;2;0.889380530973451;0.851269035532995;0.121791045454545
55;Y ~ X1 + X2;0.5;1;1;1;1;0.265272727272727;0.894790952707334;0.840285606914694;20;614;9.50488599348534;8.68187629772802;4;0.890489913544669;0.822572445348246;0.159203054545455
56;Y ~ X1 + X2;0.5;1;1;1;1;0.260636363636364;0.889780258109522;0.848440899202321;2;632;9.07278481012658;9.18060860958767;2;0.879166666666667;0.837585868498528;0.155714490909091
57;Y ~ X1 + X2;0.5;1;1;1;1;0.284090909090909;0.86432;0.772101449275362;37;848;7.37028301886792;6.60375735980878;9;0.866330390920555;0.734112862226741;0.190741790909091
58;Y ~ X1 + X2;0.5;1;1;1;1;0.215181818181818;0.871090448013525;0.837581937363438;65;611;7.73529411764706;7.01557022991831;13;0.875444839857651;0.827838827838828;-0.0675925818181818
59;Y ~ X1 + X2;0.5;1;1;1;1;0.242363636363636;0.884427767354597;0.839350180505415;9;617;8.62783171521036;7.34895536512512;1;0.874242424242424;0.828436018957346;0.123672972727273
60;Y ~ X1 + X2;0.5;1;1;1;1;0.260363636363636;0.890013966480447;0.846632503660322;4;630;9.09206349206349;9.16451376819419;1;0.89196675900277;0.830348258706468;0.0749906090909091
61;Y ~ X1 + X2;0.5;1;1;1;1;0.250363636363636;0.884168482207698;0.829917295936713;169;638;8.63322884012539;7.57936784305246;20;0.882102272727273;0.812229176697159;0.106489509090909
62;Y ~ X1 + X2;0.5;1;1;1;1;0.259909090909091;0.880377754459601;0.828304597701149;4;684;8.35964912280702;7.60435959963181;2;0.886157826649418;0.806066633515664;0.216235690909091
63;Y ~ X1 + X2;0.5;1;1;1;1;0.252636363636364;0.890248290752069;0.837134711332858;26;610;9.11147540983607;8.82919235370012;9;0.892413793103448;0.817876021143681;0.214368445454545
64;Y ~ X1 + X2;0.5;1;1;1;1;0.254181818181818;0.890200286123033;0.830786026200873;23;614;9.10749185667752;8.13799544313278;4;0.877906976744186;0.81504854368932;-0.0592646454545455
65;Y ~ X1 + X2;0.5;1;1;1;1;0.251;0.881969587255612;0.850145137880987;11;651;8.46932515337423;8.67768016705169;2;0.887784090909091;0.837231968810916;0.128567690909091
66;Y ~ X1 + X2;0.5;1;1;1;1;0.253909090909091;0.883637665592553;0.833883388338834;84;650;8.59384615384615;7.72969017240947;12;0.888101983002833;0.814943097476497;-0.0988154545454545
67;Y ~ X1 + X2;0.5;1;1;1;1;0.280545454545455;0.890797148412184;0.828880866425993;93;674;9.15727002967359;8.25246440256227;11;0.892487046632124;0.804304304304304;-0.109697772727273
68;Y ~ X1 + X2;0.5;1;1;1;1;0.251181818181818;0.829171190734709;0.750625223294034;27;944;5.85381355932203;5.63785226901205;4;0.845288326300984;0.718390804597701;-0.1996815
69;Y ~ X1 + X2;0.5;1;1;1;1;0.295545454545455;0.861273454321747;0.77567084078712;48;902;7.20842572062084;6.54970872673174;7;0.875;0.732992327365729;0.213728063636364
70;Y ~ X1 + X2;0.5;1;1;1;1;0.217636363636364;0.801169590643275;0.753557792433183;25;952;5.02941176470588;4.64386142304103;3;0.808306709265176;0.738359201773836;-0.203552718181818
71;Y ~ X1 + X2;0.5;1;1;1;1;0.228636363636364;0.878727634194831;0.833271719038817;10;610;8.24590163934426;7.44995526678754;3;0.878887070376432;0.819961795606495;0.142355990909091
72;Y ~ X1 + X2;0.5;1;1;1;1;0.292636363636364;0.859937888198758;0.762773722627737;52;901;7.13747228381375;6.41066415668343;20;0.866425992779783;0.71765322158198;0.192359981818182
73;Y ~ X1 + X2;0.5;1;1;1;1;0.187272727272727;0.8;0.780351139335077;7;824;5;4.78643663585968;3;0.793939393939394;0.777268560953254;0.207236118181818
74;Y ~ X1 + X2;0.5;1;1;1;1;0.246090909090909;0.886220908755079;0.832440157199;122;616;8.78896103896104;8.46515803430204;17;0.883308714918759;0.816211121583412;-0.0627899818181818
75;Y ~ X1 + X2;0.5;1;1;1;1;0.267727272727273;0.87572156196944;0.838709677419355;15;732;8.04644808743169;7.45621196978691;3;0.883008356545961;0.82312591866732;0.0712145181818182
76;Y ~ X1 + X2;0.5;1;1;1;1;0.285;0.897607655502392;0.831901382144191;48;642;9.76635514018692;9.26071619724853;2;0.912596401028278;0.79884149552396;0.166540045454545
77;Y ~ X1 + X2;0.5;1;1;1;1;0.259090909090909;0.884912280701754;0.835880640465793;13;656;8.66261398176292;8.37780716550368;2;0.874643874643875;0.82258064516129;-0.188612445454545
78;Y ~ X1 + X2;0.5;1;1;1;1;0.251727272727273;0.867100036114121;0.821245421245421;27;736;7.52445652173913;6.94191154824149;6;0.876790830945559;0.802165354330709;-0.170185790909091
79;Y ~ X1 + X2;0.5;1;1;1;1;0.267909090909091;0.883949779436715;0.828307910606598;9;684;8.61695906432749;7.96966787105077;2;0.888318356867779;0.805392156862745;0.102308409090909
80;Y ~ X1 + X2;0.5;1;1;1;1;0.248727272727273;0.890716374269006;0.832414553472988;1;598;9.1505016722408;8.71091027397089;1;0.883058470764618;0.815968841285297;-0.142131936363636
81;Y ~ X1 + X2;0.5;1;1;1;1;0.268181818181818;0.887457627118644;0.836265709156194;3;664;8.8855421686747;8.31510302857757;2;0.890745501285347;0.815146985550573;0.0677654
82;Y ~ X1 + X2;0.5;1;1;1;1;0.291545454545455;0.872778297474275;0.812947067238913;109;816;7.86029411764706;7.36800920320014;22;0.872262773722628;0.788247213779129;0.182724727272727
83;Y ~ X1 + X2;0.5;1;1;1;1;0.272090909090909;0.886363636363636;0.843452816386247;208;681;8.77712609970675;8.54487489730088;29;0.900265957446808;0.821897073662967;0.0851305636363636
84;Y ~ X1 + X2;0.5;1;1;1;1;0.254545454545455;0.883928571428571;0.846153846153846;75;650;8.61538461538461;7.68896176043725;10;0.895688456189152;0.828669612174767;-0.153701636363636
85;Y ~ X1 + X2;0.5;1;1;1;1;0.270909090909091;0.890976182489098;0.83652111151209;18;649;9.16923076923077;8.85404495475253;2;0.904382470119522;0.811199207135778;-0.162571445454545
86;Y ~ X1 + X2;0.5;1;1;1;1;0.282;0.881689232753063;0.816974169741697;9;734;8.45231607629428;8.14837063925581;1;0.867823765020027;0.797552269250382;-0.00906003636363636
87;Y ~ X1 + X2;0.5;1;1;1;1;0.284818181818182;0.897223108841366;0.853857041755131;1;644;9.72981366459627;9.50544913221076;1;0.89828431372549;0.835820895522388;-0.148025645454545
88;Y ~ X1 + X2;0.5;1;1;1;1;0.286454545454545;0.891497461928934;0.840368925150763;24;683;9.21345029239766;8.90704985021297;4;0.884297520661157;0.821501014198783;0.0813446
89;Y ~ X1 + X2;0.5;1;1;1;1;0.274454545454545;0.889367340178867;0.828592268417214;19;668;9.03892215568862;8.31664888549545;3;0.903485254691689;0.80060120240481;0.0463393545454545
90;Y ~ X1 + X2;0.5;1;1;1;1;0.282909090909091;0.881426735218509;0.814444444444444;31;738;8.43360433604336;7.62871849925338;8;0.892529488859764;0.783686112545173;0.175760172727273
91;Y ~ X1 + X2;0.5;1;1;1;1;0.254363636363636;0.875982844889207;0.817425885755604;7;694;8.06340057636888;7.54918461839811;3;0.894356005788712;0.791807228915663;0.176755581818182
92;Y ~ X1 + X2;0.5;1;1;1;1;0.259818181818182;0.884884534639608;0.83492296404989;12;658;8.68693009118541;8.15601562356309;1;0.876106194690266;0.8212890625;0.168172563636364
93;Y ~ X1 + X2;0.5;1;1;1;1;0.241090909090909;0.873303167420814;0.835164835164835;87;672;7.89285714285714;7.26022549239529;8;0.876691729323308;0.821791767554479;0.0999283181818182
94;Y ~ X1 + X2;0.5;1;1;1;1;0.200090909090909;0.80145388459791;0.749102656137832;53;874;5.03661327231121;4.47249858017193;11;0.777372262773723;0.742180518319928;0.204309809090909
95;Y ~ X1 + X2;0.5;1;1;1;1;0.265727272727273;0.883681149503934;0.839783001808318;14;680;8.59705882352941;8.18297337591085;3;0.891246684350133;0.820487319741422;-0.197217136363636
96;Y ~ X1 + X2;0.5;1;1;1;1;0.256181818181818;0.888888888888889;0.837183718371837;7;627;8.97452229299363;8.23648009793351;1;0.891737891737892;0.818271604938272;-0.0997146181818182
97;Y ~ X1 + X2;0.5;1;1;1;1;0.260636363636364;0.888385071503314;0.841316270566728;7;640;8.959375;8.09939660181421;2;0.873913043478261;0.830317848410758;-0.129168481818182
98;Y ~ X1 + X2;0.5;1;1;1;1;0.260909090909091;0.874912891986063;0.829188002926116;19;718;7.99442896935933;7.90268833014464;7;0.867403314917127;0.815422885572139;0.141369881818182
99;Y ~ X1 + X2;0.5;1;1;1;1;0.128636363636364;0.775971731448763;0.801253687315634;33;634;4.46372239747634;4.29410576578596;9;0.783382789317507;0.80378947368421;0.206591127272727
100;Y ~ X1 + X2;0.5;1;1;1;1;0.258727272727273;0.89353478566409;0.843085106382979;14;606;9.39273927392739;9.01291641695859;2;0.90279823269514;0.822324628776242;-0.0412883818181818
1;Y ~ X1 + X2;0.5;300;1;1;1;0.303818181818182;0.908111343909009;0.852042221202386;959;615;10.8506493506494;34.0751769896121;73;0.908484848484848;0.8275181040158;0.215795090909091
2;Y ~ X1 + X2;0.5;300;1;1;1;0.276181818181818;0.878498518274613;0.855123026074183;2926;739;8.21081081081081;17.501494845699;210;0.879230258792303;0.845899974612846;-0.166645663636364
3;Y ~ X1 + X2;0.5;300;1;1;1;0.266272727272727;0.907476954592011;0.852498163115356;2653;542;10.8081180811808;35.977051437673;280;0.907401032702237;0.832519103094075;0.158749009090909
4;Y ~ X1 + X2;0.5;300;1;1;1;0.339727272727273;0.879817987152034;0.819759434395372;1438;899;8.30444444444444;23.1059962479064;298;0.880108254397835;0.788771539744302;-0.118271372727273
5;Y ~ X1 + X2;0.5;300;1;1;1;0.351727272727273;0.866115275264926;0.833119030124908;1;1036;7.46911196911197;17.6783536889567;1;0.866579634464752;0.814961745536979;-0.108550472727273
6;Y ~ X1 + X2;0.5;300;1;1;1;0.222727272727273;0.861632653061224;0.830656264341441;617;678;7.22713864306785;19.3813726167758;100;0.86161449752883;0.821778670131097;0.199724709090909
7;Y ~ X1 + X2;0.5;300;1;1;1;0.113454545454545;0.867788461538462;0.801781123760558;3832;330;7.56363636363636;12.9201539054352;893;0.867909238249595;0.793331952785256;0.165522190909091
8;Y ~ X1 + X2;0.5;300;1;1;1;0.114818181818182;0.813935075217736;0.811811168258633;168;470;5.37446808510638;4.90118022089963;2;0.814342629482072;0.811481366137237;-0.0739285090909091
9;Y ~ X1 + X2;0.5;300;1;1;1;0.0545454545454545;0.873333333333333;0.868445177851118;6312;152;7.89473684210526;14.2244661972424;700;0.87248322147651;0.868211792086889;-0.0495306727272727
10;Y ~ X1 + X2;0.5;300;1;1;1;0.0869090909090909;0.889121338912134;0.813257436650753;1602;212;9.0188679245283;10.3518860780471;273;0.890295358649789;0.805913113435237;0.1780928
11;Y ~ X1 + X2;0.5;300;1;1;1;0.0278181818181818;0.829508196721311;0.877957087841555;10633;105;5.77358490566038;5.42657814491275;1242;0.825503355704698;0.879430618401207;-0.202261354545455
12;Y ~ X1 + X2;0.5;300;1;1;1;0.365818181818182;0.922962226640159;0.846330485900615;1191;620;12.9806451612903;48.9846381002142;280;0.92263250439588;0.802345786272806;0.212824554545455
13;Y ~ X1 + X2;0.5;300;1;1;1;0.564363636363636;0.896907216494845;0.843531789783168;1;1280;9.7;26.0896612192495;1;0.896838331160365;0.774641954507161;-0.0896587636363636
14;Y ~ X1 + X2;0.5;300;1;1;1;0.130272727272727;0.881367759944173;0.876010286554004;791;340;8.42941176470588;19.0529708412306;146;0.88169014084507;0.875158428390368;0.119602736363636
15;Y ~ X1 + X2;0.5;300;1;1;1;0.221272727272727;0.861544782251438;0.849546163014578;165;674;7.22255192878338;9.14569710908549;2;0.860717264386989;0.846397931601833;0.176001618181818
16;Y ~ X1 + X2;0.5;300;1;1;1;0.196;0.885899814471243;0.832980583417687;1;492;8.76422764227642;16.4414018473837;1;0.885969028625059;0.820054945054945;-0.141368127272727
17;Y ~ X1 + X2;0.5;300;1;1;1;0.250090909090909;0.904727272727273;0.862914332935451;1741;525;10.4600760456274;31.1768735731427;289;0.904727006229388;0.848934084783141;0.121393754545455
18;Y ~ X1 + X2;0.5;300;1;1;1;0.347454545454545;0.868131868131868;0.817581813181776;24;1008;7.56831683168317;11.7512151574719;2;0.867177185106945;0.791210334175793;-0.0656275090909091
19;Y ~ X1 + X2;0.5;300;1;1;1;0.334727272727273;0.806898424769147;0.715441920353168;440;1422;5.17862165963432;5.77858053738801;196;0.806380638063806;0.669752659941965;0.196996663636364
20;Y ~ X1 + X2;0.5;300;1;1;1;0.117454545454545;0.885448916408669;0.860475796821898;117;296;8.72972972972973;20.7267924787476;26;0.885424785658613;0.857142857142857;0.106787072727273
21;Y ~ X1 + X2;0.5;300;1;1;1;0.157090909090909;0.869137232194557;0.85045871559633;8980;453;7.61233480176211;9.81552983493551;1174;0.868621700879765;0.847090810222947;0.0679810727272727
22;Y ~ X1 + X2;0.5;300;1;1;1;0.440363636363636;0.885838150289017;0.805885057471264;708;1106;8.75949367088608;24.2269243510455;120;0.886041666666667;0.742551440329218;-0.0819458181818182
23;Y ~ X1 + X2;0.5;300;1;1;1;0.211727272727273;0.885787891799055;0.819449541284404;3254;532;8.75563909774436;18.8582714489649;483;0.885949696444059;0.801605771468466;-0.187388063636364
24;Y ~ X1 + X2;0.5;300;1;1;1;0.121363636363636;0.868263473053892;0.869035625973074;19;351;7.58522727272727;7.55880625152226;2;0.868222891566265;0.869148159733083;-0.0725028454545455
25;Y ~ X1 + X2;0.5;300;1;1;1;0.0230909090909091;0.830708661417323;0.81902488293086;6139;86;5.90697674418605;5.22272485662587;1135;0.830708661417323;0.818745886998214;0.0998059636363636
26;Y ~ X1 + X2;0.5;300;1;1;1;0.139363636363636;0.870841487279843;0.842187356638224;3013;396;7.74242424242424;19.5844991585485;446;0.869651086240948;0.83773987206823;0.0727526818181818
27;Y ~ X1 + X2;0.5;300;1;1;1;0.444727272727273;0.895543744889616;0.82139577594123;2276;1022;9.573385518591;34.4316030745084;311;0.895768833849329;0.761786600496278;0.143974418181818
28;Y ~ X1 + X2;0.5;300;1;1;1;0.104;0.867132867132867;0.816838046272494;697;304;7.52631578947368;8.34198458800446;199;0.866314863676341;0.81107124551512;-0.216044818181818
29;Y ~ X1 + X2;0.5;300;1;1;1;0.138181818181818;0.853947368421053;0.845843273995229;2902;444;6.84684684684685;13.8793757590391;507;0.855909694555113;0.844229131175468;0.133594990909091
30;Y ~ X1 + X2;0.5;300;1;1;1;0.264545454545455;0.838144329896907;0.717339449541284;2;942;6.17834394904459;36.6873802613807;1;0.838184338184338;0.673820813576242;0.208993827272727
31;Y ~ X1 + X2;0.5;300;1;1;1;0.253545454545455;0.853711007529581;0.762616993943843;2476;816;6.83578431372549;14.5994848238867;636;0.853940708604483;0.731554353172651;0.215582954545455
32;Y ~ X1 + X2;0.5;300;1;1;1;0.151272727272727;0.918870192307692;0.847995596734245;708;270;12.3259259259259;41.2936028491476;159;0.920364741641337;0.835133967156439;0.165750645454545
33;Y ~ X1 + X2;0.5;300;1;1;1;0.227818181818182;0.864325618515563;0.851868858481036;1488;680;7.37058823529412;21.4747780907799;123;0.864058087938685;0.848275862068966;-0.0909604
34;Y ~ X1 + X2;0.5;300;1;1;1;0.114818181818182;0.813935075217736;0.811811168258633;168;470;5.37446808510638;4.90118022089963;2;0.814342629482072;0.811481366137237;-0.0739285090909091
35;Y ~ X1 + X2;0.5;300;1;1;1;0.156363636363636;0.86046511627907;0.873796202879941;1325;480;7.16666666666667;15.1289206451889;177;0.859659424544921;0.876413043478261;-0.10205
36;Y ~ X1 + X2;0.5;300;1;1;1;0.150727272727273;0.881856540084388;0.837222120154327;2;391;8.5025641025641;21.9172234581194;2;0.881458966565349;0.829347473217184;-0.1812687
37;Y ~ X1 + X2;0.5;300;1;1;1;0.265;0.864104323953329;0.801798495136722;1861;793;7.34256926952141;12.9814757860655;368;0.864612188365651;0.779151061173533;0.111743263636364
38;Y ~ X1 + X2;0.5;300;1;1;1;0.231181818181818;0.888320880849391;0.792286501377411;1083;568;8.95422535211268;34.5287510112119;114;0.888623707239459;0.763371537726839;0.162157281818182
39;Y ~ X1 + X2;0.5;300;1;1;1;0.611454545454545;0.897561700862325;0.858021292217327;1556;1378;9.76197387518142;32.6444678999405;107;0.897759735378139;0.795759717314488;0.102577963636364
40;Y ~ X1 + X2;0.5;300;1;1;1;0.228090909090909;0.852530888800319;0.809270307480496;400;740;6.78108108108108;14.0627000502548;51;0.85380587998389;0.796124583927722;-0.160851372727273
41;Y ~ X1 + X2;0.5;300;1;1;1;0.132909090909091;0.880984952120383;0.837984211492565;290;348;8.40229885057471;15.1977027242654;15;0.881414701803051;0.831358442657639;0.100922818181818
42;Y ~ X1 + X2;0.5;300;1;1;1;0.247181818181818;0.867230599485105;0.844287158746208;518;722;7.53185595567867;12.8607805682096;95;0.867213726221559;0.836789460844108;-0.204108690909091
43;Y ~ X1 + X2;0.5;300;1;1;1;0.0311818181818182;0.860058309037901;0.865882785228734;6353;96;7.14583333333333;5.98931524993639;769;0.858823529411765;0.866110373601365;0.174399972727273
44;Y ~ X1 + X2;0.5;300;1;1;1;0.513181818181818;0.921332388377038;0.849321349963316;901;889;12.685393258427;56.6915145917192;151;0.92171581769437;0.773026935392729;0.101337190909091
45;Y ~ X1 + X2;0.5;300;1;1;1;0.458727272727273;0.870961347869177;0.815130674002751;3944;1303;7.73926380368098;15.4504149570504;590;0.870851659336266;0.767914619684906;0.165746636363636
46;Y ~ X1 + X2;0.5;300;1;1;1;0.501636363636364;0.882022471910112;0.815260306675236;291;1302;8.47619047619048;14.744510371002;43;0.88247121184427;0.747416974169742;-0.177633272727273
47;Y ~ X1 + X2;0.5;300;1;1;1;0.436090909090909;0.895329441201001;0.81539309331374;824;1005;9.53677932405567;27.2021746546346;116;0.895456457719815;0.75334202804043;-0.182133736363636
48;Y ~ X1 + X2;0.5;300;1;1;1;0.105090909090909;0.88840830449827;0.823340372784868;1202;258;8.96124031007752;26.0850181799747;162;0.888791593695271;0.815673402400246;-0.120348663636364
49;Y ~ X1 + X2;0.5;300;1;1;1;0.393727272727273;0.930039251904872;0.855767467449111;174;606;14.2937293729373;61.8363803976388;18;0.930189119775858;0.807640042276914;0.0273656
50;Y ~ X1 + X2;0.5;300;1;1;1;0.1;0.869090909090909;0.851409679493066;1963;288;7.63888888888889;17.4682974024778;287;0.868324125230203;0.849535856370499;-0.141203790909091
51;Y ~ X1 + X2;0.5;300;1;1;1;0.339454545454545;0.862346009641136;0.817714547957779;263;1028;7.26459143968872;15.6267386908931;39;0.861966504592112;0.794939524537745;-0.160923218181818
52;Y ~ X1 + X2;0.5;300;1;1;1;0.244272727272727;0.869371045775958;0.826638477801269;2095;702;7.65527065527066;17.3608169450048;274;0.869271224643125;0.812827065839114;-0.139373072727273
53;Y ~ X1 + X2;0.5;300;1;1;1;0.501363636363636;0.89193109700816;0.822093770070649;435;1192;9.25335570469799;23.8960192630379;40;0.891471449487555;0.752345906163753;0.133333627272727
54;Y ~ X1 + X2;0.5;300;1;1;1;0.102272727272727;0.841030195381883;0.834205933682374;2;357;6.32022471910112;6.05284972386763;2;0.841441441441441;0.833384473764959;0.123277372727273
55;Y ~ X1 + X2;0.5;300;1;1;1;0.181363636363636;0.886215538847118;0.827598862280943;4533;454;8.78854625550661;37.7796270788048;558;0.886146095717884;0.814561364146287;0.159911090909091
56;Y ~ X1 + X2;0.5;300;1;1;1;0.543727272727273;0.883129911386056;0.812821454812638;7;1398;8.54428571428571;22.5957706533855;2;0.883119079837618;0.729300643086817;0.1565515
57;Y ~ X1 + X2;0.5;300;1;1;1;0.236272727272727;0.86071565986918;0.757584114726972;3165;724;7.17955801104972;8.98711431032338;797;0.859867652783184;0.725959802623661;0.1888183
58;Y ~ X1 + X2;0.5;300;1;1;1;0.0943636363636364;0.830443159922929;0.8276020174232;6920;352;5.89772727272727;7.05980942312957;932;0.829268292682927;0.827429149797571;-0.0692451
59;Y ~ X1 + X2;0.5;300;1;1;1;0.246727272727273;0.894581643936602;0.847164782648654;657;573;9.45644599303136;24.1777512572269;97;0.89365671641791;0.83197171076698;0.122885063636364
60;Y ~ X1 + X2;0.5;300;1;1;1;0.0131818181818182;0.786206896551724;0.85072024956418;314;62;4.67741935483871;3.43886703023145;77;0.784722222222222;0.851603905160391;0.0731695636363636
61;Y ~ X1 + X2;0.5;300;1;1;1;0.0856363636363636;0.873673036093418;0.866887295458724;245;238;7.91596638655462;11.9466184364722;92;0.87378640776699;0.866244598532811;0.106324354545455
62;Y ~ X1 + X2;0.5;300;1;1;1;0.191181818181818;0.856803044719315;0.850362618195171;936;603;6.9635761589404;9.45185375088229;77;0.85789726356217;0.848581157775255;0.2154242
63;Y ~ X1 + X2;0.5;300;1;1;1;0.350090909090909;0.877402597402597;0.848926802421574;2198;945;8.14164904862579;25.9915040516723;227;0.877486910994764;0.833521604066648;0.213968654545455
64;Y ~ X1 + X2;0.5;300;1;1;1;0.192727272727273;0.907547169811321;0.828109201213347;1682;392;10.8163265306122;37.5134429070982;399;0.907010014306152;0.809268959234798;-0.0584608636363636
65;Y ~ X1 + X2;0.5;300;1;1;1;0.163181818181818;0.895879732739421;0.860255585179737;11;373;9.59893048128342;24.524392047543;2;0.895622895622896;0.853326003298516;0.128602254545455
66;Y ~ X1 + X2;0.5;300;1;1;1;0.331363636363636;0.884193194291987;0.80719794344473;2;845;8.61702127659574;15.3007726353568;1;0.883231876037631;0.769442154438032;-0.0963027818181818
67;Y ~ X1 + X2;0.5;300;1;1;1;0.351727272727273;0.866115275264926;0.833119030124908;1;1036;7.46911196911197;17.6783536889567;1;0.866579634464752;0.814961745536979;-0.108550472727273
68;Y ~ X1 + X2;0.5;300;1;1;1;0.391;0.852592420367356;0.745711402623612;171;1268;6.78391167192429;16.0588076013845;68;0.852416705771938;0.677210423256514;-0.199492163636364
69;Y ~ X1 + X2;0.5;300;1;1;1;0.200454545454545;0.871655328798186;0.760957271226848;210;566;7.79151943462898;13.0645831192692;64;0.873452544704264;0.732836676217765;0.214460618181818
70;Y ~ X1 + X2;0.5;300;1;1;1;0.144;0.821338383838384;0.733977011494253;5285;566;5.59717314487632;5.90890592965545;1183;0.822250639386189;0.71914939319085;-0.204764327272727
71;Y ~ X1 + X2;0.5;300;1;1;1;0.438181818181818;0.901016808466487;0.827189999080798;621;955;10.0836820083682;34.6538635259322;204;0.90119572057898;0.769469895287958;0.141609636363636
72;Y ~ X1 + X2;0.5;300;1;1;1;0.446454545454545;0.876603543066585;0.738324616937334;3;1212;8.09060955518946;29.3007624585254;2;0.875873407316071;0.627382728327532;0.191073918181818
73;Y ~ X1 + X2;0.5;300;1;1;1;0.328272727272727;0.809194129050125;0.77697247706422;1;1378;5.24092888243832;13.8747515065489;1;0.808284354883851;0.761703289204313;0.206861290909091
74;Y ~ X1 + X2;0.5;300;1;1;1;0.221727272727273;0.86879868798688;0.84335690019282;1488;640;7.621875;15.0515568378993;69;0.869511184755592;0.835908930046007;-0.0619564272727273
75;Y ~ X1 + X2;0.5;300;1;1;1;0.364818181818182;0.882880637926738;0.852862788346659;314;940;8.53829787234043;17.2519774607919;13;0.882871536523929;0.835624366951237;0.0744128636363636
76;Y ~ X1 + X2;0.5;300;1;1;1;0.349181818181818;0.875520833333333;0.801561065197429;188;957;8.01878914405011;14.9252552593202;37;0.874474789915966;0.762355266873764;0.166650754545455
77;Y ~ X1 + X2;0.5;300;1;1;1;0.195272727272727;0.926942764076315;0.844623705197543;253;313;13.6815286624204;39.1293119548308;2;0.928067700987306;0.824413573217946;-0.190171472727273
78;Y ~ X1 + X2;0.5;300;1;1;1;0.242181818181818;0.876126126126126;0.843339156017284;3657;660;8.07272727272727;11.9197231951927;430;0.875142314990512;0.833171560300898;-0.169226745454545
79;Y ~ X1 + X2;0.5;300;1;1;1;0.175181818181818;0.881162428645563;0.83506386106772;3679;458;8.41484716157205;30.2164406799823;405;0.880503144654088;0.825403899721448;0.101430109090909
80;Y ~ X1 + X2;0.5;300;1;1;1;0.154181818181818;0.86497641509434;0.817539026629936;1;458;7.4061135371179;12.4930211116377;1;0.864558472553699;0.808986325157369;-0.141818272727273
81;Y ~ X1 + X2;0.5;300;1;1;1;0.123454545454545;0.886514369933677;0.838265024811615;464;309;8.76129032258065;21.1700241001794;96;0.885501858736059;0.831603229527105;0.0684081909090909
82;Y ~ X1 + X2;0.5;300;1;1;1;0.292727272727273;0.875116495806151;0.773941786796437;775;805;7.99007444168735;15.4004555319464;173;0.875392341494036;0.731992212848799;0.183037709090909
83;Y ~ X1 + X2;0.5;300;1;1;1;0.578;0.904844290657439;0.813119266055046;678;1210;10.5090909090909;43.3332840889515;141;0.905086357154175;0.686641969928089;0.085439
84;Y ~ X1 + X2;0.5;300;1;1;1;0.351636363636364;0.91336953710887;0.835155747496095;2239;671;11.5119047619048;38.7026919647235;236;0.913702928870293;0.792605184870378;-0.153517381818182
85;Y ~ X1 + X2;0.5;300;1;1;1;0.360181818181818;0.915972747918244;0.867070040337367;9;665;11.8978978978979;55.3895440670295;2;0.915902140672783;0.839633447880871;-0.161495736363636
86;Y ~ X1 + X2;0.5;300;1;1;1;0.281454545454545;0.890503875968992;0.816137323297228;565;678;9.13274336283186;27.0577415968428;103;0.890192245030955;0.787092651757188;-0.00909587272727273
87;Y ~ X1 + X2;0.5;300;1;1;1;0.192818181818182;0.893396226415094;0.82875516766192;3576;453;9.34361233480176;20.707315435783;515;0.893301435406699;0.813416714042069;-0.147690954545455
88;Y ~ X1 + X2;0.5;300;1;1;1;0.33;0.885431010740843;0.796378010663725;6;831;8.72596153846154;16.0537320373248;2;0.886312849162011;0.752260893395451;0.0800637272727273
89;Y ~ X1 + X2;0.5;300;1;1;1;0.236454545454545;0.888461538461538;0.833302735450707;596;581;8.93814432989691;39.1215121436619;47;0.88845855925639;0.816169393647738;0.0468233727272727
90;Y ~ X1 + X2;0.5;300;1;1;1;0.430545454545455;0.877956081081081;0.779276798825257;950;1156;8.19377162629758;13.0054179869524;167;0.878407155025554;0.704193548387097;0.175478618181818
91;Y ~ X1 + X2;0.5;300;1;1;1;0.0463636363636364;0.849019607843137;0.778186161903887;4177;154;6.62337662337662;12.1004990773967;947;0.847524752475248;0.774812102524571;0.177444918181818
92;Y ~ X1 + X2;0.5;300;1;1;1;0.419818181818182;0.910764565735326;0.845864316533554;358;825;11.181598062954;29.63546239593;67;0.911300919842313;0.798640746009167;0.167441527272727
93;Y ~ X1 + X2;0.5;300;1;1;1;0.172272727272727;0.860158311345646;0.815151515151515;111;530;7.15094339622642;12.6598808973033;26;0.859042553191489;0.805993340732519;0.0993780545454545
94;Y ~ X1 + X2;0.5;300;1;1;1;0.129363636363636;0.767392832044975;0.74416681976851;1825;662;4.29909365558912;6.2020010769;316;0.766501064584812;0.740846259364778;0.204268390909091
95;Y ~ X1 + X2;0.5;300;1;1;1;0.113272727272727;0.863563402889246;0.853468075333027;4644;340;7.32941176470588;9.71899650905669;662;0.863489499192246;0.852182025500156;-0.198801418181818
96;Y ~ X1 + X2;0.5;300;1;1;1;0.212090909090909;0.90098585512216;0.854065450545421;1;462;10.0995670995671;35.7063330125496;1;0.901731601731602;0.841260611699035;-0.100681018181818
97;Y ~ X1 + X2;0.5;300;1;1;1;0.321909090909091;0.908474576271186;0.842781141075032;4509;649;10.8953846153846;38.2609801506609;578;0.908052541404911;0.811891891891892;-0.129032881818182
98;Y ~ X1 + X2;0.5;300;1;1;1;0.342363636363636;0.899097185342538;0.840610350216012;1356;760;9.91052631578947;32.3084963908295;102;0.89898177920686;0.810130124527774;0.141370809090909
99;Y ~ X1 + X2;0.5;300;1;1;1;0.0833636363636364;0.627044711014177;0.783858231567349;3413;684;2.6812865497076;3.8000849789534;748;0.627601314348302;0.798155943074764;0.207192727272727
100;Y ~ X1 + X2;0.5;300;1;1;1;0.132272727272727;0.881786941580756;0.853654058024238;1294;344;8.4593023255814;20.6888272693116;264;0.882638888888889;0.849238256453661;-0.0408484545454545
1;Y ~ X1 + X2;0.5;1;300;1;1;0.631636363636364;0.916798618108536;0.971428571428571;3;1157;12;11.2614417018494;1;0.956521739130435;1;0.2163434
2;Y ~ X1 + X2;0.5;1;300;1;1;0.647363636363636;0.915449438202247;0.91304347826087;245;1205;11.8092868988391;10.844955959174;38;1;0.789473684210526;-0.165919009090909
3;Y ~ X1 + X2;0.5;1;300;1;1;0.613181818181818;0.917420311341735;0.846153846153846;487;1114;12.1095152603232;11.5205727438934;59;0.894736842105263;0.8;0.158651018181818
4;Y ~ X1 + X2;0.5;1;300;1;1;0.0648181818181818;0.918653576437588;0.933333333333333;6129;116;12.2931034482759;15.7925239038055;777;NA;0.933333333333333;-0.119334218181818
5;Y ~ X1 + X2;0.5;1;300;1;1;0.112727272727273;0.905645161290323;0.857142857142857;3631;234;10.5982905982906;10.0807599510497;446;1;0.838709677419355;-0.109185609090909
6;Y ~ X1 + X2;0.5;1;300;1;1;0.509363636363636;0.917350946090682;0.909090909090909;1;927;12.0754310344828;11.6294814083332;1;0.875;0.941176470588235;0.200622854545455
7;Y ~ X1 + X2;0.5;1;300;1;1;0.455363636363636;0.918130990415335;0.930232558139535;7;821;12.1873479318735;11.423614204181;1;0.833333333333333;1;0.164903809090909
8;Y ~ X1 + X2;0.5;1;300;1;1;0.120727272727273;0.92394578313253;0.96551724137931;1;202;13.1485148514851;14.0181212283343;1;1;0.96;-0.0753872090909091
9;Y ~ X1 + X2;0.5;1;300;1;1;0.238090909090909;0.918289423444063;0.935483870967742;1;428;12.2383177570093;10.7548102120251;1;0.833333333333333;0.96;-0.0476154181818182
10;Y ~ X1 + X2;0.5;1;300;1;1;0.677545454545455;0.901381993827989;0.914285714285714;22;1470;10.1401360544218;9.07316355987198;7;0.961538461538462;0.777777777777778;0.179403418181818
11;Y ~ X1 + X2;0.5;1;300;1;1;0.230181818181818;0.913077834847886;0.810810810810811;2687;441;11.4570135746606;11.1727838211187;334;0.833333333333333;0.806451612903226;-0.203219654545455
12;Y ~ X1 + X2;0.5;1;300;1;1;0.636818181818182;0.917761279268989;0.833333333333333;626;1153;12.1403812824957;11.1747195089797;75;0.863636363636364;0.785714285714286;0.213323990909091
13;Y ~ X1 + X2;0.5;1;300;1;1;0.197909090909091;0.915441176470588;0.888888888888889;551;369;11.7675675675676;10.1325469472425;57;1;0.868421052631579;-0.0896207090909091
14;Y ~ X1 + X2;0.5;1;300;1;1;0.171545454545455;0.913619501854796;0.785714285714286;2968;326;11.5766871165644;9.57807147366243;386;0.857142857142857;0.771428571428571;0.118359936363636
15;Y ~ X1 + X2;0.5;1;300;1;1;0.536272727272727;0.916765553483641;0.857142857142857;2;982;12.0142566191446;11.635878732826;1;1;0.714285714285714;0.178182590909091
16;Y ~ X1 + X2;0.5;1;300;1;1;0.275;0.92;0.853658536585366;2723;484;12.5;12.7319150072186;351;0.857142857142857;0.851851851851852;-0.141050372727273
17;Y ~ X1 + X2;0.5;1;300;1;1;0.346363636363636;0.920451562089787;0.794117647058823;2052;607;12.5328947368421;12.7123119361177;253;0.666666666666667;0.84;0.122097209090909
18;Y ~ X1 + X2;0.5;1;300;1;1;0.387454545454545;0.91156462585034;0.9375;32;753;11.3050397877984;11.2294635754591;2;0.909090909090909;0.952380952380952;-0.0639852545454545
19;Y ~ X1 + X2;0.5;1;300;1;1;0.515818181818182;0.800282037722545;0.617647058823529;6;2267;5.00352733686067;4.39368738883775;3;0.733333333333333;0.526315789473684;0.199327618181818
20;Y ~ X1 + X2;0.5;1;300;1;1;0.384272727272727;0.918618405488526;0.941176470588235;149;688;12.2877906976744;13.3174416773906;15;1;0.916666666666667;0.106832009090909
21;Y ~ X1 + X2;0.5;1;300;1;1;0.152090909090909;0.915122534369396;0.78125;481;284;11.7816901408451;12.6149276636865;54;1;0.766666666666667;0.0680646818181818
22;Y ~ X1 + X2;0.5;1;300;1;1;0.393818181818182;0.91433848995613;0.86046511627907;5;743;11.6451612903226;10.5566321931914;2;0.944444444444444;0.8;-0.0817805909090909
23;Y ~ X1 + X2;0.5;1;300;1;1;0.236727272727273;0.921658986175115;0.869565217391304;5557;408;12.7647058823529;13.5557062462363;689;1;0.842105263157895;-0.188662709090909
24;Y ~ X1 + X2;0.5;1;300;1;1;0.388454545454545;0.922087037903603;0.894736842105263;26;665;12.8318318318318;11.6172107707537;2;0.857142857142857;0.916666666666667;-0.0733455818181818
25;Y ~ X1 + X2;0.5;1;300;1;1;0.166727272727273;0.917121046892039;0.82051282051282;8;304;12.0657894736842;10.7977622483216;3;1;0.787878787878788;0.0986359727272727
26;Y ~ X1 + X2;0.5;1;300;1;1;0.4;0.916799272561946;0.906976744186046;3047;733;11.9891008174387;11.6909142718466;387;0.952380952380952;0.863636363636364;0.0705578454545455
27;Y ~ X1 + X2;0.5;1;300;1;1;0.367363636363636;0.916584158415842;0.970588235294118;2276;675;11.9556213017751;10.8508001755462;285;1;0.947368421052632;0.144375963636364
28;Y ~ X1 + X2;0.5;1;300;1;1;0.679545454545455;0.90943143812709;0.828571428571429;18;1354;11.0413589364845;10.8613397474317;4;0.863636363636364;0.769230769230769;-0.217302427272727
29;Y ~ X1 + X2;0.5;1;300;1;1;0.454818181818182;0.913634546181527;0.975609756097561;2;865;11.554272517321;10.7403029687597;2;1;0.966666666666667;0.133538327272727
30;Y ~ X1 + X2;0.5;1;300;1;1;0.537454545454545;0.810723951285521;0.735294117647059;2;2238;5.28328865058088;4.7125984895746;1;0.75;0.714285714285714;0.212064754545455
31;Y ~ X1 + X2;0.5;1;300;1;1;0.613272727272727;0.84299481097109;0.785714285714286;5;2119;6.36415094339623;6.00168671096951;3;0.941176470588235;0.545454545454545;0.212963654545455
32;Y ~ X1 + X2;0.5;1;300;1;1;0.365181818181818;0.921085387104805;0.888888888888889;6;634;12.6719242902208;12.7045143135665;1;0.882352941176471;0.894736842105263;0.166422181818182
33;Y ~ X1 + X2;0.5;1;300;1;1;0.461818181818182;0.921062992125984;0.954545454545455;1900;802;12.6683291770574;11.5499878550313;223;0.96;0.947368421052632;-0.0896347636363636
34;Y ~ X1 + X2;0.5;1;300;1;1;0.120727272727273;0.92394578313253;0.96551724137931;1;202;13.1485148514851;14.0181212283343;1;1;0.96;-0.0753872090909091
35;Y ~ X1 + X2;0.5;1;300;1;1;0.270818181818182;0.908663532572196;0.935483870967742;895;545;10.9120879120879;11.3321980938961;135;1;0.92;-0.102261518181818
36;Y ~ X1 + X2;0.5;1;300;1;1;0.450090909090909;0.91781098546042;0.8;20;813;12.1646191646192;11.0551651343483;2;0.875;0.714285714285714;-0.182058463636364
37;Y ~ X1 + X2;0.5;1;300;1;1;0.284181818181818;0.915547024952015;0.934782608695652;3;528;11.8409090909091;11.4770921089305;2;1;0.914285714285714;0.1113267
38;Y ~ X1 + X2;0.5;1;300;1;1;0.606454545454545;0.915604856843052;0.882352941176471;904;1126;11.8490230905861;11.2629654005215;95;0.870967741935484;0.9;0.161720318181818
39;Y ~ X1 + X2;0.5;1;300;1;1;0.164909090909091;0.910694597574421;0.766666666666667;3174;324;11.1975308641975;9.90754747508641;433;0.714285714285714;0.782608695652174;0.103400481818182
40;Y ~ X1 + X2;0.5;1;300;1;1;0.443454545454545;0.910209102091021;0.836734693877551;2;876;11.1369863013699;10.1872380366053;1;0.896551724137931;0.75;-0.159523145454545
41;Y ~ X1 + X2;0.5;1;300;1;1;0.240454545454545;0.919092627599244;0.818181818181818;4;428;12.3598130841121;11.2001203867866;1;1;0.75;0.101045972727273
42;Y ~ X1 + X2;0.5;1;300;1;1;0.339272727272727;0.917202572347267;0.88;2;618;12.0776699029126;10.8938407360119;1;0.9;0.866666666666667;-0.203997727272727
43;Y ~ X1 + X2;0.5;1;300;1;1;0.159090909090909;0.912571428571429;0.823529411764706;131;306;11.437908496732;10.7414776900227;18;1;0.769230769230769;0.174876145454545
44;Y ~ X1 + X2;0.5;1;300;1;1;0.519909090909091;0.921126267925848;0.931034482758621;4;903;12.6526548672566;11.7626628294145;2;0.9375;0.923076923076923;0.0985573
45;Y ~ X1 + X2;0.5;1;300;1;1;0.633818181818182;0.917240390131956;0.935483870967742;6;1154;12.0831889081456;11.9807431522371;3;1;0.866666666666667;0.166128136363636
46;Y ~ X1 + X2;0.5;1;300;1;1;0.673636363636364;0.904048582995951;0.923076923076923;15;1422;10.42194092827;10.256527823199;5;0.931034482758621;0.9;-0.177150736363636
47;Y ~ X1 + X2;0.5;1;300;1;1;0.662636363636364;0.895307354555434;0.829268292682927;6;1527;9.54057591623037;8.87201426686765;2;0.857142857142857;0.769230769230769;-0.180738336363636
48;Y ~ X1 + X2;0.5;1;300;1;1;0.305545454545455;0.918476643855995;0.911764705882353;4;548;12.2664233576642;11.8802867306222;2;0.9;0.916666666666667;-0.119969081818182
49;Y ~ X1 + X2;0.5;1;300;1;1;0.302;0.913606261288381;0.972972972972973;2;574;11.5749128919861;11.0833049293395;2;1;0.95;0.0276968090909091
50;Y ~ X1 + X2;0.5;1;300;1;1;0.323727272727273;0.913788261724235;0.925;2;614;11.599348534202;10.8993793475794;1;1;0.9;-0.141645036363636
51;Y ~ X1 + X2;0.5;1;300;1;1;0.639454545454545;0.912270723730983;0.882352941176471;1;1235;11.3818770226537;10.9069942485327;1;0.947368421052632;0.8;-0.160692
52;Y ~ X1 + X2;0.5;1;300;1;1;0.488454545454545;0.917907669396873;0.926829268292683;22;883;12.1561085972851;11.0691731964716;1;1;0.88;-0.139979463636364
53;Y ~ X1 + X2;0.5;1;300;1;1;0.0507272727272727;0.935483870967742;0.827586206896552;7;72;15.5;15.5076018225164;1;1;0.814814814814815;0.134861945454545
54;Y ~ X1 + X2;0.5;1;300;1;1;0.389181818181818;0.914739546834852;0.857142857142857;14;730;11.6967213114754;11.6686368146053;2;0.916666666666667;0.826086956521739;0.122124881818182
55;Y ~ X1 + X2;0.5;1;300;1;1;0.297090909090909;0.921052631578947;0.909090909090909;2;516;12.6666666666667;14.3675127120347;1;0.888888888888889;0.916666666666667;0.158913527272727
56;Y ~ X1 + X2;0.5;1;300;1;1;0.524;0.91448395490026;0.9;19;985;11.6916835699797;11.0847745779688;2;1;0.823529411764706;0.156194009090909
57;Y ~ X1 + X2;0.5;1;300;1;1;0.654727272727273;0.872101097069851;0.8;12;1843;7.81127982646421;7.20757553947412;4;0.911764705882353;0.5625;0.189970327272727
58;Y ~ X1 + X2;0.5;1;300;1;1;0.383090909090909;0.914333175130517;0.866666666666667;1;722;11.6731301939058;11.3359591765517;1;0.846153846153846;0.882352941176471;-0.0694627909090909
59;Y ~ X1 + X2;0.5;1;300;1;1;0.277545454545455;0.917785784474288;0.911764705882353;3;502;12.1633466135458;13.181244673982;1;0.888888888888889;0.92;0.122507145454545
60;Y ~ X1 + X2;0.5;1;300;1;1;0.339909090909091;0.920566996523135;0.861111111111111;2;594;12.5892255892256;12.3082434365289;1;0.875;0.857142857142857;0.0748124727272727
61;Y ~ X1 + X2;0.5;1;300;1;1;0.174454545454545;0.918186555497655;0.837837837837838;1589;314;12.2229299363057;11.2047372800209;192;1;0.785714285714286;0.107184263636364
62;Y ~ X1 + X2;0.5;1;300;1;1;0.649363636363636;0.913889666760011;0.785714285714286;2;1231;11.5957792207792;11.0950328757412;2;0.8;0.769230769230769;0.214596572727273
63;Y ~ X1 + X2;0.5;1;300;1;1;0.622454545454545;0.918492550394391;0.864864864864865;7;1117;12.2486583184258;11.3610064182121;2;0.857142857142857;0.888888888888889;0.214149572727273
64;Y ~ X1 + X2;0.5;1;300;1;1;0.536090909090909;0.917924368322876;0.787878787878788;1;968;12.1838842975207;11.2491669162461;1;0.84;0.625;-0.0589047545454546
65;Y ~ X1 + X2;0.5;1;300;1;1;0.134;0.908474576271186;0.970588235294118;9;269;10.9185185185185;8.89243503062622;2;1;0.966666666666667;0.128094754545455
66;Y ~ X1 + X2;0.5;1;300;1;1;0.458454545454545;0.918302597660123;0.918918918918919;12;824;12.2402912621359;12.0694675371488;1;0.894736842105263;0.944444444444444;-0.0962249636363636
67;Y ~ X1 + X2;0.5;1;300;1;1;0.112727272727273;0.905645161290323;0.857142857142857;3631;234;10.5982905982906;10.0807599510497;446;1;0.838709677419355;-0.109185609090909
68;Y ~ X1 + X2;0.5;1;300;1;1;0.493909090909091;0.792341678939617;0.78125;2;2257;4.81222320637733;4.14435779398966;2;0.736842105263158;0.846153846153846;-0.1996693
69;Y ~ X1 + X2;0.5;1;300;1;1;0.656090909090909;0.861973392461197;0.7;10;1993;7.23871614844534;6.36736672358681;3;0.72;0.6;0.214018990909091
70;Y ~ X1 + X2;0.5;1;300;1;1;0.409818181818182;0.762369647215443;0.615384615384615;9;2143;4.20522388059702;3.43172037201976;3;0.5;0.714285714285714;-0.203713845454545
71;Y ~ X1 + X2;0.5;1;300;1;1;0.458545454545455;0.916931007137193;0.842105263157895;3;838;12.0381861575179;11.4197207313702;1;0.823529411764706;0.857142857142857;0.142786036363636
72;Y ~ X1 + X2;0.5;1;300;1;1;0.637454545454545;0.852538505419281;0.756756756756757;9;2068;6.77487922705314;6.27963356708419;2;0.833333333333333;0.615384615384615;0.192699381818182
73;Y ~ X1 + X2;0.5;1;300;1;1;0.337090909090909;0.735706580366775;0.851851851851852;13;1960;3.78367346938776;3.33246922711267;3;0.857142857142857;0.846153846153846;0.206971536363636
74;Y ~ X1 + X2;0.5;1;300;1;1;0.405636363636364;0.919542805916629;0.916666666666667;403;718;12.4289693593315;11.7827089863799;52;0.933333333333333;0.904761904761905;-0.0632285454545455
75;Y ~ X1 + X2;0.5;1;300;1;1;0.528090909090909;0.914443105525908;0.939393939393939;1;994;11.6881287726358;11.1080343597876;1;0.923076923076923;0.95;0.0710106
76;Y ~ X1 + X2;0.5;1;300;1;1;0.652727272727273;0.91126897896643;0.870967741935484;219;1275;11.2539184952978;11.2455723157695;22;0.952380952380952;0.7;0.165636118181818
77;Y ~ X1 + X2;0.5;1;300;1;1;0.274636363636364;0.917273328921244;0.853658536585366;11;499;12.084;11.2555628370649;2;1;0.8;-0.189271609090909
78;Y ~ X1 + X2;0.5;1;300;1;1;0.652545454545455;0.919894120925049;0.837209302325581;2;1150;12.4834782608696;11.7082413158379;1;0.863636363636364;0.80952380952381;-0.169298781818182
79;Y ~ X1 + X2;0.5;1;300;1;1;0.302272727272727;0.91187969924812;0.864864864864865;7;586;11.3481228668942;10.5467795947611;1;1;0.833333333333333;0.101140118181818
80;Y ~ X1 + X2;0.5;1;300;1;1;0.322636363636364;0.914881623449831;0.880952380952381;1;605;11.7128712871287;13.1032602739884;1;1;0.827586206896552;-0.141758063636364
81;Y ~ X1 + X2;0.5;1;300;1;1;0.516363636363636;0.916901408450704;0.918918918918919;539;944;12.0338983050847;12.3253366191435;62;0.823529411764706;1;0.0671737272727273
82;Y ~ X1 + X2;0.5;1;300;1;1;0.680363636363636;0.895644040619989;0.833333333333333;1;1562;9.58258642765685;8.97545964649823;1;0.888888888888889;0.666666666666667;0.182259936363636
83;Y ~ X1 + X2;0.5;1;300;1;1;0.250909090909091;0.922073214932947;0.945945945945946;1;431;12.7777777777778;11.4040656424932;1;0.818181818181818;1;0.0850724909090909
84;Y ~ X1 + X2;0.5;1;300;1;1;0.393818181818182;0.921496190256292;0.90625;3;681;12.7038123167155;12.2890535992269;2;0.923076923076923;0.894736842105263;-0.153697990909091
85;Y ~ X1 + X2;0.5;1;300;1;1;0.187909090909091;0.911025145067698;0.909090909090909;2;367;11.2950819672131;9.5405627882961;2;1;0.896551724137931;-0.163163381818182
86;Y ~ X1 + X2;0.5;1;300;1;1;0.525090909090909;0.912207792207792;0.833333333333333;2;1015;11.3700787401575;10.715472526822;1;0.888888888888889;0.777777777777778;-0.0102882
87;Y ~ X1 + X2;0.5;1;300;1;1;0.00690909090909091;0.881578947368421;1;3466;18;8.44444444444444;3.16666666666667;398;1;1;-0.148195218181818
88;Y ~ X1 + X2;0.5;1;300;1;1;0.332909090909091;0.913162206444566;0.866666666666667;9;636;11.4796238244514;11.732288612392;2;0.916666666666667;0.833333333333333;0.0799017818181818
89;Y ~ X1 + X2;0.5;1;300;1;1;0.347727272727273;0.923660130718954;0.925;410;584;13.0993150684932;11.5556504770827;57;1;0.884615384615385;0.0464373454545455
90;Y ~ X1 + X2;0.5;1;300;1;1;0.703909090909091;0.914492379230173;0.972222222222222;3;1325;11.6787330316742;11.1542718122363;3;0.962962962962963;1;0.174946754545455
91;Y ~ X1 + X2;0.5;1;300;1;1;0.693727272727273;0.911009174311927;0.9375;2;1359;11.2220588235294;10.3668689675783;1;0.952380952380952;0.909090909090909;0.175278427272727
92;Y ~ X1 + X2;0.5;1;300;1;1;0.705272727272727;0.918654118860384;0.926829268292683;7;1263;12.2753164556962;12.0844948486711;1;0.941176470588235;0.857142857142857;0.167515227272727
93;Y ~ X1 + X2;0.5;1;300;1;1;0.276636363636364;0.916173570019724;0.878787878787879;6787;511;11.88671875;11.3250918437604;803;0.916666666666667;0.857142857142857;0.0999864727272727
94;Y ~ X1 + X2;0.5;1;300;1;1;0.393;0.75942632431182;0.633333333333333;10;2080;4.15673076923077;3.60614555179447;7;0.692307692307692;0.588235294117647;0.203388190909091
95;Y ~ X1 + X2;0.5;1;300;1;1;0.282363636363636;0.9243399871217;0.962962962962963;2162;470;13.2170212765957;13.2494044237851;281;1;0.95;-0.199458136363636
96;Y ~ X1 + X2;0.5;1;300;1;1;0.472363636363636;0.917613089509143;0.837837837837838;3;857;12.1118881118881;11.7147392353367;1;1;0.76;-0.0998759636363636
97;Y ~ X1 + X2;0.5;1;300;1;1;0.322272727272727;0.920169252468265;0.918918918918919;782;566;12.5265017667845;12.3211389643386;90;1;0.884615384615385;-0.130306363636364
98;Y ~ X1 + X2;0.5;1;300;1;1;0.392818181818182;0.918287037037037;0.886363636363636;1444;707;12.2062146892655;10.9002620141188;182;0.863636363636364;0.909090909090909;0.139871309090909
99;Y ~ X1 + X2;0.5;1;300;1;1;0.232363636363636;0.715962441314554;0.615384615384615;40;1452;3.52066115702479;2.90616231899346;9;1;0.545454545454545;0.208196818181818
100;Y ~ X1 + X2;0.5;1;300;1;1;0.243818181818182;0.929903057419836;0.918367346938776;496;376;14.2659574468085;13.719633873535;66;0.909090909090909;0.921052631578947;-0.0408923454545455
1;Y ~ X1 + X2;0.5;1;1;300;1;0.000545454545454545;0.666666666666667;1;3745;4;3;1.4142135623731;18;NA;1;0.212939754545455
2;Y ~ X1 + X2;0.5;1;1;300;1;0.000727272727272727;0.875;1;6980;2;8;NA;28;NA;1;-0.166064172727273
3;Y ~ X1 + X2;0.5;1;1;300;1;9.09090909090909e-05;0;1;3907;2;1;NA;25;NA;1;0.158300054545455
4;Y ~ X1 + X2;0.5;1;1;300;1;0.00290909090909091;0.9375;1;1438;4;16;15.556349186104;3;NA;1;-0.117388272727273
5;Y ~ X1 + X2;0.5;1;1;300;1;0.00209090909090909;0.782608695652174;1;706;10;4.6;3.78153408023781;7;NA;1;-0.109188127272727
6;Y ~ X1 + X2;0.5;1;1;300;1;0.001;0.818181818181818;1;89;4;5.5;6.36396103067893;1;NA;1;0.199549072727273
7;Y ~ X1 + X2;0.5;1;1;300;1;0.000363636363636364;0.75;1;642;2;4;NA;5;NA;1;0.164720581818182
8;Y ~ X1 + X2;0.5;1;1;300;1;0.00272727272727273;0.933333333333333;0.96551724137931;333;4;15;14.142135623731;5;NA;0.96551724137931;-0.0774272727272727
9;Y ~ X1 + X2;0.5;1;1;300;1;0;NA;1;NA;NA;NA;NA;0;NA;1;-0.0494644272727273
10;Y ~ X1 + X2;0.5;1;1;300;1;0.000727272727272727;0.625;0.971428571428571;308;6;2.66666666666667;0.577350269189626;6;0;1;0.1811567
11;Y ~ X1 + X2;0.5;1;1;300;1;0.00163636363636364;0.722222222222222;0.972972972972973;2646;10;3.6;1.14017542509914;1;NA;0.972972972972973;-0.203420936363636
12;Y ~ X1 + X2;0.5;1;1;300;1;9.09090909090909e-05;0;1;4955;2;1;NA;26;NA;1;0.211284654545455
13;Y ~ X1 + X2;0.5;1;1;300;1;0.003;0.909090909090909;1;640;6;11;8.54400374531753;8;NA;1;-0.0880069272727273
14;Y ~ X1 + X2;0.5;1;1;300;1;0.000727272727272727;0.75;1;4647;4;4;1.4142135623731;9;NA;1;0.118944327272727
15;Y ~ X1 + X2;0.5;1;1;300;1;0.00154545454545455;0.823529411764706;1;164;6;5.66666666666667;5.5075705472861;1;NA;1;0.174633236363636
16;Y ~ X1 + X2;0.5;1;1;300;1;0.000454545454545455;0.6;1;2689;4;2.5;0.707106781186548;5;NA;1;-0.142863054545455
17;Y ~ X1 + X2;0.5;1;1;300;1;0.000181818181818182;0.5;1;1111;2;2;NA;11;NA;1;0.121618072727273
18;Y ~ X1 + X2;0.5;1;1;300;1;0.00109090909090909;0.769230769230769;0.96875;477;5;4;5.19615242270663;2;0;1;-0.0650285
19;Y ~ X1 + X2;0.5;1;1;300;1;0.000545454545454545;0.833333333333333;1;5147;2;6;NA;37;NA;1;0.205147518181818
20;Y ~ X1 + X2;0.5;1;1;300;1;0.000545454545454545;0.666666666666667;1;353;4;3;2.82842712474619;3;NA;1;0.106939772727273
21;Y ~ X1 + X2;0.5;1;1;300;1;0;NA;1;NA;NA;NA;NA;0;NA;1;0.0676914272727273
22;Y ~ X1 + X2;0.5;1;1;300;1;0.00109090909090909;0.75;1;2093;6;4;3;3;NA;1;-0.0836529090909091
23;Y ~ X1 + X2;0.5;1;1;300;1;0.000545454545454545;0.833333333333333;1;7068;2;6;NA;21;NA;1;-0.187663090909091
24;Y ~ X1 + X2;0.5;1;1;300;1;0.001;0.583333333333333;0.973684210526316;6119;9;2.75;2.21735578260835;39;NA;0.973684210526316;-0.0735279
25;Y ~ X1 + X2;0.5;1;1;300;1;0.000636363636363636;0.571428571428571;1;1487;6;2.33333333333333;2.3094010767585;7;NA;1;0.0998994090909091
26;Y ~ X1 + X2;0.5;1;1;300;1;9.09090909090909e-05;0;1;9575;2;1;NA;19;NA;1;0.0712955909090909
27;Y ~ X1 + X2;0.5;1;1;300;1;0.00254545454545455;0.857142857142857;0.970588235294118;2501;8;7;6.6332495807108;9;NA;0.970588235294118;0.143934090909091
28;Y ~ X1 + X2;0.5;1;1;300;1;0.00236363636363636;0.884615384615385;1;697;6;8.66666666666667;6.80685928555405;6;NA;1;-0.216006172727273
29;Y ~ X1 + X2;0.5;1;1;300;1;0.002;0.909090909090909;1;3266;4;11;11.3137084989848;27;NA;1;0.134790336363636
30;Y ~ X1 + X2;0.5;1;1;300;1;0.002;0.818181818181818;0.970588235294118;472;8;5.5;3.69684550213647;4;NA;0.970588235294118;0.209372745454545
31;Y ~ X1 + X2;0.5;1;1;300;1;0.00290909090909091;0.75;1;440;16;4;3.29501788419166;6;NA;1;0.213565736363636
32;Y ~ X1 + X2;0.5;1;1;300;1;0;NA;0.972222222222222;NA;NA;NA;NA;0;NA;0.972222222222222;0.165800690909091
33;Y ~ X1 + X2;0.5;1;1;300;1;0.00109090909090909;0.916666666666667;1;7581;2;12;NA;50;NA;1;-0.0904105090909091
34;Y ~ X1 + X2;0.5;1;1;300;1;0.00272727272727273;0.933333333333333;0.96551724137931;333;4;15;14.142135623731;5;NA;0.96551724137931;-0.0774272727272727
35;Y ~ X1 + X2;0.5;1;1;300;1;0;NA;1;NA;NA;NA;NA;0;NA;1;-0.103123181818182
36;Y ~ X1 + X2;0.5;1;1;300;1;9.09090909090909e-05;0.5;1;NA;1;1;NA;0;NA;1;-0.181534818181818
37;Y ~ X1 + X2;0.5;1;1;300;1;9.09090909090909e-05;0;1;306;2;1;NA;4;NA;1;0.115308063636364
38;Y ~ X1 + X2;0.5;1;1;300;1;0.000181818181818182;0.5;1;4194;2;2;NA;9;NA;1;0.162056509090909
39;Y ~ X1 + X2;0.5;1;1;300;1;0.000545454545454545;0.833333333333333;1;8265;2;6;NA;21;NA;1;0.104462236363636
40;Y ~ X1 + X2;0.5;1;1;300;1;0.000545454545454545;0.666666666666667;1;4564;4;3;0;11;1;1;-0.160152863636364
41;Y ~ X1 + X2;0.5;1;1;300;1;0.000272727272727273;0.666666666666667;1;3952;2;3;NA;18;NA;1;0.101065263636364
42;Y ~ X1 + X2;0.5;1;1;300;1;0.00136363636363636;0.866666666666667;0.96;3413;4;7.5;0.707106781186548;12;NA;0.96;-0.203054036363636
43;Y ~ X1 + X2;0.5;1;1;300;1;0.00254545454545455;0.821428571428571;1;1824;10;5.6;4.50555213042752;12;1;1;0.175542327272727
44;Y ~ X1 + X2;0.5;1;1;300;1;0.00136363636363636;0.8;1;2391;6;5;1.73205080756888;12;NA;1;0.103038481818182
45;Y ~ X1 + X2;0.5;1;1;300;1;9.09090909090909e-05;0;1;8773;2;1;NA;23;NA;1;0.165888072727273
46;Y ~ X1 + X2;0.5;1;1;300;1;0.00136363636363636;0.866666666666667;0.974358974358974;3655;4;7.5;3.53553390593274;15;NA;0.974358974358974;-0.177279963636364
47;Y ~ X1 + X2;0.5;1;1;300;1;0.001;0.727272727272727;0.975609756097561;4523;6;3.66666666666667;2.51661147842358;13;NA;0.975609756097561;-0.187065790909091
48;Y ~ X1 + X2;0.5;1;1;300;1;0.00290909090909091;0.875;1;1961;8;8;4.96655480858378;17;NA;1;-0.123294072727273
49;Y ~ X1 + X2;0.5;1;1;300;1;0.00172727272727273;0.842105263157895;1;862;6;6.33333333333333;3.78593889720018;9;NA;1;0.0341118
50;Y ~ X1 + X2;0.5;1;1;300;1;0.00172727272727273;0.894736842105263;1;7895;4;9.5;0.707106781186548;24;NA;1;-0.1411014
51;Y ~ X1 + X2;0.5;1;1;300;1;0.000454545454545455;0.6;1;8968;4;2.5;0.707106781186548;41;NA;1;-0.160176118181818
52;Y ~ X1 + X2;0.5;1;1;300;1;0.003;0.909090909090909;1;6332;6;11;15.6204993518133;35;NA;1;-0.140606863636364
53;Y ~ X1 + X2;0.5;1;1;300;1;0.00145454545454545;0.8125;1;6445;6;5.33333333333333;2.51661147842358;31;NA;1;0.134250490909091
54;Y ~ X1 + X2;0.5;1;1;300;1;0;0;1;NA;1;NA;NA;0;NA;1;0.122375736363636
55;Y ~ X1 + X2;0.5;1;1;300;1;0.00263636363636364;0.827586206896552;1;3632;10;5.8;4.20713679359253;22;NA;1;0.159894372727273
56;Y ~ X1 + X2;0.5;1;1;300;1;0.00454545454545455;0.882352941176471;1;4434;11;8.33333333333333;6.97614984548545;21;NA;1;0.1551245
57;Y ~ X1 + X2;0.5;1;1;300;1;0.00127272727272727;0.642857142857143;1;1816;10;2.8;2.04939015319192;13;NA;1;0.189309754545455
58;Y ~ X1 + X2;0.5;1;1;300;1;0.00254545454545455;0.928571428571429;1;619;4;14;16.9705627484771;1;NA;1;-0.0600593272727273
59;Y ~ X1 + X2;0.5;1;1;300;1;0.00163636363636364;0.777777777777778;1;3207;8;4.5;3.87298334620742;14;NA;1;0.122377381818182
60;Y ~ X1 + X2;0.5;1;1;300;1;0.00163636363636364;0.833333333333333;1;2019;6;6;3.60555127546399;11;NA;1;0.0768517
61;Y ~ X1 + X2;0.5;1;1;300;1;0.00127272727272727;0.857142857142857;0.972972972972973;1882;4;7;8.48528137423857;11;NA;0.972972972972973;0.105993827272727
62;Y ~ X1 + X2;0.5;1;1;300;1;0.000454545454545455;0.6;1;6033;4;2.5;2.12132034355964;23;NA;1;0.214865836363636
63;Y ~ X1 + X2;0.5;1;1;300;1;0.000909090909090909;0.7;1;2383;6;3.33333333333333;2.08166599946613;11;NA;1;0.208165581818182
64;Y ~ X1 + X2;0.5;1;1;300;1;0.000727272727272727;0.875;1;8855;2;8;NA;53;NA;1;-0.0589075818181818
65;Y ~ X1 + X2;0.5;1;1;300;1;0.00172727272727273;0.8;1;3500;7;4.75;5.5;14;NA;1;0.128013090909091
66;Y ~ X1 + X2;0.5;1;1;300;1;0.00109090909090909;0.75;1;1794;6;4;3.60555127546399;8;NA;1;-0.0984289636363636
67;Y ~ X1 + X2;0.5;1;1;300;1;0.00209090909090909;0.782608695652174;1;706;10;4.6;3.78153408023781;7;NA;1;-0.109188127272727
68;Y ~ X1 + X2;0.5;1;1;300;1;0.00336363636363636;0.810810810810811;1;3096;14;5.28571428571429;5.96417878432803;12;NA;1;-0.203031972727273
69;Y ~ X1 + X2;0.5;1;1;300;1;0.001;0.727272727272727;1;1447;6;3.66666666666667;1.52752523165195;3;NA;1;0.210377736363636
70;Y ~ X1 + X2;0.5;1;1;300;1;0.00209090909090909;0.826086956521739;1;2405;8;5.75;4.42530601578392;12;NA;1;-0.204186445454545
71;Y ~ X1 + X2;0.5;1;1;300;1;0.00127272727272727;0.928571428571429;1;2253;2;14;NA;18;NA;1;0.142233827272727
72;Y ~ X1 + X2;0.5;1;1;300;1;0.004;0.822222222222222;1;113;15;5.5;4.44007721940573;2;NA;1;0.194725081818182
73;Y ~ X1 + X2;0.5;1;1;300;1;0.00118181818181818;0.769230769230769;1;4984;6;4.33333333333333;2.3094010767585;21;NA;1;0.2049772
74;Y ~ X1 + X2;0.5;1;1;300;1;0.000636363636363636;0.714285714285714;1;6608;4;3.5;2.12132034355964;26;NA;1;-0.0620104090909091
75;Y ~ X1 + X2;0.5;1;1;300;1;0.00227272727272727;0.84;1;367;8;6.25;4.3493294502333;1;NA;1;0.0756282545454545
76;Y ~ X1 + X2;0.5;1;1;300;1;0.00127272727272727;0.714285714285714;0.967741935483871;737;8;3.5;2.38047614284762;6;NA;0.967741935483871;0.166431218181818
77;Y ~ X1 + X2;0.5;1;1;300;1;0.000454545454545455;0.833333333333333;1;NA;1;5;NA;0;NA;1;-0.189531563636364
78;Y ~ X1 + X2;0.5;1;1;300;1;0.00363636363636364;0.85;1;430;12;6.66666666666667;6.53197264742181;3;NA;1;-0.171120790909091
79;Y ~ X1 + X2;0.5;1;1;300;1;0.00290909090909091;0.875;0.972972972972973;105;8;8;9.01849950564579;5;NA;0.972972972972973;0.102991672727273
80;Y ~ X1 + X2;0.5;1;1;300;1;0.00290909090909091;0.90625;0.976190476190476;1;6;10.6666666666667;5.5075705472861;1;NA;0.976190476190476;-0.1418744
81;Y ~ X1 + X2;0.5;1;1;300;1;0.00118181818181818;0.769230769230769;1;507;6;4.33333333333333;1.52752523165195;10;NA;1;0.0676687636363636
82;Y ~ X1 + X2;0.5;1;1;300;1;0.00554545454545455;0.918032786885246;0.979166666666667;1610;10;12.2;10.1833196944808;12;1;0.978723404255319;0.184859681818182
83;Y ~ X1 + X2;0.5;1;1;300;1;0.00436363636363636;0.916666666666667;1;56;8;12;15.1657508881031;1;NA;1;0.0852734090909091
84;Y ~ X1 + X2;0.5;1;1;300;1;0.00154545454545455;0.764705882352941;1;127;8;4.25;1.70782512765993;3;NA;1;-0.151357636363636
85;Y ~ X1 + X2;0.5;1;1;300;1;0.00327272727272727;0.891891891891892;1;7160;7;9;4.54606056566195;35;NA;1;-0.162359754545455
86;Y ~ X1 + X2;0.5;1;1;300;1;0.000636363636363636;0.714285714285714;1;473;4;3.5;3.53553390593274;5;NA;1;-0.00912494545454545
87;Y ~ X1 + X2;0.5;1;1;300;1;0.000272727272727273;0.333333333333333;1;2028;4;1.5;0.707106781186548;5;NA;1;-0.149274527272727
88;Y ~ X1 + X2;0.5;1;1;300;1;0;0;1;NA;1;NA;NA;0;NA;1;0.0819383818181818
89;Y ~ X1 + X2;0.5;1;1;300;1;0.00272727272727273;0.833333333333333;1;2513;10;6;4.79583152331272;22;NA;1;0.0465770181818182
90;Y ~ X1 + X2;0.5;1;1;300;1;0.00118181818181818;0.769230769230769;1;4207;6;4.33333333333333;3.21455025366432;33;NA;1;0.178432818181818
91;Y ~ X1 + X2;0.5;1;1;300;1;0.000636363636363636;0.714285714285714;1;2757;4;3.5;0.707106781186548;15;NA;1;0.177523145454545
92;Y ~ X1 + X2;0.5;1;1;300;1;0.00181818181818182;0.9;1;4209;4;10;7.07106781186548;22;NA;1;0.167912790909091
93;Y ~ X1 + X2;0.5;1;1;300;1;0;NA;1;NA;NA;NA;NA;0;NA;1;0.0994953545454545
94;Y ~ X1 + X2;0.5;1;1;300;1;0.00272727272727273;0.9;1;919;6;10;4.58257569495584;9;NA;1;0.205524954545455
95;Y ~ X1 + X2;0.5;1;1;300;1;0.00309090909090909;0.911764705882353;1;2196;6;11.3333333333333;8.32666399786453;12;NA;1;-0.198716354545455
96;Y ~ X1 + X2;0.5;1;1;300;1;0.000545454545454545;0.833333333333333;1;1117;2;6;NA;7;NA;1;-0.100029745454545
97;Y ~ X1 + X2;0.5;1;1;300;1;0.00172727272727273;0.894736842105263;1;5176;4;9.5;4.94974746830583;7;NA;1;-0.130254409090909
98;Y ~ X1 + X2;0.5;1;1;300;1;0.00118181818181818;0.846153846153846;1;3948;4;6.5;4.94974746830583;16;NA;1;0.140847581818182
99;Y ~ X1 + X2;0.5;1;1;300;1;0.000636363636363636;0.714285714285714;0.961538461538462;5545;4;3.5;0.707106781186548;23;NA;0.961538461538462;0.207795790909091
100;Y ~ X1 + X2;0.5;1;1;300;1;0.000272727272727273;0.666666666666667;1;5852;2;3;NA;18;NA;1;-0.0424162727272727
1;Y ~ X1 + X2;0.5;1;1;1;300;0.354727272727273;0.887208408100487;0.6;2;881;8.84807256235828;8.40816984486977;1;0.727272727272727;0.541666666666667;0.216712536363636
2;Y ~ X1 + X2;0.5;1;1;1;300;0.350181818181818;0.899246948844456;0.804347826086957;87;777;9.90231362467866;9.75581876563848;15;0.789473684210526;0.814814814814815;-0.166253863636364
3;Y ~ X1 + X2;0.5;1;1;1;300;0.366818181818182;0.902850061957869;0.794871794871795;12;784;10.2933673469388;9.27213778023203;3;1;0.652173913043478;0.158486927272727
4;Y ~ X1 + X2;0.5;1;1;1;300;0.364727272727273;0.895812562313061;0.866666666666667;24;836;9.59808612440191;9.16050306872833;4;0.909090909090909;0.842105263157895;-0.118578645454545
5;Y ~ X1 + X2;0.5;1;1;1;300;0.392636363636364;0.904839083121093;0.8;13;822;10.5085158150852;10.5197514802611;4;0.8;0.8;-0.109697136363636
6;Y ~ X1 + X2;0.5;1;1;1;300;0.393636363636364;0.90715935334873;0.878787878787879;5;804;10.771144278607;10.3141363991335;2;0.833333333333333;0.904761904761905;0.201273045454545
7;Y ~ X1 + X2;0.5;1;1;1;300;0.379181818181818;0.904099736274275;0.883720930232558;15;800;10.4275;10.0342642928991;2;0.95;0.826086956521739;0.165106809090909
8;Y ~ X1 + X2;0.5;1;1;1;300;0.369636363636364;0.896458435809149;0.931034482758621;8;842;9.65795724465558;8.73018107094583;2;1;0.9;-0.0753815909090909
9;Y ~ X1 + X2;0.5;1;1;1;300;0.357545454545455;0.897025171624714;0.838709677419355;35;810;9.71111111111111;9.63712910703922;7;0.8;0.857142857142857;-0.0489198909090909
10;Y ~ X1 + X2;0.5;1;1;1;300;0.359636363636364;0.892568250758342;0.742857142857143;15;850;9.30823529411765;9.46101997678421;9;1;0.571428571428571;0.178360609090909
11;Y ~ X1 + X2;0.5;1;1;1;300;0.367272727272727;0.898514851485149;0.810810810810811;9;820;9.85365853658537;8.75211738435469;4;0.7;0.851851851851852;-0.202583236363636
12;Y ~ X1 + X2;0.5;1;1;1;300;0.370909090909091;0.899019607843137;0.833333333333333;7;824;9.90291262135922;9.14284005890464;3;0.941176470588235;0.736842105263158;0.211997681818182
13;Y ~ X1 + X2;0.5;1;1;1;300;0.377090909090909;0.899710703953713;0.822222222222222;43;832;9.97115384615385;9.55537492674841;14;0.916666666666667;0.787878787878788;-0.0896461272727273
14;Y ~ X1 + X2;0.5;1;1;1;300;0.366727272727273;0.900594942984631;0.857142857142857;33;802;10.0598503740648;8.961384322612;10;0.941176470588235;0.8;0.118839518181818
15;Y ~ X1 + X2;0.5;1;1;1;300;0.396363636363636;0.902271163110805;0.928571428571429;42;853;10.2107728337237;9.59643792054262;6;1;0.882352941176471;0.175523372727273
16;Y ~ X1 + X2;0.5;1;1;1;300;0.376818181818182;0.901544401544402;0.878048780487805;14;817;10.1344743276284;9.9746742921885;4;0.944444444444444;0.826086956521739;-0.141316645454545
17;Y ~ X1 + X2;0.5;1;1;1;300;0.379181818181818;0.89714696715416;0.852941176470588;23;858;9.72261072261072;8.54837672134726;4;0.833333333333333;0.863636363636364;0.122149727272727
18;Y ~ X1 + X2;0.5;1;1;1;300;0.374727272727273;0.902498180936211;0.90625;55;803;10.2537313432836;9.71644355302725;12;1;0.85;-0.0639706272727273
19;Y ~ X1 + X2;0.5;1;1;1;300;0.243727272727273;0.841850055949273;0.705882352941177;14;848;6.32311320754717;5.47392993754478;7;1;0.6;0.196965663636364
20;Y ~ X1 + X2;0.5;1;1;1;300;0.375727272727273;0.89958867650617;0.794117647058823;2;830;9.95903614457831;9.03218929790464;1;0.769230769230769;0.80952380952381;0.107404
21;Y ~ X1 + X2;0.5;1;1;1;300;0.37;0.905382157778324;0.84375;13;771;10.5440414507772;10.5768371399011;2;0.888888888888889;0.826086956521739;0.0681622090909091
22;Y ~ X1 + X2;0.5;1;1;1;300;0.379636363636364;0.900622605363985;0.930232558139535;18;830;10.0626506024096;9.24497135597485;5;0.941176470588235;0.923076923076923;-0.0822311727272727
23;Y ~ X1 + X2;0.5;1;1;1;300;0.375727272727273;0.904185821437213;0.826086956521739;21;792;10.4368686868687;9.86432284076124;4;1;0.724137931034483;-0.187455081818182
24;Y ~ X1 + X2;0.5;1;1;1;300;0.405909090909091;0.906627854903717;0.789473684210526;21;833;10.7074340527578;10.8888955162381;5;0.904761904761905;0.647058823529412;-0.0733526454545455
25;Y ~ X1 + X2;0.5;1;1;1;300;0.374818181818182;0.906621392190153;0.846153846153846;8;770;10.7090909090909;8.97267527079586;3;0.941176470588235;0.772727272727273;0.0998787818181818
26;Y ~ X1 + X2;0.5;1;1;1;300;0.403272727272727;0.905524239007892;0.837209302325581;39;839;10.5619047619048;10.4526880986342;11;1;0.730769230769231;0.0715559
27;Y ~ X1 + X2;0.5;1;1;1;300;0.422454545454545;0.907877744296169;0.705882352941177;19;857;10.8321678321678;10.1170620301202;4;1;0.583333333333333;0.144891245454545
28;Y ~ X1 + X2;0.5;1;1;1;300;0.355;0.893954918032787;0.742857142857143;60;829;9.40963855421687;8.73639196436559;16;0.909090909090909;0.666666666666667;-0.217217563636364
29;Y ~ X1 + X2;0.5;1;1;1;300;0.382454545454545;0.899690991205134;0.829268292682927;25;844;9.96919431279621;9.44424814912735;3;0.9375;0.76;0.1319785
30;Y ~ X1 + X2;0.5;1;1;1;300;0.278090909090909;0.850277868584505;0.588235294117647;15;916;6.67903930131004;6.18493595545411;10;0.857142857142857;0.518518518518518;0.213333036363636
31;Y ~ X1 + X2;0.5;1;1;1;300;0.323272727272727;0.869479606188467;0.892857142857143;22;929;7.64731182795699;7.63868319180138;10;1;0.857142857142857;0.214887172727273
32;Y ~ X1 + X2;0.5;1;1;1;300;0.384181818181818;0.899432087079981;0.805555555555556;32;850;9.94352941176471;9.44255780449513;11;1;0.631578947368421;0.165816045454545
33;Y ~ X1 + X2;0.5;1;1;1;300;0.373727272727273;0.905619070785697;0.795454545454545;13;776;10.5953608247423;9.79815302553733;5;0.928571428571429;0.733333333333333;-0.0907359272727273
34;Y ~ X1 + X2;0.5;1;1;1;300;0.369636363636364;0.896458435809149;0.931034482758621;8;842;9.65795724465558;8.73018107094583;2;1;0.9;-0.0753815909090909
35;Y ~ X1 + X2;0.5;1;1;1;300;0.379363636363636;0.898873711957824;0.774193548387097;6;844;9.88862559241706;9.84243628507479;3;0.888888888888889;0.727272727272727;-0.1020871
36;Y ~ X1 + X2;0.5;1;1;1;300;0.391;0.906533364333876;0.8;72;804;10.6724565756824;10.3703514753054;17;1;0.714285714285714;-0.182405445454545
37;Y ~ X1 + X2;0.5;1;1;1;300;0.418545454545455;0.906385751520417;0.826086956521739;11;862;10.6821345707657;11.2807154271921;6;0.961538461538462;0.65;0.111924527272727
38;Y ~ X1 + X2;0.5;1;1;1;300;0.354909090909091;0.896004098360656;0.705882352941177;9;812;9.61576354679803;8.43626198793856;3;0.9375;0.6;0.161222509090909
39;Y ~ X1 + X2;0.5;1;1;1;300;0.380181818181818;0.902917264466762;0.8;27;812;10.3004926108374;10.3113673221853;5;0.888888888888889;0.761904761904762;0.103200918181818
40;Y ~ X1 + X2;0.5;1;1;1;300;0.342818181818182;0.895783611774065;0.73469387755102;25;786;9.59541984732824;9.13401801460538;3;0.8;0.689655172413793;-0.1605986
41;Y ~ X1 + X2;0.5;1;1;1;300;0.399727272727273;0.908119172162838;0.848484848484849;10;808;10.8836633663366;10.8458099510519;5;0.923076923076923;0.8;0.101698572727273
42;Y ~ X1 + X2;0.5;1;1;1;300;0.393454545454545;0.907094984978045;0.72;42;805;10.7394540942928;10.2556431110703;8;0.777777777777778;0.6875;-0.203619772727273
43;Y ~ X1 + X2;0.5;1;1;1;300;0.368727272727273;0.900394477317554;0.823529411764706;1;808;10.039603960396;9.48779630635861;1;1;0.76;0.174344272727273
44;Y ~ X1 + X2;0.5;1;1;1;300;0.353545454545455;0.898405349794239;0.862068965517241;21;791;9.82070707070707;9.68285319939654;5;0.833333333333333;0.882352941176471;0.0999049
45;Y ~ X1 + X2;0.5;1;1;1;300;0.377;0.904968644476604;0.709677419354839;5;789;10.4987341772152;9.68943500302726;3;0.666666666666667;0.736842105263158;0.167381927272727
46;Y ~ X1 + X2;0.5;1;1;1;300;0.357272727272727;0.898982188295165;0.743589743589744;20;794;9.8992443324937;9.83730913119417;9;0.923076923076923;0.653846153846154;-0.177119327272727
47;Y ~ X1 + X2;0.5;1;1;1;300;0.358909090909091;0.892350557244174;0.731707317073171;4;850;9.28941176470588;8.91619820635735;2;0.916666666666667;0.655172413793103;-0.180139363636364
48;Y ~ X1 + X2;0.5;1;1;1;300;0.377181818181818;0.901880424300868;0.764705882352941;14;815;10.1691176470588;9.46444671144028;6;0.857142857142857;0.740740740740741;-0.119937381818182
49;Y ~ X1 + X2;0.5;1;1;1;300;0.384;0.899857954545455;0.783783783783784;1;846;9.98581560283688;9.36767595663281;1;0.9375;0.666666666666667;0.0277989272727273
50;Y ~ X1 + X2;0.5;1;1;1;300;0.359454545454545;0.902377339403136;0.825;34;772;10.2435233160622;10.1114707664362;9;0.928571428571429;0.769230769230769;-0.141163881818182
51;Y ~ X1 + X2;0.5;1;1;1;300;0.369;0.901453559990145;0.823529411764706;7;800;10.1475;10.3529562448375;5;0.933333333333333;0.736842105263158;-0.160452536363636
52;Y ~ X1 + X2;0.5;1;1;1;300;0.378454545454545;0.901032908959885;0.878048780487805;18;824;10.1043689320388;9.53830950759015;5;0.842105263157895;0.909090909090909;-0.137268345454545
53;Y ~ X1 + X2;0.5;1;1;1;300;0.373636363636364;0.895108298856169;0.793103448275862;32;863;9.51388888888889;9.15374185488439;12;0.888888888888889;0.75;0.135031018181818
54;Y ~ X1 + X2;0.5;1;1;1;300;0.393454545454545;0.906213906213906;0.8;7;811;10.6600985221675;10.6528954617355;4;0.941176470588235;0.666666666666667;0.122353236363636
55;Y ~ X1 + X2;0.5;1;1;1;300;0.400636363636364;0.903562514181983;0.878787878787879;42;850;10.3694117647059;9.97508716954171;14;0.916666666666667;0.857142857142857;0.160965354545455
56;Y ~ X1 + X2;0.5;1;1;1;300;0.373363636363636;0.900657414170928;0.9;7;816;10.041564792176;9.81798736894668;2;0.909090909090909;0.894736842105263;0.155812363636364
57;Y ~ X1 + X2;0.5;1;1;1;300;0.306636363636364;0.879335902757189;0.64;1;814;8.28746928746929;7.7175135249827;1;0.833333333333333;0.578947368421053;0.189154009090909
58;Y ~ X1 + X2;0.5;1;1;1;300;0.375818181818182;0.901306240928882;0.8;49;816;10.1323529411765;9.21205984232176;11;0.923076923076923;0.705882352941177;-0.0675426727272727
59;Y ~ X1 + X2;0.5;1;1;1;300;0.382454545454545;0.904207273591633;0.676470588235294;5;806;10.439205955335;9.67677382223697;2;0.9;0.583333333333333;0.122352036363636
60;Y ~ X1 + X2;0.5;1;1;1;300;0.37;0.896560196560197;0.888888888888889;5;842;9.66745843230404;9.03293500007223;3;0.941176470588235;0.842105263157895;0.0760250818181818
61;Y ~ X1 + X2;0.5;1;1;1;300;0.375181818181818;0.89508117276472;0.648648648648649;16;866;9.53117782909931;9.15931891109065;3;0.75;0.620689655172414;0.106364572727273
62;Y ~ X1 + X2;0.5;1;1;1;300;0.377636363636364;0.900313026727667;0.928571428571429;30;829;10.0096385542169;9.13240784554912;10;1;0.866666666666667;0.214886918181818
63;Y ~ X1 + X2;0.5;1;1;1;300;0.390545454545455;0.903631284916201;0.648648648648649;14;828;10.3768115942029;9.86337876474949;6;0.909090909090909;0.538461538461538;0.213447981818182
64;Y ~ X1 + X2;0.5;1;1;1;300;0.385272727272727;0.90299740382346;0.848484848484849;8;823;10.2864077669903;9.57467816710503;5;1;0.75;-0.0578740727272727
65;Y ~ X1 + X2;0.5;1;1;1;300;0.383090909090909;0.901756051257712;0.823529411764706;18;828;10.1542168674699;9.52699319433133;2;0.8125;0.833333333333333;0.127382763636364
66;Y ~ X1 + X2;0.5;1;1;1;300;0.391;0.900720762613346;0.783783783783784;51;854;10.0725995316159;8.85521906724616;17;1;0.666666666666667;-0.0992811545454545
67;Y ~ X1 + X2;0.5;1;1;1;300;0.392636363636364;0.904839083121093;0.8;13;822;10.5085158150852;10.5197514802611;4;0.8;0.8;-0.109697136363636
68;Y ~ X1 + X2;0.5;1;1;1;300;0.240545454545455;0.836294896030246;0.71875;6;867;6.09677419354839;5.58328408409193;2;1;0.7;-0.198607963636364
69;Y ~ X1 + X2;0.5;1;1;1;300;0.322454545454545;0.875070501974055;0.733333333333333;2;887;7.98873873873874;7.27731000051203;2;0.8;0.72;0.214876009090909
70;Y ~ X1 + X2;0.5;1;1;1;300;0.225727272727273;0.833668948852195;0.653846153846154;1;826;6.01210653753027;5.79314531905176;1;0.857142857142857;0.578947368421053;-0.202742627272727
71;Y ~ X1 + X2;0.5;1;1;1;300;0.353636363636364;0.898200514138818;0.710526315789474;11;792;9.82323232323232;9.55194012536445;4;0.764705882352941;0.666666666666667;0.143308236363636
72;Y ~ X1 + X2;0.5;1;1;1;300;0.314272727272727;0.867842683632157;0.675675675675676;8;913;7.56455142231948;7.05279988775168;3;0.785714285714286;0.608695652173913;0.191571890909091
73;Y ~ X1 + X2;0.5;1;1;1;300;0.180454545454545;0.802015113350126;0.740740740740741;5;786;5.05089058524173;4.51442760522237;3;0.833333333333333;0.714285714285714;0.2089315
74;Y ~ X1 + X2;0.5;1;1;1;300;0.399727272727273;0.910620877871276;0.833333333333333;4;786;11.1882951653944;9.70457315899929;3;0.846153846153846;0.826086956521739;-0.0625708545454546
75;Y ~ X1 + X2;0.5;1;1;1;300;0.398272727272727;0.903903218443278;0.818181818181818;11;842;10.4061757719715;9.67440707460778;4;0.933333333333333;0.722222222222222;0.0713755363636364
76;Y ~ X1 + X2;0.5;1;1;1;300;0.384818181818182;0.897920604914934;0.580645161290323;7;865;9.77598152424942;9.26553627795911;2;0.714285714285714;0.541666666666667;0.1656184
77;Y ~ X1 + X2;0.5;1;1;1;300;0.380272727272727;0.904135787712168;0.75609756097561;20;802;10.4054726368159;10.2294021443055;4;0.7;0.774193548387097;-0.189930545454545
78;Y ~ X1 + X2;0.5;1;1;1;300;0.396454545454545;0.904838339830314;0.697674418604651;31;830;10.5084337349398;9.35707648740405;9;1;0.535714285714286;-0.169280609090909
79;Y ~ X1 + X2;0.5;1;1;1;300;0.379909090909091;0.896865278774826;0.756756756756757;3;862;9.69605568445476;9.15997147536225;1;0.928571428571429;0.652173913043478;0.101832054545455
80;Y ~ X1 + X2;0.5;1;1;1;300;0.366454545454545;0.894815182336889;0.928571428571429;1;848;9.50707547169811;9.23376202676176;1;1;0.857142857142857;-0.141350436363636
81;Y ~ X1 + X2;0.5;1;1;1;300;0.406727272727273;0.901430487259723;0.810810810810811;32;882;10.1451247165533;9.27860589280286;7;0.80952380952381;0.8125;0.0680878090909091
82;Y ~ X1 + X2;0.5;1;1;1;300;0.358636363636364;0.890494296577947;0.791666666666667;21;864;9.13194444444444;8.86813414258717;5;0.882352941176471;0.741935483870968;0.181870590909091
83;Y ~ X1 + X2;0.5;1;1;1;300;0.398727272727273;0.909256725946192;0.810810810810811;6;796;11.0201005025126;10.4300282434248;2;0.9;0.705882352941177;0.0841811363636364
84;Y ~ X1 + X2;0.5;1;1;1;300;0.385090909090909;0.901534828807556;0.6875;8;835;10.133971291866;9.82148791978112;4;0.9;0.590909090909091;-0.154292981818182
85;Y ~ X1 + X2;0.5;1;1;1;300;0.369272727272727;0.900073837066207;0.848484848484849;18;811;10.0049261083744;10.5296747218332;7;0.846153846153846;0.85;-0.162664263636364
86;Y ~ X1 + X2;0.5;1;1;1;300;0.364818181818182;0.904037886340977;0.833333333333333;6;771;10.3963730569948;9.51995237932537;2;1;0.7;-0.00986687272727273
87;Y ~ X1 + X2;0.5;1;1;1;300;0.404636363636364;0.903370786516854;0.675675675675676;30;861;10.3271461716937;8.91156452604367;13;0.8;0.590909090909091;-0.149326354545455
88;Y ~ X1 + X2;0.5;1;1;1;300;0.378363636363636;0.899831852029786;0.7;29;833;10.0048076923077;10.1973290129854;6;0.909090909090909;0.578947368421053;0.0811809090909091
89;Y ~ X1 + X2;0.5;1;1;1;300;0.365727272727273;0.897588864031817;0.825;26;824;9.76456310679612;9.18373716282284;3;1;0.75;0.0473777
90;Y ~ X1 + X2;0.5;1;1;1;300;0.364636363636364;0.892518703241895;0.805555555555556;6;863;9.28472222222222;9.06741689295223;4;0.818181818181818;0.8;0.174994536363636
91;Y ~ X1 + X2;0.5;1;1;1;300;0.368;0.89846837944664;0.75;3;822;9.84914841849148;9.76787257486981;2;0.818181818181818;0.714285714285714;0.176816509090909
92;Y ~ X1 + X2;0.5;1;1;1;300;0.384636363636364;0.906641455920586;0.853658536585366;13;790;10.7113924050633;9.52062931607222;2;0.882352941176471;0.833333333333333;0.168053327272727
93;Y ~ X1 + X2;0.5;1;1;1;300;0.414727272727273;0.910127137220517;0.696969696969697;2;820;11.1268292682927;11.2310045966293;2;0.666666666666667;0.708333333333333;0.100043536363636
94;Y ~ X1 + X2;0.5;1;1;1;300;0.217636363636364;0.807435254803676;0.766666666666667;20;922;5.19305856832972;4.50984859174622;5;1;0.695652173913043;0.202980318181818
95;Y ~ X1 + X2;0.5;1;1;1;300;0.385181818181818;0.902761387774369;0.666666666666667;15;824;10.2839805825243;9.01523099847289;5;0.636363636363636;0.6875;-0.197703536363636
96;Y ~ X1 + X2;0.5;1;1;1;300;0.403;0.905460288808664;0.783783783783784;68;839;10.5547619047619;11.0317117720225;14;1;0.652173913043478;-0.0998659181818182
97;Y ~ X1 + X2;0.5;1;1;1;300;0.377090909090909;0.902603664416586;0.810810810810811;26;808;10.2673267326733;10.1506186432587;7;0.857142857142857;0.782608695652174;-0.128692472727273
98;Y ~ X1 + X2;0.5;1;1;1;300;0.368272727272727;0.900246913580247;0.909090909090909;5;809;10.0024691358025;9.90011970260469;2;0.875;0.928571428571429;0.141276381818182
99;Y ~ X1 + X2;0.5;1;1;1;300;0.164181818181818;0.797895902547065;0.538461538461538;26;730;4.94794520547945;4.15761282379609;6;0.5;0.545454545454545;0.208121881818182
100;Y ~ X1 + X2;0.5;1;1;1;300;0.405727272727273;0.901859735603854;0.836734693877551;5;876;10.189497716895;9.84168406752075;3;1;0.692307692307692;-0.0415226272727273
1;Y ~ X1 + X2;0.8;1;1;1;1;0.188363636363636;0.781853281853282;0.758058540200074;46;904;4.58407079646018;4.3723088802118;10;0.751984126984127;0.759453302961276;0.0327922090909091
2;Y ~ X1 + X2;0.8;1;1;1;1;0.216454545454545;0.797144057118858;0.746268656716418;14;966;4.9296066252588;4.55615188173272;4;0.801346801346801;0.731531531531531;-0.0450355090909091
3;Y ~ X1 + X2;0.8;1;1;1;1;0.221;0.801727684080625;0.746478873239437;59;964;5.04356846473029;4.46564270697546;12;0.784345047923323;0.735772357723577;0.0435787545454545
4;Y ~ X1 + X2;0.8;1;1;1;1;0.267454545454545;0.839510370622237;0.733161575266838;1;945;6.21987315010571;5.64169052835879;1;0.820027063599459;0.700707785642063;-0.0325183727272727
5;Y ~ X1 + X2;0.8;1;1;1;1;0.308;0.845631641086187;0.750541516245487;4;1046;6.47801147227533;6.56276754709953;3;0.838452787258248;0.709677419354839;-0.0131742181818182
6;Y ~ X1 + X2;0.8;1;1;1;1;0.243545454545455;0.811123553564763;0.736370425690814;4;1012;5.29446640316206;5.09340954605258;1;0.814516129032258;0.712827988338192;0.0285021
7;Y ~ X1 + X2;0.8;1;1;1;1;0.280636363636364;0.844509232264334;0.736531365313653;24;960;6.43125;6.82891605363845;9;0.841634738186462;0.693824597820446;0.0232034818181818
8;Y ~ X1 + X2;0.8;1;1;1;1;0.302727272727273;0.859459459459459;0.772594752186589;3;936;7.11538461538461;6.7766081525376;1;0.86219512195122;0.734407484407484;-0.0230604363636364
9;Y ~ X1 + X2;0.8;1;1;1;1;0.273454545454545;0.853723404255319;0.777527245396467;54;880;6.83636363636364;6.25506049014308;17;0.83940620782726;0.753645833333333;-0.0139213636363636
10;Y ~ X1 + X2;0.8;1;1;1;1;0.180090909090909;0.808682483594144;0.775488069414317;16;758;5.22691292875989;5.11727168961241;8;0.809236947791165;0.768077601410935;0.0456832181818182
11;Y ~ X1 + X2;0.8;1;1;1;1;0.259909090909091;0.820566631689402;0.741002117148906;2;1026;5.57309941520468;5.5669765645434;2;0.788409703504043;0.724187380497132;-0.0292835181818182
12;Y ~ X1 + X2;0.8;1;1;1;1;0.211909090909091;0.80952380952381;0.754723837209302;19;888;5.25;4.75903560236313;3;0.802385008517888;0.741801385681293;0.0305162363636364
13;Y ~ X1 + X2;0.8;1;1;1;1;0.279545454545455;0.854634146341463;0.750183688464364;12;894;6.87919463087248;5.91256860521392;4;0.846774193548387;0.713852376137513;-0.0119112636363636
14;Y ~ X1 + X2;0.8;1;1;1;1;0.270636363636364;0.844810211622439;0.754281459419211;12;924;6.44372294372294;5.51905333069975;2;0.862068965517241;0.712215320910973;0.0340119909090909
15;Y ~ X1 + X2;0.8;1;1;1;1;0.260727272727273;0.838563458856346;0.744032317297099;19;926;6.19438444924406;5.79231192946672;4;0.80829756795422;0.721837944664032;0.0249731727272727
16;Y ~ X1 + X2;0.8;1;1;1;1;0.285363636363636;0.848996495699267;0.74280442804428;12;948;6.62236286919831;6.16259653850367;5;0.850746268656716;0.697271773347324;-0.0210562636363636
17;Y ~ X1 + X2;0.8;1;1;1;1;0.296818181818182;0.849310872894334;0.748792270531401;52;984;6.63617886178862;6.35184852358096;7;0.841075794621027;0.708489054991991;0.0158227727272727
18;Y ~ X1 + X2;0.8;1;1;1;1;0.265272727272727;0.865022267899966;0.786855482933914;13;787;7.40609137055838;7.44120728472374;5;0.874659400544959;0.754950495049505;-0.0174754363636364
19;Y ~ X1 + X2;0.8;1;1;1;1;0.117363636363636;0.759101471727343;0.816049835104434;75;622;4.15112540192926;3.94882469493398;11;0.740506329113924;0.825942809780356;0.0451929818181818
20;Y ~ X1 + X2;0.8;1;1;1;1;0.293;0.852932050884269;0.744379985496737;15;948;6.79957805907173;6.29103189262467;5;0.83969465648855;0.706389452332657;0.0311657454545455
21;Y ~ X1 + X2;0.8;1;1;1;1;0.278636363636364;0.861011419249592;0.783538796229152;27;852;7.19483568075117;6.81155223537841;7;0.874504623513871;0.749125437281359;0.00794352727272727
22;Y ~ X1 + X2;0.8;1;1;1;1;0.269545454545455;0.851602023608769;0.762222222222222;13;880;6.73863636363636;6.74679425804625;3;0.854666666666667;0.726666666666667;-0.0235285181818182
23;Y ~ X1 + X2;0.8;1;1;1;1;0.251454545454545;0.841591320072333;0.748012443829934;50;877;6.30068337129841;6.04479280702678;14;0.836538461538462;0.71824480369515;-0.0255772090909091
24;Y ~ X1 + X2;0.8;1;1;1;1;0.284454545454545;0.851709811441355;0.761530210940293;44;928;6.72903225806452;6.16403956506876;6;0.855128205128205;0.725334655428855;-0.0211728545454546
25;Y ~ X1 + X2;0.8;1;1;1;1;0.298818181818182;0.856708244599939;0.750189537528431;22;942;6.97876857749469;6.66712922459086;6;0.858880778588808;0.700991189427313;0.0280099545454545
26;Y ~ X1 + X2;0.8;1;1;1;1;0.289909090909091;0.862609786700125;0.780215827338129;17;877;7.26423690205011;6.2514561809314;4;0.8863361547763;0.735279057859703;0.0201848727272727
27;Y ~ X1 + X2;0.8;1;1;1;1;0.280272727272727;0.849821602335388;0.744058500914077;7;926;6.65874730021598;6.13733201927291;3;0.859116022099447;0.702635504724018;0.019745
28;Y ~ X1 + X2;0.8;1;1;1;1;0.181090909090909;0.781124497991968;0.751291512915129;3;872;4.56880733944954;4.35993667037643;1;0.790927021696253;0.742169768497503;-0.0330055545454545
29;Y ~ X1 + X2;0.8;1;1;1;1;0.267363636363636;0.82216933015981;0.735315985130112;16;1046;5.62332695984704;5.63017244706564;6;0.793522267206478;0.713186249358645;0.0392894090909091
30;Y ~ X1 + X2;0.8;1;1;1;1;0.151272727272727;0.784254807692308;0.779691424470757;32;718;4.63509749303621;4.59633014029943;9;0.771561771561772;0.78117048346056;0.0380666181818182
31;Y ~ X1 + X2;0.8;1;1;1;1;0.157636363636364;0.782583621683968;0.798769453492581;36;754;4.59946949602122;4.68545732625055;11;0.766009852216749;0.804412388629614;0.0369211090909091
32;Y ~ X1 + X2;0.8;1;1;1;1;0.268727272727273;0.842301184433164;0.749641319942611;6;933;6.32976445396146;5.59529543994585;1;0.840998685939553;0.715342871238283;0.0218837181818182
33;Y ~ X1 + X2;0.8;1;1;1;1;0.282818181818182;0.862423657987785;0.75951618641053;29;856;7.26869158878505;7.12256375494818;7;0.847240051347882;0.725885826771654;-0.0262820727272727
34;Y ~ X1 + X2;0.8;1;1;1;1;0.302727272727273;0.859459459459459;0.772594752186589;3;936;7.11538461538461;6.7766081525376;1;0.86219512195122;0.734407484407484;-0.0230604363636364
35;Y ~ X1 + X2;0.8;1;1;1;1;0.277545454545455;0.839829675728791;0.754398563734291;33;978;6.24335378323108;5.74670983911584;9;0.85752688172043;0.716805487506124;-0.0297521727272727
36;Y ~ X1 + X2;0.8;1;1;1;1;0.260909090909091;0.832462556600488;0.749066467513069;41;961;5.96673596673597;5.36063346992603;7;0.835734870317003;0.71875;-0.0246070181818182
37;Y ~ X1 + X2;0.8;1;1;1;1;0.299454545454545;0.853369763205829;0.760409057706355;8;966;6.81987577639752;6.81305331112425;2;0.856801909307876;0.717894736842105;0.0308057545454545
38;Y ~ X1 + X2;0.8;1;1;1;1;0.201090909090909;0.801084990958409;0.755021520803443;47;880;5.02727272727273;4.56581152853038;6;0.783783783783784;0.747872816838334;0.0448635
39;Y ~ X1 + X2;0.8;1;1;1;1;0.280818181818182;0.849417098445596;0.750636132315522;5;931;6.62875536480687;6.42688818798687;2;0.850589777195282;0.712273641851107;0.0130857090909091
40;Y ~ X1 + X2;0.8;1;1;1;1;0.194909090909091;0.783481101259916;0.744293865905849;25;929;4.61075268817204;4.12690557776123;3;0.763537906137184;0.739555555555556;-0.0436426090909091
41;Y ~ X1 + X2;0.8;1;1;1;1;0.260454545454545;0.843924581005587;0.755973931933382;5;895;6.39508928571429;6.11212701408483;2;0.843835616438356;0.724409448818898;0.0281004727272727
42;Y ~ X1 + X2;0.8;1;1;1;1;0.219363636363636;0.803564028180688;0.74043321299639;26;948;5.09071729957806;5.13724927755941;6;0.801901743264659;0.722300140252454;-0.0289897909090909
43;Y ~ X1 + X2;0.8;1;1;1;1;0.262636363636364;0.839390792661821;0.750627915321134;11;928;6.22629310344828;5.650596639714;5;0.830486202365309;0.720631786771964;0.0243186636363636
44;Y ~ X1 + X2;0.8;1;1;1;1;0.294090909090909;0.846367851622875;0.7574679943101;18;994;6.50905432595573;6.21331317380937;6;0.838396111786148;0.723981900452489;0.0279299363636364
45;Y ~ X1 + X2;0.8;1;1;1;1;0.232727272727273;0.81171875;0.766066838046273;4;964;5.31120331950207;4.8390561746355;2;0.814024390243902;0.75084663763909;0.0443763181818182
46;Y ~ X1 + X2;0.8;1;1;1;1;0.164545454545455;0.78232044198895;0.766189759036145;50;788;4.59390862944162;4.4655951908937;3;0.775700934579439;0.764362657091562;-0.0457401090909091
47;Y ~ X1 + X2;0.8;1;1;1;1;0.170363636363636;0.787086446104589;0.777049180327869;111;798;4.69674185463659;4.66471459171279;25;0.770601336302895;0.778310104529617;-0.0470937545454545
48;Y ~ X1 + X2;0.8;1;1;1;1;0.268818181818182;0.831924247548191;0.738112927191679;1;994;5.94969818913481;5.49188228916839;1;0.83879781420765;0.700510204081633;-0.0358310454545455
49;Y ~ X1 + X2;0.8;1;1;1;1;0.262272727272727;0.85476603119584;0.769568397951719;6;838;6.8854415274463;6.36762542652516;2;0.858773181169758;0.738809640924742;0.00968346363636364
50;Y ~ X1 + X2;0.8;1;1;1;1;0.267454545454545;0.845683208701564;0.744571218255429;17;908;6.48017621145374;5.96667004314463;4;0.852702702702703;0.704097116843703;-0.0197510636363636
51;Y ~ X1 + X2;0.8;1;1;1;1;0.220090909090909;0.795539033457249;0.748034310221587;1;990;4.89090909090909;4.48346243507164;1;0.775157232704403;0.740055504162812;-0.0445176272727273
52;Y ~ X1 + X2;0.8;1;1;1;1;0.278727272727273;0.849315068493151;0.759129472519366;11;924;6.63636363636364;6.60751381450795;4;0.847167325428195;0.724897540983607;-0.0186782272727273
53;Y ~ X1 + X2;0.8;1;1;1;1;0.275909090909091;0.833223467369809;0.749130132219903;3;1013;5.9861932938856;5.72334919380114;1;0.828863346104725;0.719273075083692;0.0388504181818182
54;Y ~ X1 + X2;0.8;1;1;1;1;0.267272727272727;0.826589595375723;0.738293051359517;10;1019;5.76470588235294;5.33840382645479;2;0.806191117092867;0.711811023622047;0.0360881454545454
55;Y ~ X1 + X2;0.8;1;1;1;1;0.279454545454545;0.843851659076122;0.741074783915821;20;960;6.40416666666667;6.25278087055436;4;0.835509138381201;0.702902374670185;0.0213521909090909
56;Y ~ X1 + X2;0.8;1;1;1;1;0.202636363636364;0.797309417040359;0.74583031182016;2;903;4.94235033259424;4.81905963824835;2;0.804195804195804;0.730558096980787;0.0450745636363636
57;Y ~ X1 + X2;0.8;1;1;1;1;0.151454545454545;0.793517406962785;0.794927536231884;44;688;4.84302325581395;4.26919375562562;8;0.793017456359102;0.795252225519288;0.0443215090909091
58;Y ~ X1 + X2;0.8;1;1;1;1;0.264818181818182;0.862341228973567;0.776037873270211;16;802;7.2643391521197;6.53107572492375;8;0.854341736694678;0.748523622047244;-0.00788352727272727
59;Y ~ X1 + X2;0.8;1;1;1;1;0.243909090909091;0.818486768542676;0.736462093862816;9;974;5.50924024640657;5.1818193610664;1;0.781159420289855;0.721634615384615;0.0344591
60;Y ~ X1 + X2;0.8;1;1;1;1;0.279363636363636;0.858444516758868;0.773426061493411;4;870;7.06436781609195;6.48965815015508;1;0.875471698113208;0.731543624161074;0.0209146818181818
61;Y ~ X1 + X2;0.8;1;1;1;1;0.275909090909091;0.847066578773896;0.759439050701187;40;929;6.52688172043011;6.18847545053934;8;0.836501901140684;0.728915662650602;0.0312501
62;Y ~ X1 + X2;0.8;1;1;1;1;0.205636363636364;0.804155614500442;0.748563218390805;4;886;5.10609480812641;4.96321617557312;2;0.782837127845884;0.739719837324898;0.0315523272727273
63;Y ~ X1 + X2;0.8;1;1;1;1;0.198909090909091;0.787020109689214;0.750534568781183;18;932;4.69527896995708;4.56087371693115;5;0.76271186440678;0.747292418772563;0.0318450909090909
64;Y ~ X1 + X2;0.8;1;1;1;1;0.276909090909091;0.864412344057781;0.780203784570597;29;826;7.37530266343826;6.63047320851628;7;0.857333333333333;0.751251251251251;-0.0179363272727273
65;Y ~ X1 + X2;0.8;1;1;1;1;0.250363636363636;0.851542649727768;0.763062409288824;11;817;6.73349633251834;6.52257600911763;2;0.856737588652482;0.730862993661628;0.0160670636363636
66;Y ~ X1 + X2;0.8;1;1;1;1;0.273545454545455;0.84214024592888;0.742574257425743;84;950;6.33473684210526;5.9572628513057;22;0.843710292249047;0.701546391752577;-0.0259719272727273
67;Y ~ X1 + X2;0.8;1;1;1;1;0.308;0.845631641086187;0.750541516245487;4;1046;6.47801147227533;6.56276754709953;3;0.838452787258248;0.709677419354839;-0.0131742181818182
68;Y ~ X1 + X2;0.8;1;1;1;1;0.140272727272727;0.780298120544394;0.798499464094319;42;678;4.55162241887906;4.43087827312057;6;0.781094527363184;0.801418439716312;-0.0464194
69;Y ~ X1 + X2;0.8;1;1;1;1;0.133181818181818;0.758361774744027;0.785330948121646;19;708;4.13841807909604;4.36578816163895;7;0.731563421828909;0.792752442996743;0.0359779272727273
70;Y ~ X1 + X2;0.8;1;1;1;1;0.124454545454545;0.756756756756757;0.794168691426588;25;666;4.11111111111111;3.94345916008467;3;0.76123595505618;0.798811881188119;-0.0449470454545454
71;Y ~ X1 + X2;0.8;1;1;1;1;0.271545454545455;0.850351523267493;0.766358595194085;10;894;6.68232662192394;6.27524326084376;5;0.869688385269122;0.729864932466233;0.0200737727272727
72;Y ~ X1 + X2;0.8;1;1;1;1;0.150636363636364;0.7708082026538;0.77956204379562;15;759;4.36052631578947;4.68355002996772;5;0.775700934579439;0.780276816608997;0.0454866454545454
73;Y ~ X1 + X2;0.8;1;1;1;1;0.116454545454545;0.750975800156128;0.815465072842734;43;638;4.01567398119122;3.71166850803022;10;0.768488745980707;0.821639898562975;0.0410344636363636
74;Y ~ X1 + X2;0.8;1;1;1;1;0.306;0.868686868686869;0.770275098249375;25;884;7.61538461538461;7.26227405534314;10;0.877817319098458;0.723926380368098;-0.00701498181818182
75;Y ~ X1 + X2;0.8;1;1;1;1;0.283636363636364;0.854119910227637;0.756433490395071;17;911;6.84210526315789;7.13182491001687;3;0.859277708592777;0.714212678936605;0.0208818454545454
76;Y ~ X1 + X2;0.8;1;1;1;1;0.200181818181818;0.789282470481381;0.772506537168472;15;928;4.74568965517241;4.5473252716229;5;0.817307692307692;0.761706073249884;0.0446508545454545
77;Y ~ X1 + X2;0.8;1;1;1;1;0.238090909090909;0.817175572519084;0.740174672489083;43;957;5.46764091858038;5.16976412996703;8;0.810730253353204;0.71738083774675;-0.0264399272727273
78;Y ~ X1 + X2;0.8;1;1;1;1;0.188818181818182;0.777563793933558;0.763369963369963;21;924;4.495670995671;4.0973753151092;11;0.765166340508806;0.762956286615593;-0.0456863909090909
79;Y ~ X1 + X2;0.8;1;1;1;1;0.273363636363636;0.847356168939142;0.752394466122739;9;918;6.55119825708061;5.77480350730175;2;0.827225130890052;0.724574209245742;0.0290537636363636
80;Y ~ X1 + X2;0.8;1;1;1;1;0.228818181818182;0.812077870480731;0.733553840499816;1;946;5.32135306553911;4.94442725471811;1;0.793570219966159;0.716901408450704;-0.0395202363636364
81;Y ~ X1 + X2;0.8;1;1;1;1;0.288;0.861742424242424;0.771274685816876;3;876;7.23287671232877;6.90541633588814;2;0.856965174129353;0.736496718828874;0.00936352727272728
82;Y ~ X1 + X2;0.8;1;1;1;1;0.174818181818182;0.790951638065523;0.780758226037196;14;804;4.78358208955224;4.61596806764019;5;0.783037475345168;0.780253385757973;0.0451304636363636
83;Y ~ X1 + X2;0.8;1;1;1;1;0.269909090909091;0.8501178848097;0.76188734455011;46;890;6.67191011235955;5.96500660315526;13;0.857338820301783;0.727182044887781;0.0230710545454546
84;Y ~ X1 + X2;0.8;1;1;1;1;0.272363636363636;0.848798397863818;0.751451378809869;97;906;6.61368653421634;5.60250322202935;27;0.855313700384123;0.710379746835443;-0.0226411818181818
85;Y ~ X1 + X2;0.8;1;1;1;1;0.285636363636364;0.839643652561247;0.729339588596175;17;1007;6.23412698412698;6.30477950164475;2;0.810012836970475;0.697791164658635;-0.0218116454545454
86;Y ~ X1 + X2;0.8;1;1;1;1;0.294636363636364;0.86141975308642;0.767527675276753;8;899;7.20222222222222;6.46432694797948;3;0.834975369458128;0.738672286617492;-0.00681059090909091
87;Y ~ X1 + X2;0.8;1;1;1;1;0.274181818181818;0.849137931034483;0.735668789808917;1;910;6.62857142857143;6.08425218138358;1;0.813863928112965;0.705911089399121;-0.0199919636363636
88;Y ~ X1 + X2;0.8;1;1;1;1;0.305545454545455;0.861094586555622;0.755232351897836;4;933;7.19700214132762;6.95322752164824;2;0.832408435072142;0.718978102189781;0.0219743909090909
89;Y ~ X1 + X2;0.8;1;1;1;1;0.304272727272727;0.8676426650732;0.778264040846098;19;886;7.55530474040632;6.83638704722106;5;0.861858190709046;0.742723492723493;0.00423390909090909
90;Y ~ X1 + X2;0.8;1;1;1;1;0.186727272727273;0.793573515092502;0.766666666666667;33;848;4.84433962264151;4.50051912295788;5;0.77979797979798;0.763718820861678;0.0460713636363636
91;Y ~ X1 + X2;0.8;1;1;1;1;0.192636363636364;0.800377536573856;0.776211135213304;7;846;5.00945626477541;4.60834864043543;3;0.774193548387097;0.776721014492754;0.0458554363636364
92;Y ~ X1 + X2;0.8;1;1;1;1;0.211181818181818;0.811800172265289;0.761188554658841;95;875;5.30365296803653;4.56647172013869;21;0.822992700729927;0.745638200183655;0.0447250545454545
93;Y ~ X1 + X2;0.8;1;1;1;1;0.275363636363636;0.852756685374711;0.751282051282051;6;892;6.7914798206278;6.42705091182475;4;0.850480109739369;0.715142428785607;0.0148216
94;Y ~ X1 + X2;0.8;1;1;1;1;0.128090909090909;0.783380681818182;0.790380473797559;86;611;4.60457516339869;4.63527232113209;21;0.798469387755102;0.7890559732665;0.0427348
95;Y ~ X1 + X2;0.8;1;1;1;1;0.229181818181818;0.82308607695359;0.74502712477396;14;892;5.652466367713;5.60279470533253;4;0.837837837837838;0.71974229176254;-0.0281464909090909
96;Y ~ X1 + X2;0.8;1;1;1;1;0.281545454545455;0.846576227390181;0.753942060872754;11;951;6.5063025210084;5.61482644291681;3;0.862893081761006;0.709109730848861;-0.0295112363636364
97;Y ~ X1 + X2;0.8;1;1;1;1;0.271363636363636;0.847571189279732;0.744058500914077;28;910;6.56043956043956;6.36622556937732;8;0.835120643431635;0.709904474610357;-0.0195907272727273
98;Y ~ X1 + X2;0.8;1;1;1;1;0.247;0.814133235185867;0.728968544257498;19;1010;5.38019801980198;4.81461934990918;7;0.782874617737003;0.712019230769231;0.0410376272727273
99;Y ~ X1 + X2;0.8;1;1;1;1;0.123;0.772189349112426;0.808259587020649;78;617;4.37864077669903;3.85899986585845;17;0.767441860465116;0.814189189189189;0.0403632272727273
100;Y ~ X1 + X2;0.8;1;1;1;1;0.297818181818182;0.867216117216117;0.757218844984802;14;870;7.53103448275862;6.74832818253357;2;0.860583016476553;0.712967986977754;-0.00472648181818182
1;Y ~ X1 + X2;0.8;300;1;1;1;0.171545454545455;0.801801801801802;0.766039467645709;959;748;5.04545454545455;6.76773358587269;307;0.801714898177921;0.758666518994352;0.0317631181818182
2;Y ~ X1 + X2;0.8;300;1;1;1;0.330272727272727;0.835122488301679;0.759089239809034;1992;1198;6.06510851419032;5.95361961906138;191;0.835372636262514;0.721491228070175;-0.0420566909090909
3;Y ~ X1 + X2;0.8;300;1;1;1;0.264363636363636;0.839752407152682;0.719415870683321;1032;932;6.24034334763949;11.3638818092381;306;0.840055632823366;0.676110833749376;0.0409354181818182
4;Y ~ X1 + X2;0.8;300;1;1;1;0.457818181818182;0.82343594836147;0.759801671104582;818;1779;5.65842696629213;8.96952481882611;250;0.823659369351275;0.706021650879567;-0.0321043
5;Y ~ X1 + X2;0.8;300;1;1;1;0.375090909090909;0.842462433349491;0.790778839088905;1;1300;6.34769230769231;8.1380066251644;1;0.842633382280959;0.759629520729197;-0.0149334272727273
6;Y ~ X1 + X2;0.8;300;1;1;1;0.224636363636364;0.854714690408741;0.772923359339146;124;718;6.88300835654596;23.4998565519796;23;0.854977468250717;0.749231133191389;0.0279879363636364
7;Y ~ X1 + X2;0.8;300;1;1;1;0.192363636363636;0.765011820330969;0.711531399192068;1384;995;4.24899598393574;5.23706118496955;454;0.764227642276423;0.69901147596864;0.0227473454545455
8;Y ~ X1 + X2;0.8;300;1;1;1;0.609545454545455;0.856524981357196;0.757898603967671;112;1924;6.96985446985447;13.8948828264695;51;0.857185944804705;0.603241719520789;-0.0170432363636364
9;Y ~ X1 + X2;0.8;300;1;1;1;0.244818181818182;0.856294095803936;0.756875687568757;2361;774;6.95865633074935;8.1344496266641;550;0.856179775280899;0.724690458849235;-0.0211297363636364
10;Y ~ X1 + X2;0.8;300;1;1;1;0.263;0.792257172485309;0.759915534337128;1601;1202;4.81364392678869;18.216436173586;439;0.793645251396648;0.747882411559542;0.0451186363636364
11;Y ~ X1 + X2;0.8;300;1;1;1;0.215181818181818;0.807692307692308;0.734183018521915;2036;911;5.19078947368421;6.42016077916329;364;0.806740614334471;0.714319084326092;-0.0268090363636364
12;Y ~ X1 + X2;0.8;300;1;1;1;0.125636363636364;0.803183791606368;0.805639753834849;2820;544;5.08088235294118;8.10271254026041;335;0.80307467057101;0.806007772292826;0.0298479818181818
13;Y ~ X1 + X2;0.8;300;1;1;1;0.395727272727273;0.862362132352941;0.793182653436237;1;1199;7.255;10.5525147530192;1;0.861956774343481;0.748214557058198;-0.0086854
14;Y ~ X1 + X2;0.8;300;1;1;1;0.389909090909091;0.834926556306831;0.800055106539309;791;1416;6.05790960451977;10.2255072328973;146;0.835332862855799;0.777459695645623;0.0360341818181818
15;Y ~ X1 + X2;0.8;300;1;1;1;0.213909090909091;0.773480662983425;0.696708535802696;164;1066;4.41463414634146;5.02837173261017;69;0.772532188841202;0.676110528156698;0.0265820909090909
16;Y ~ X1 + X2;0.8;300;1;1;1;0.396363636363636;0.875229357798165;0.768473359712892;1;1088;8.01470588235294;18.0856302834441;1;0.875406787540679;0.698400609291698;-0.0198803909090909
17;Y ~ X1 + X2;0.8;300;1;1;1;0.204272727272727;0.821460373998219;0.736755118905518;2543;803;5.58955223880597;5.45516207964708;716;0.821492805755396;0.71501096111688;0.0135322363636364
18;Y ~ X1 + X2;0.8;300;1;1;1;0.290363636363636;0.858171571696932;0.766156384636539;24;906;7.0352422907489;12.3773841437271;2;0.858675078864353;0.728259465047164;-0.0191112545454545
19;Y ~ X1 + X2;0.8;300;1;1;1;0.243181818181818;0.820119670905011;0.765933964867102;440;963;5.54979253112033;13.6530597104791;167;0.819871065604854;0.748664400194269;0.0437075
20;Y ~ X1 + X2;0.8;300;1;1;1;0.123272727272727;0.842920353982301;0.795535960319647;117;426;6.36619718309859;5.48730809167946;26;0.842379182156134;0.78893313770698;0.0261688272727273
21;Y ~ X1 + X2;0.8;300;1;1;1;0.286636363636364;0.839835077703774;0.778348623853211;2543;1010;6.24356435643564;7.99839289216635;755;0.839628681177977;0.753729423868313;-0.00421505454545455
22;Y ~ X1 + X2;0.8;300;1;1;1;0.534909090909091;0.845173351461591;0.752919540229885;376;1822;6.45883644346872;9.69684475512978;93;0.8456248925563;0.64630288651641;-0.0205031181818182
23;Y ~ X1 + X2;0.8;300;1;1;1;0.146454545454545;0.821849782743638;0.777798165137615;1316;574;5.61324041811847;10.2565124606069;304;0.820528967254408;0.77051116838488;-0.0239574727272727
24;Y ~ X1 + X2;0.8;300;1;1;1;0.121363636363636;0.868263473053892;0.794761425038923;19;351;7.58522727272727;7.55880625152226;2;0.868222891566265;0.784589719528725;-0.0173870181818182
25;Y ~ X1 + X2;0.8;300;1;1;1;0.176545454545455;0.825952626158599;0.708933982187127;1753;676;5.74556213017751;10.7239600207107;369;0.826923076923077;0.683617709378833;0.0266975
26;Y ~ X1 + X2;0.8;300;1;1;1;0.110181818181818;0.937293729372937;0.770529406367557;465;152;15.9473684210526;90.4657422802455;87;0.939318370739817;0.749587458745875;0.0246040818181818
27;Y ~ X1 + X2;0.8;300;1;1;1;0.249727272727273;0.8394612304332;0.709458218549128;2276;882;6.22902494331066;5.98708239779718;531;0.838246131171702;0.666707436399217;0.0191701
28;Y ~ X1 + X2;0.8;300;1;1;1;0.182909090909091;0.821570576540755;0.725302974660301;697;718;5.60445682451253;5.93583776946147;199;0.821910955477739;0.703587090970426;-0.0348104454545455
29;Y ~ X1 + X2;0.8;300;1;1;1;0.154181818181818;0.722713864306785;0.663699761424114;2266;941;3.60084925690021;5.77797720260507;769;0.72202380952381;0.653070080277718;0.0425799454545455
30;Y ~ X1 + X2;0.8;300;1;1;1;0.203727272727273;0.815707273538599;0.76045871559633;2;826;5.42615012106538;6.61767961172407;1;0.815564552406658;0.746340901233145;0.0386666090909091
31;Y ~ X1 + X2;0.8;300;1;1;1;0.0823636363636364;0.522651933701658;0.749862360066067;2713;865;2.09237875288684;3.0155096192222;585;0.523385300668151;0.7702;0.0351266727272727
32;Y ~ X1 + X2;0.8;300;1;1;1;0.177545454545455;0.86226318484383;0.726263645537107;708;538;7.26022304832714;16.6067088118629;220;0.862157976251936;0.69689870593485;0.0231780818181818
33;Y ~ X1 + X2;0.8;300;1;1;1;0.227454545454545;0.833733013589129;0.759022867113601;1488;832;6.01442307692308;10.1954293399245;357;0.833939393939394;0.736985975754695;-0.0249972090909091
34;Y ~ X1 + X2;0.8;300;1;1;1;0.609545454545455;0.856524981357196;0.757898603967671;112;1924;6.96985446985447;13.8948828264695;51;0.857185944804705;0.603241719520789;-0.0170432363636364
35;Y ~ X1 + X2;0.8;300;1;1;1;0.227454545454545;0.856857257097161;0.806383564156654;1325;717;6.96935933147632;17.0757974165081;249;0.856509471987102;0.79161719306578;-0.0328268727272727
36;Y ~ X1 + X2;0.8;300;1;1;1;0.435818181818182;0.846298227320125;0.700992099944883;2;1473;6.51358695652174;11.7673515900039;2;0.845684210526316;0.588983050847458;-0.0262350909090909
37;Y ~ X1 + X2;0.8;300;1;1;1;0.385545454545455;0.851650943396226;0.772343549275096;776;1259;6.73174603174603;20.8573649872659;140;0.851129607609988;0.722844763185418;0.0285203181818182
38;Y ~ X1 + X2;0.8;300;1;1;1;0.121363636363636;0.708614232209738;0.771625344352617;723;778;3.4318766066838;5.00758309762107;184;0.706948640483384;0.780577043696425;0.0463614545454545
39;Y ~ X1 + X2;0.8;300;1;1;1;0.310363636363636;0.852372583479789;0.828010279001468;1556;1008;6.77380952380952;8.1589836673768;137;0.852191943127962;0.817154255319149;0.0141599545454545
40;Y ~ X1 + X2;0.8;300;1;1;1;0.222636363636364;0.803184973458555;0.791922900413033;400;964;5.08091286307054;5.26073684758148;51;0.80429397192403;0.788386639915024;-0.0452288909090909
41;Y ~ X1 + X2;0.8;300;1;1;1;0.335363636363636;0.828408782867986;0.714338167798788;851;1266;5.82780410742496;6.00688300451406;197;0.828727770177839;0.6565824008841;0.0259700636363636
42;Y ~ X1 + X2;0.8;300;1;1;1;0.359272727272727;0.804859529233106;0.732512179428256;518;1543;5.11917098445596;13.5807636649893;129;0.805981595092024;0.691258791445385;-0.0302771181818182
43;Y ~ X1 + X2;0.8;300;1;1;1;0.33;0.856473829201102;0.754822708065405;2994;1042;6.96737044145873;9.80114252538416;790;0.856784619671218;0.704673153350692;0.0251419
44;Y ~ X1 + X2;0.8;300;1;1;1;0.485181818181818;0.896926536731634;0.770267791636097;901;1101;9.68602540834846;35.6543681474245;195;0.897203325774754;0.650570206699929;0.0249759
45;Y ~ X1 + X2;0.8;300;1;1;1;0.203181818181818;0.735123042505593;0.74268684089867;538;1184;3.77533783783784;8.03578291097211;157;0.737364620938628;0.744044193808263;0.0477682636363636
46;Y ~ X1 + X2;0.8;300;1;1;1;0.0561818181818182;0.742718446601942;0.789091910751997;525;318;3.88679245283019;6.13351565825581;123;0.742622950819672;0.791849041921992;-0.0421889181818182
47;Y ~ X1 + X2;0.8;300;1;1;1;0.167090909090909;0.761697497279652;0.766531961792799;827;876;4.19634703196347;12.7021065439064;172;0.761513157894737;0.767541924095322;-0.0470348
48;Y ~ X1 + X2;0.8;300;1;1;1;0.175454545454545;0.828408501814412;0.726012303737031;1147;663;5.81325301204819;12.537607678675;441;0.827748691099476;0.704375904687674;-0.0369916
49;Y ~ X1 + X2;0.8;300;1;1;1;0.390090909090909;0.873456070845957;0.745369521364387;174;1086;7.902394106814;13.9191011930194;70;0.873822975517891;0.663412436167017;0.0125017727272727
50;Y ~ X1 + X2;0.8;300;1;1;1;0.181454545454545;0.812531328320802;0.745063825879328;1963;749;5.32266666666667;5.89524355842833;479;0.812056737588652;0.730229949523275;-0.0181576363636364
51;Y ~ X1 + X2;0.8;300;1;1;1;0.297636363636364;0.795662797800855;0.740982101881597;1465;1338;4.89387144992526;11.1213680657601;393;0.795251310514955;0.717982226868792;-0.0445304818181818
52;Y ~ X1 + X2;0.8;300;1;1;1;0.389454545454545;0.830726126546813;0.743634525232098;1099;1451;5.90082644628099;16.5734669340062;210;0.831171893421363;0.687707140705032;-0.0202234454545455
53;Y ~ X1 + X2;0.8;300;1;1;1;0.275636363636364;0.780343007915567;0.722910358748509;448;1332;4.55255255255255;7.51546382349064;216;0.780926975658553;0.700886075949367;0.0414413090909091
54;Y ~ X1 + X2;0.8;300;1;1;1;0.391363636363636;0.865071992568509;0.736107283916598;2;1161;7.42241379310345;22.3093151320076;2;0.864991782108476;0.653289076644538;0.0402361818181818
55;Y ~ X1 + X2;0.8;300;1;1;1;0.287545454545455;0.842870692380651;0.749793559042114;792;994;6.36418511066398;25.5173518799593;266;0.843043616682585;0.712039185357051;0.0244177454545455
56;Y ~ X1 + X2;0.8;300;1;1;1;0.384636363636364;0.822027889387852;0.744581190301249;7;1506;5.61140583554377;9.49740594413801;2;0.821812963405884;0.696436558819144;0.0405164636363636
57;Y ~ X1 + X2;0.8;300;1;1;1;0.244;0.788002980625931;0.767512410369553;266;1138;4.7170474516696;11.7669150527511;44;0.787947269303201;0.760914508087073;0.0447377545454545
58;Y ~ X1 + X2;0.8;300;1;1;1;0.160636363636364;0.850594227504245;0.767446125630445;994;528;6.69318181818182;14.7596907300222;205;0.849628359062321;0.75174748798602;-0.00804366363636364
59;Y ~ X1 + X2;0.8;300;1;1;1;0.503;0.853398409255242;0.748001102839812;657;1623;6.81403940886699;14.7570092418541;121;0.853097021743103;0.64164201183432;0.0316128272727273
60;Y ~ X1 + X2;0.8;300;1;1;1;0.156;0.844988344988345;0.736030828516378;314;532;6.45112781954887;7.57450158062702;121;0.84452296819788;0.716009129442452;0.0175151363636364
61;Y ~ X1 + X2;0.8;300;1;1;1;0.432818181818182;0.826086956521739;0.704817061959919;245;1656;5.75;7.27680800239696;132;0.825494786124707;0.613044181906457;0.0282646636363636
62;Y ~ X1 + X2;0.8;300;1;1;1;0.0862727272727273;0.657534246575342;0.71229229780593;3362;650;2.92;3.25363993697922;1099;0.654952076677316;0.717701426562186;0.0345129818181818
63;Y ~ X1 + X2;0.8;300;1;1;1;0.425;0.837219251336898;0.751146578609429;1388;1522;6.14323258869908;26.1345553577471;360;0.836822793006691;0.687828999840485;0.0335222
64;Y ~ X1 + X2;0.8;300;1;1;1;0.523727272727273;0.882485679569519;0.780218770107547;785;1354;8.5096011816839;29.7269921869953;198;0.882001755926251;0.668402777777778;-0.0166326545454545
65;Y ~ X1 + X2;0.8;300;1;1;1;0.247090909090909;0.839279146745127;0.748184241978487;11;873;6.21967963386728;12.2737235883337;2;0.838421444527178;0.718593578317666;0.0193841636363636
66;Y ~ X1 + X2;0.8;300;1;1;1;0.166727272727273;0.843511450381679;0.77827763496144;2;574;6.39024390243902;11.1069644696701;1;0.842250413678985;0.76550280867937;-0.0314454545454545
67;Y ~ X1 + X2;0.8;300;1;1;1;0.375090909090909;0.842462433349491;0.790778839088905;1;1300;6.34769230769231;8.1380066251644;1;0.842633382280959;0.759629520729197;-0.0149334272727273
68;Y ~ X1 + X2;0.8;300;1;1;1;0.159;0.764436821040595;0.767452527291074;171;824;4.24514563106796;8.18345614517219;40;0.763824884792627;0.768139661756683;-0.0456834181818182
69;Y ~ X1 + X2;0.8;300;1;1;1;0.150545454545455;0.780193236714976;0.775444709334311;210;728;4.54945054945055;12.5245884763405;64;0.778998778998779;0.774816573154942;0.0351513545454546
70;Y ~ X1 + X2;0.8;300;1;1;1;0.153909090909091;0.729905437352246;0.823080459770115;2695;915;3.69650655021834;7.53210697424768;380;0.73134328358209;0.839782608695652;-0.0442161454545454
71;Y ~ X1 + X2;0.8;300;1;1;1;0.222181818181818;0.84328968903437;0.703465392039709;621;766;6.38120104438642;10.6859432851775;226;0.84167011161637;0.663947990543735;0.0183573909090909
72;Y ~ X1 + X2;0.8;300;1;1;1;0.153909090909091;0.743211334120425;0.767134599504542;3;869;3.89195402298851;6.0747877092263;2;0.74256837098692;0.771617663013996;0.0467097
73;Y ~ X1 + X2;0.8;300;1;1;1;0.193818181818182;0.782731112153918;0.783577981651376;1;927;4.5948275862069;5.70737607442111;1;0.781663516068053;0.784039162112933;0.0389806181818182
74;Y ~ X1 + X2;0.8;300;1;1;1;0.213545454545455;0.859940400170285;0.736663299972454;1347;658;7.13981762917933;7.68939093124213;495;0.859656652360515;0.703188879803761;-0.00711071818181818
75;Y ~ X1 + X2;0.8;300;1;1;1;0.343363636363636;0.866296002118083;0.757650951199338;315;1010;7.47920792079208;14.1933943725879;11;0.866506153023007;0.700685986280274;0.0184008727272727
76;Y ~ X1 + X2;0.8;300;1;1;1;0.186545454545455;0.822612085769981;0.744719926538108;188;728;5.63736263736264;10.1777767774988;37;0.821533923303835;0.727077687443541;0.0423957909090909
77;Y ~ X1 + X2;0.8;300;1;1;1;0.305181818181818;0.78522490318737;0.717664313869282;3;1442;4.64958448753463;5.73143083453174;2;0.784560143626571;0.688119466102815;-0.0244821272727273
78;Y ~ X1 + X2;0.8;300;1;1;1;0.206363636363636;0.818061674008811;0.781557414728326;442;826;5.49636803874092;10.7447486103291;161;0.817410714285714;0.772258886187334;-0.0437134636363636
79;Y ~ X1 + X2;0.8;300;1;1;1;0.259545454545455;0.858844133099825;0.753560599099513;824;806;7.08436724565757;10.9538983625663;188;0.860275910859568;0.71611221449851;0.0339210090909091
80;Y ~ X1 + X2;0.8;300;1;1;1;0.248181818181818;0.78974358974359;0.743985307621671;1;1148;4.75609756097561;6.45670960168704;1;0.788383277839438;0.729326981800415;-0.0378922272727273
81;Y ~ X1 + X2;0.8;300;1;1;1;0.370272727272727;0.847986247544204;0.759694909024076;464;1239;6.56935483870968;9.33421951017829;96;0.847012149764443;0.708278580814718;0.0128343454545455
82;Y ~ X1 + X2;0.8;300;1;1;1;0.385363636363636;0.824486907289455;0.744008814617574;2325;1488;5.69758064516129;14.8375208994065;525;0.824540463117689;0.693673530289466;0.043321
83;Y ~ X1 + X2;0.8;300;1;1;1;0.312818181818182;0.8546934030805;0.76045871559633;334;1000;6.882;11.6224885666092;51;0.854508196721312;0.717530732228755;0.0245231
84;Y ~ X1 + X2;0.8;300;1;1;1;0.155;0.86099706744868;0.672057337131306;2282;474;7.19409282700422;8.22539261078255;694;0.861209964412811;0.637381754920083;-0.0199031454545455
85;Y ~ X1 + X2;0.8;300;1;1;1;0.398545454545455;0.787001140250855;0.706912357902457;9;1867;4.69379014989293;6.98416705684277;2;0.785500575373993;0.654883437452385;-0.0251392272727273
86;Y ~ X1 + X2;0.8;300;1;1;1;0.275090909090909;0.867812293456709;0.775289149990821;565;800;7.565;10.2898239144543;103;0.867289096365455;0.74034198860038;-0.00467588181818182
87;Y ~ X1 + X2;0.8;300;1;1;1;0.300909090909091;0.855287009063444;0.752503445107947;1133;958;6.91022964509395;13.7961200563144;335;0.857317445768408;0.707435627955859;-0.0182937727272727
88;Y ~ X1 + X2;0.8;300;1;1;1;0.454636363636364;0.870425914817037;0.767144695716124;6;1296;7.70570107858243;22.4972148106753;2;0.869987849331713;0.681649831649832;0.0195548090909091
89;Y ~ X1 + X2;0.8;300;1;1;1;0.227181818181818;0.841873498799039;0.712685882136956;596;791;6.31060606060606;5.57408003524847;267;0.843018563357546;0.674310836501901;0.00434884545454546
90;Y ~ X1 + X2;0.8;300;1;1;1;0.0777272727272727;0.831578947368421;0.785150513950073;314;288;5.9375;27.9335421978717;122;0.832744405182568;0.781128695132876;0.0482938272727273
91;Y ~ X1 + X2;0.8;300;1;1;1;0.114909090909091;0.685126582278481;0.759808876228981;578;796;3.17587939698492;3.9872872422449;179;0.685464654487689;0.769534497090607;0.0471162363636364
92;Y ~ X1 + X2;0.8;300;1;1;1;0.148181818181818;0.796319018404908;0.745157440558157;367;664;4.90963855421687;13.3282165711944;111;0.799254195152268;0.735781990521327;0.0504459181818182
93;Y ~ X1 + X2;0.8;300;1;1;1;0.303909090909091;0.846844151959318;0.755555555555556;111;1024;6.529296875;13.2298334918052;26;0.846618357487923;0.71575613618369;0.0128095454545455
94;Y ~ X1 + X2;0.8;300;1;1;1;0.0347272727272727;0.633507853403141;0.816553371302591;1825;280;2.72857142857143;4.99617531004209;244;0.628647214854111;0.82329431915501;0.0439075545454546
95;Y ~ X1 + X2;0.8;300;1;1;1;0.352363636363636;0.80030959752322;0.737712448323381;549;1548;5.0077519379845;10.3029124286665;105;0.801145236855804;0.703109470396138;-0.0291641909090909
96;Y ~ X1 + X2;0.8;300;1;1;1;0.365454545454545;0.836775317243095;0.746539554496288;1;1313;6.11872146118721;23.0089040203245;1;0.836591478696742;0.694609047550224;-0.0321798545454545
97;Y ~ X1 + X2;0.8;300;1;1;1;0.378454545454545;0.85683401393226;0.778205833791965;3803;1192;6.98489932885906;21.8170723410834;733;0.856935014548982;0.730303924461493;-0.0233540909090909
98;Y ~ X1 + X2;0.8;300;1;1;1;0.170363636363636;0.870330843116329;0.738486993289824;1479;486;7.7119341563786;25.4555061012678;468;0.87277628032345;0.710882092198582;0.0404143545454545
99;Y ~ X1 + X2;0.8;300;1;1;1;0.0323636363636364;0.533707865168539;0.794692865668901;3413;332;2.14457831325301;3.68167461937102;764;0.535211267605634;0.803435839028094;0.0414760363636364
100;Y ~ X1 + X2;0.8;300;1;1;1;0.290545454545455;0.883568075117371;0.752570694087404;1522;745;8.56836461126005;22.291537686437;463;0.883338602592476;0.699055505240005;-0.00452984545454545
1;Y ~ X1 + X2;0.8;1;300;1;1;0.355090909090909;0.746543778801843;0.714285714285714;18;1980;3.94545454545455;3.41930736212143;3;0.727272727272727;0.708333333333333;0.0319963909090909
2;Y ~ X1 + X2;0.8;1;300;1;1;0.388;0.754686035613871;0.782608695652174;6;2094;4.07640878701051;3.59650979327932;3;0.9;0.692307692307692;-0.0449166727272727
3;Y ~ X1 + X2;0.8;1;300;1;1;0.430818181818182;0.768727579658156;0.641025641025641;15;2192;4.32390510948905;3.92556469324486;5;0.6875;0.608695652173913;0.0432908090909091
4;Y ~ X1 + X2;0.8;1;300;1;1;0.575727272727273;0.833070120025268;0.666666666666667;32;2115;5.98582230623819;5.09983465094467;3;0.736842105263158;0.545454545454545;-0.0337302545454546
5;Y ~ X1 + X2;0.8;1;300;1;1;0.650818181818182;0.865884325230511;0.714285714285714;5;1921;7.44953173777315;6.75969999714007;3;0.72;0.7;-0.0160137454545454
6;Y ~ X1 + X2;0.8;1;300;1;1;0.474636363636364;0.785673242673817;0.727272727272727;1;2238;4.66577301161752;4.09840921038453;1;0.866666666666667;0.611111111111111;0.0262490363636364
7;Y ~ X1 + X2;0.8;1;300;1;1;0.596;0.832214765100671;0.720930232558139;6;2200;5.96;5.39607244356454;3;0.766666666666667;0.615384615384615;0.0236847545454545
8;Y ~ X1 + X2;0.8;1;300;1;1;0.642090909090909;0.869866893231379;0.758620689655172;1;1839;7.67717391304348;7.10431527984235;1;0.857142857142857;0.5;-0.0214663090909091
9;Y ~ X1 + X2;0.8;1;300;1;1;0.656;0.872072072072072;0.774193548387097;1;1847;7.80952380952381;7.62803151398931;1;0.882352941176471;0.642857142857143;-0.0156759545454545
10;Y ~ X1 + X2;0.8;1;300;1;1;0.338636363636364;0.752685284640172;0.628571428571429;14;1843;4.04013015184382;3.50577547129557;5;0.5;0.666666666666667;0.0449290818181818
11;Y ~ X1 + X2;0.8;1;300;1;1;0.483454545454545;0.781455708106075;0.540540540540541;10;2325;4.57265692175408;4.00329151257958;6;0.578947368421053;0.5;-0.0286425181818182
12;Y ~ X1 + X2;0.8;1;300;1;1;0.383363636363636;0.747628083491461;0.777777777777778;6;2129;3.95962441314554;3.28834577012739;5;1;0.741935483870968;0.0309458636363636
13;Y ~ X1 + X2;0.8;1;300;1;1;0.656636363636364;0.869011354195514;0.755555555555556;17;1893;7.6272439281943;7.43281515494229;3;0.827586206896552;0.625;-0.0127601
14;Y ~ X1 + X2;0.8;1;300;1;1;0.588909090909091;0.832638567237919;0.642857142857143;11;2169;5.9705069124424;5.46821208234365;7;0.64;0.647058823529412;0.0338733272727273
15;Y ~ X1 + X2;0.8;1;300;1;1;0.558818181818182;0.819720143182558;0.642857142857143;9;2217;5.54283137962128;5.22898195300604;3;0.75;0.5625;0.0250666090909091
16;Y ~ X1 + X2;0.8;1;300;1;1;0.627272727272727;0.853312074213654;0.780487804878049;36;2025;6.81145113524186;6.54152041159299;7;0.88;0.625;-0.0189519727272727
17;Y ~ X1 + X2;0.8;1;300;1;1;0.623636363636364;0.857559410992856;0.852941176470588;5;1955;7.01431492842536;6.28020232472735;3;0.954545454545455;0.666666666666667;0.0176166
18;Y ~ X1 + X2;0.8;1;300;1;1;0.641090909090909;0.86700694739827;0.71875;2;1875;7.52614727854856;7.18495054313846;2;0.9375;0.5;-0.0189127090909091
19;Y ~ X1 + X2;0.8;1;300;1;1;0.250181818181818;0.719113372093023;0.676470588235294;10;1546;3.5601552393273;2.95266034021488;3;0.75;0.653846153846154;0.0438294181818182
20;Y ~ X1 + X2;0.8;1;300;1;1;0.593727272727273;0.841347626339969;0.764705882352941;3;2073;6.29797492767599;5.80897037535608;3;0.916666666666667;0.4;0.0300456454545455
21;Y ~ X1 + X2;0.8;1;300;1;1;0.639818181818182;0.864308042057403;0.875;12;1910;7.3696335078534;6.76983996074163;2;0.91304347826087;0.777777777777778;0.010164
22;Y ~ X1 + X2;0.8;1;300;1;1;0.634363636363636;0.854808657015909;0.720930232558139;5;2027;6.88165680473373;6.39840481852205;2;0.794117647058823;0.444444444444444;-0.0233623636363636
23;Y ~ X1 + X2;0.8;1;300;1;1;0.534545454545455;0.801156659295799;0.630434782608696;7;2339;5.02564102564103;4.50996717379031;3;0.642857142857143;0.611111111111111;-0.0269685727272727
24;Y ~ X1 + X2;0.8;1;300;1;1;0.652272727272727;0.865802675585284;0.842105263157895;7;1925;7.45067497403946;7.24421104184441;2;0.91304347826087;0.733333333333333;-0.0210829636363636
25;Y ~ X1 + X2;0.8;1;300;1;1;0.618636363636364;0.852020573108009;0.846153846153846;10;2014;6.75769612711023;6.38811628549083;3;0.857142857142857;0.833333333333333;0.0270866454545455
26;Y ~ X1 + X2;0.8;1;300;1;1;0.659727272727273;0.87348401323043;0.744186046511628;8;1837;7.89662676822633;8.03174390637175;3;0.833333333333333;0.538461538461538;0.0179745636363636
27;Y ~ X1 + X2;0.8;1;300;1;1;0.595818181818182;0.840250228867867;0.705882352941177;15;2094;6.25978987583572;5.53101261338459;4;0.777777777777778;0.625;0.0204764272727273
28;Y ~ X1 + X2;0.8;1;300;1;1;0.335818181818182;0.736528567560249;0.628571428571429;14;1947;3.79260780287474;3.26274979964255;5;0.714285714285714;0.571428571428571;-0.0345115
29;Y ~ X1 + X2;0.8;1;300;1;1;0.523727272727273;0.803472222222222;0.585365853658537;2;2265;5.08473080317741;4.57001537166529;2;0.833333333333333;0.391304347826087;0.0377045090909091
30;Y ~ X1 + X2;0.8;1;300;1;1;0.238909090909091;0.703576864535769;0.705882352941177;2;1558;3.37355584082157;2.76646630149866;1;0.75;0.692307692307692;0.0385303727272727
31;Y ~ X1 + X2;0.8;1;300;1;1;0.244181818181818;0.71072226358898;0.75;3;1554;3.45688545688546;2.73079178852496;3;0.777777777777778;0.736842105263158;0.0382847818181818
32;Y ~ X1 + X2;0.8;1;300;1;1;0.591727272727273;0.832667486170867;0.777777777777778;4;2179;5.97155963302752;5.48477468129015;3;0.91304347826087;0.538461538461538;0.0237328272727273
33;Y ~ X1 + X2;0.8;1;300;1;1;0.64;0.859923284557466;0.772727272727273;6;1973;7.13272543059777;6.68318201718608;3;0.875;0.65;-0.0264142363636364
34;Y ~ X1 + X2;0.8;1;300;1;1;0.642090909090909;0.869866893231379;0.758620689655172;1;1839;7.67717391304348;7.10431527984235;1;0.857142857142857;0.5;-0.0214663090909091
35;Y ~ X1 + X2;0.8;1;300;1;1;0.622363636363636;0.847063978965819;0.580645161290323;7;2094;6.53868194842407;6.1513871168903;4;0.764705882352941;0.357142857142857;-0.0282416727272727
36;Y ~ X1 + X2;0.8;1;300;1;1;0.559363636363636;0.822200552575979;0.666666666666667;11;2188;5.61917808219178;5.02136179518363;2;0.846153846153846;0.529411764705882;-0.0247277363636364
37;Y ~ X1 + X2;0.8;1;300;1;1;0.584090909090909;0.836394769613948;0.58695652173913;3;2103;6.1074144486692;5.61099082577294;2;0.708333333333333;0.454545454545455;0.0327021363636363
38;Y ~ X1 + X2;0.8;1;300;1;1;0.410090909090909;0.763192904656319;0.647058823529412;18;2137;4.21983161833489;3.65370618488662;7;0.789473684210526;0.5625;0.0445905272727273
39;Y ~ X1 + X2;0.8;1;300;1;1;0.645181818181818;0.865839909808343;0.733333333333333;12;1905;7.44700944386149;7.27286123062669;2;0.875;0.571428571428571;0.0153240818181818
40;Y ~ X1 + X2;0.8;1;300;1;1;0.408818181818182;0.762508338892595;0.673469387755102;25;2136;4.21067415730337;3.53899131481582;9;0.8125;0.606060606060606;-0.0454222
41;Y ~ X1 + X2;0.8;1;300;1;1;0.604272727272727;0.83689437255492;0.818181818181818;4;2169;6.12626728110599;5.67425250555177;1;0.947368421052632;0.642857142857143;0.0284175
42;Y ~ X1 + X2;0.8;1;300;1;1;0.473090909090909;0.783586392465885;0.84;7;2253;4.61756876663709;4.31468352329982;1;0.9;0.8;-0.0298789
43;Y ~ X1 + X2;0.8;1;300;1;1;0.578;0.823816265534057;0.676470588235294;9;2241;5.67172167707404;5.13871801490925;3;0.857142857142857;0.384615384615385;0.0260002
44;Y ~ X1 + X2;0.8;1;300;1;1;0.630818181818182;0.855145575093687;0.793103448275862;4;2011;6.89761431411531;6.44968696639854;2;0.9375;0.615384615384615;0.0277344818181818
45;Y ~ X1 + X2;0.8;1;300;1;1;0.377363636363636;0.749457961936883;0.709677419354839;6;2080;3.99134615384615;3.63849090804888;3;0.636363636363636;0.75;0.0454348727272727
46;Y ~ X1 + X2;0.8;1;300;1;1;0.322090909090909;0.726708074534161;0.743589743589744;6;1937;3.65634674922601;3.31515482534442;3;0.833333333333333;0.703703703703704;-0.0447404818181818
47;Y ~ X1 + X2;0.8;1;300;1;1;0.338818181818182;0.748323048027905;0.731707317073171;7;1876;3.97334754797441;3.31426426023316;4;0.733333333333333;0.730769230769231;-0.0455238727272727
48;Y ~ X1 + X2;0.8;1;300;1;1;0.557454545454545;0.827271244495188;0.676470588235294;4;2119;5.78490566037736;5.00282814166912;2;0.826086956521739;0.363636363636364;-0.0354032272727273
49;Y ~ X1 + X2;0.8;1;300;1;1;0.672909090909091;0.879340629644643;0.72972972972973;2;1787;8.27964205816555;7.87728455534006;2;0.8;0.583333333333333;0.00991750909090909
50;Y ~ X1 + X2;0.8;1;300;1;1;0.606090909090909;0.843984398439844;0.725;2;2081;6.40441882804995;5.85060316362856;1;0.733333333333333;0.7;-0.0192021
51;Y ~ X1 + X2;0.8;1;300;1;1;0.416272727272727;0.767584097859327;0.588235294117647;1;2129;4.29953051643192;3.53067249622768;1;0.6;0.583333333333333;-0.0444951090909091
52;Y ~ X1 + X2;0.8;1;300;1;1;0.610727272727273;0.839089014587675;0.682926829268293;13;2162;6.21461609620722;5.76372830290461;3;0.814814814814815;0.428571428571429;-0.0187221545454545
53;Y ~ X1 + X2;0.8;1;300;1;1;0.535545454545455;0.809030724834493;0.758620689655172;7;2250;5.23644444444444;4.60360235104683;1;0.866666666666667;0.642857142857143;0.0375709727272727
54;Y ~ X1 + X2;0.8;1;300;1;1;0.581454545454545;0.830988117573483;0.742857142857143;11;2162;5.91127541589649;5.44567676341403;4;0.923076923076923;0.636363636363636;0.0332597090909091
55;Y ~ X1 + X2;0.8;1;300;1;1;0.602;0.836907278767744;0.696969696969697;4;2160;6.13148148148148;5.41385734678123;3;0.80952380952381;0.5;0.0232313
56;Y ~ X1 + X2;0.8;1;300;1;1;0.440818181818182;0.771546391752577;0.8;15;2215;4.37635379061372;3.88242519003272;4;0.928571428571429;0.6875;0.0427678727272727
57;Y ~ X1 + X2;0.8;1;300;1;1;0.277545454545455;0.714379299050115;0.8;8;1744;3.50114678899083;2.877522624766;2;0.733333333333333;0.828571428571429;0.0448109454545455
58;Y ~ X1 + X2;0.8;1;300;1;1;0.657090909090909;0.868825238688252;0.666666666666667;1;1897;7.61643835616438;6.99203763254307;1;0.8125;0.5;-0.0102019636363636
59;Y ~ X1 + X2;0.8;1;300;1;1;0.564454545454545;0.821681701030928;0.794117647058823;6;2215;5.60379061371841;5.25132272057698;3;0.863636363636364;0.666666666666667;0.0339482363636364
60;Y ~ X1 + X2;0.8;1;300;1;1;0.650181818181818;0.868130331422179;0.694444444444444;2;1887;7.57627118644068;6.74379715583766;1;0.8;0.5625;0.0196610727272727
61;Y ~ X1 + X2;0.8;1;300;1;1;0.609363636363636;0.838704864219636;0.648648648648649;21;2163;6.19500924214418;5.567336770312;7;0.652173913043478;0.642857142857143;0.0312114363636364
62;Y ~ X1 + X2;0.8;1;300;1;1;0.379454545454545;0.758025874460949;0.464285714285714;9;2020;4.13267326732673;3.55952104524393;4;0.5;0.45;0.0328416909090909
63;Y ~ X1 + X2;0.8;1;300;1;1;0.400818181818182;0.757314583805852;0.702702702702703;9;2140;4.12056074766355;3.77593280325006;2;0.777777777777778;0.631578947368421;0.0321219818181818
64;Y ~ X1 + X2;0.8;1;300;1;1;0.653;0.869952659426344;0.909090909090909;1;1869;7.68235294117647;7.32092852428845;1;0.96;0.75;-0.0154544090909091
65;Y ~ X1 + X2;0.8;1;300;1;1;0.622090909090909;0.848750548005261;0.764705882352941;9;2070;6.60521235521236;5.96297204479743;2;0.857142857142857;0.615384615384615;0.0181225181818182
66;Y ~ X1 + X2;0.8;1;300;1;1;0.617181818181818;0.843989393046553;0.675675675675676;10;2119;6.40471698113208;6.12178700411822;3;0.826086956521739;0.428571428571429;-0.0257759727272727
67;Y ~ X1 + X2;0.8;1;300;1;1;0.650818181818182;0.865884325230511;0.714285714285714;5;1921;7.44953173777315;6.75969999714007;3;0.72;0.7;-0.0160137454545454
68;Y ~ X1 + X2;0.8;1;300;1;1;0.261909090909091;0.734027777777778;0.8125;2;1533;3.75619295958279;3.1839611279071;2;1;0.739130434782609;-0.0433605363636364
69;Y ~ X1 + X2;0.8;1;300;1;1;0.278909090909091;0.722620599739244;0.733333333333333;15;1702;3.60517038777908;3.22769946306576;5;0.285714285714286;0.869565217391304;0.0357631818181818
70;Y ~ X1 + X2;0.8;1;300;1;1;0.207;0.683794466403162;0.730769230769231;20;1440;3.1625;2.75973117051621;3;0.6;0.761904761904762;-0.0453510545454545
71;Y ~ X1 + X2;0.8;1;300;1;1;0.607272727272727;0.843389729001347;0.684210526315789;3;2093;6.38013371537727;6.00769955155858;1;0.826086956521739;0.466666666666667;0.0195839545454546
72;Y ~ X1 + X2;0.8;1;300;1;1;0.264363636363636;0.72636644895153;0.756756756756757;8;1591;3.65326633165829;3.20814637355209;2;0.666666666666667;0.785714285714286;0.0450752272727273
73;Y ~ X1 + X2;0.8;1;300;1;1;0.220181818181818;0.715524360033031;0.814814814814815;9;1378;3.51523947750363;2.85860847629836;3;1;0.75;0.0402089909090909
74;Y ~ X1 + X2;0.8;1;300;1;1;0.670090909090909;0.873270013568521;0.722222222222222;12;1869;7.88342245989305;7.30640892645393;5;0.857142857142857;0.533333333333333;-0.00788762727272727
75;Y ~ X1 + X2;0.8;1;300;1;1;0.651181818181818;0.866378106674113;0.787878787878788;6;1915;7.47703549060543;6.99999961044881;3;0.947368421052632;0.571428571428571;0.0195075818181818
76;Y ~ X1 + X2;0.8;1;300;1;1;0.388727272727273;0.75859649122807;0.774193548387097;24;2065;4.13939980638916;3.41734155197127;4;0.9;0.714285714285714;0.0445728090909091
77;Y ~ X1 + X2;0.8;1;300;1;1;0.537363636363636;0.804432414143123;0.75609756097561;11;2312;5.10890233362143;4.58165802194712;4;0.894736842105263;0.636363636363636;-0.0268686363636364
78;Y ~ X1 + X2;0.8;1;300;1;1;0.378818181818182;0.750419966402688;0.720930232558139;2;2080;4.00673076923077;3.55717129843441;1;0.80952380952381;0.636363636363636;-0.0460952090909091
79;Y ~ X1 + X2;0.8;1;300;1;1;0.631636363636364;0.853317978983734;0.756756756756757;7;2039;6.81176470588235;6.11116024276785;3;0.814814814814815;0.6;0.0274523090909091
80;Y ~ X1 + X2;0.8;1;300;1;1;0.501909090909091;0.79061764173157;0.761904761904762;1;2312;4.77595155709343;4.18252098353826;1;0.833333333333333;0.708333333333333;-0.0390146090909091
81;Y ~ X1 + X2;0.8;1;300;1;1;0.648272727272727;0.868443197755961;0.702702702702703;10;1877;7.59424920127796;7.6369102126895;3;0.8;0.588235294117647;0.00864407272727273
82;Y ~ X1 + X2;0.8;1;300;1;1;0.283818181818182;0.724215246636771;0.708333333333333;1;1722;3.6260162601626;3.12260647606874;1;0.636363636363636;0.72972972972973;0.0449777272727273
83;Y ~ X1 + X2;0.8;1;300;1;1;0.630454545454545;0.858255227108868;0.783783783783784;1;1966;7.05493387589013;6.16334291572724;1;0.9;0.647058823529412;0.0233809
84;Y ~ X1 + X2;0.8;1;300;1;1;0.598545454545454;0.836396779583776;0.75;4;2155;6.10760667903525;5.35217634863445;2;0.9375;0.5625;-0.0219472181818182
85;Y ~ X1 + X2;0.8;1;300;1;1;0.599272727272727;0.837378640776699;0.727272727272727;2;2144;6.14925373134328;5.59545962754596;2;0.772727272727273;0.636363636363636;-0.0248445090909091
86;Y ~ X1 + X2;0.8;1;300;1;1;0.671181818181818;0.878081820644812;0.861111111111111;2;1801;8.19422863485017;8.23994403897537;1;0.91304347826087;0.769230769230769;-0.00477206363636364
87;Y ~ X1 + X2;0.8;1;300;1;1;0.615454545454545;0.84266509085537;0.621621621621622;9;2131;6.35084427767355;5.83037088345489;3;0.722222222222222;0.526315789473684;-0.0216784
88;Y ~ X1 + X2;0.8;1;300;1;1;0.649181818181818;0.859403444895673;0.7;7;2008;7.10547263681592;6.4216717781891;4;0.833333333333333;0.5;0.0231062636363636
89;Y ~ X1 + X2;0.8;1;300;1;1;0.655090909090909;0.876891047883414;0.825;9;1775;8.11486486486486;7.6593396196409;5;0.928571428571429;0.583333333333333;0.00454473636363637
90;Y ~ X1 + X2;0.8;1;300;1;1;0.330909090909091;0.733516483516484;0.611111111111111;14;1940;3.75257731958763;3.27428901943106;3;0.615384615384615;0.608695652173913;0.0446759818181818
91;Y ~ X1 + X2;0.8;1;300;1;1;0.327272727272727;0.7375;0.5625;5;1890;3.80952380952381;3.31689854843791;3;0.714285714285714;0.52;0.0467531181818182
92;Y ~ X1 + X2;0.8;1;300;1;1;0.384909090909091;0.751299008030231;0.707317073170732;3;2106;4.02089268755935;3.53869704395436;3;0.833333333333333;0.608695652173913;0.0453294818181818
93;Y ~ X1 + X2;0.8;1;300;1;1;0.647363636363636;0.867837078651685;0.757575757575758;4;1883;7.55944798301486;6.64862541328952;3;0.85;0.615384615384615;0.0151772
94;Y ~ X1 + X2;0.8;1;300;1;1;0.222;0.703112203112203;0.733333333333333;33;1450;3.36827586206897;2.87075902547715;5;0.833333333333333;0.708333333333333;0.0449011636363636
95;Y ~ X1 + X2;0.8;1;300;1;1;0.502454545454545;0.792254795512125;0.555555555555556;8;2297;4.81026979982594;4.20517339589154;5;0.714285714285714;0.384615384615385;-0.0272908363636364
96;Y ~ X1 + X2;0.8;1;300;1;1;0.614090909090909;0.846188008882309;0.783783783783784;4;2078;6.50144369586141;6.15673166010535;3;0.821428571428571;0.666666666666667;-0.0270749363636364
97;Y ~ X1 + X2;0.8;1;300;1;1;0.615090909090909;0.844345898004435;0.675675675675676;12;2107;6.41935483870968;5.75130730927394;2;0.782608695652174;0.5;-0.0170316363636364
98;Y ~ X1 + X2;0.8;1;300;1;1;0.513272727272727;0.802480070859167;0.545454545454545;11;2231;5.05913978494624;4.65857584949146;3;0.619047619047619;0.478260869565217;0.0385298363636364
99;Y ~ X1 + X2;0.8;1;300;1;1;0.214818181818182;0.722809987304274;0.807692307692308;40;1310;3.60763358778626;3.03651624989447;9;0.625;0.888888888888889;0.0417334181818182
100;Y ~ X1 + X2;0.8;1;300;1;1;0.658909090909091;0.873344370860927;0.775510204081633;16;1836;7.89542483660131;7.04278564524259;3;0.903225806451613;0.555555555555556;-0.00423582727272727
1;Y ~ X1 + X2;0.8;1;1;300;1;0.00454545454545455;0.9;1;3190;10;10;9.82344135219425;17;NA;1;0.0310312363636364
2;Y ~ X1 + X2;0.8;1;1;300;1;0.00181818181818182;0.8;1;1073;8;5;4.24264068711928;7;NA;1;-0.0439655545454545
3;Y ~ X1 + X2;0.8;1;1;300;1;0.000818181818181818;0.666666666666667;0.974358974358974;2968;6;3;2;17;NA;0.974358974358974;0.0462448363636364
4;Y ~ X1 + X2;0.8;1;1;300;1;0.000363636363636364;0.25;1;4578;6;1.33333333333333;0.577350269189626;24;NA;1;-0.0359364818181818
5;Y ~ X1 + X2;0.8;1;1;300;1;0.002;0.954545454545455;0.971428571428571;1053;2;22;NA;11;NA;0.971428571428571;-0.00998611818181818
6;Y ~ X1 + X2;0.8;1;1;300;1;0.00145454545454545;0.625;1;89;12;2.66666666666667;2.42212028327799;1;NA;1;0.0244071090909091
7;Y ~ X1 + X2;0.8;1;1;300;1;0.000727272727272727;0.75;1;642;4;4;0;5;NA;1;0.0232385636363636
8;Y ~ X1 + X2;0.8;1;1;300;1;0.000727272727272727;0.625;0.96551724137931;937;6;2.66666666666667;1.15470053837925;7;NA;0.96551724137931;-0.0350667181818182
9;Y ~ X1 + X2;0.8;1;1;300;1;0.00181818181818182;0.9;1;1593;4;10;4.24264068711928;5;NA;1;-0.0123360727272727
10;Y ~ X1 + X2;0.8;1;1;300;1;0.00481818181818182;0.886792452830189;1;308;12;8.83333333333333;9.13053485107344;6;1;1;0.0488565181818182
11;Y ~ X1 + X2;0.8;1;1;300;1;0.00490909090909091;0.833333333333333;0.945945945945946;2646;18;6;3.93700393700591;4;NA;0.945945945945946;-0.0278686909090909
12;Y ~ X1 + X2;0.8;1;1;300;1;0.004;0.863636363636364;1;2136;12;7.33333333333333;4.13118223595458;5;NA;1;0.0288734181818182
13;Y ~ X1 + X2;0.8;1;1;300;1;0.00427272727272727;0.914893617021277;1;640;8;11.75;11.842719282327;8;NA;1;-0.0102724
14;Y ~ X1 + X2;0.8;1;1;300;1;0.00154545454545455;0.823529411764706;1;4980;6;5.66666666666667;4.50924975282289;15;NA;1;0.0419734272727273
15;Y ~ X1 + X2;0.8;1;1;300;1;0.00327272727272727;0.833333333333333;1;164;12;6;4.93963561409139;1;NA;1;0.0255236090909091
16;Y ~ X1 + X2;0.8;1;1;300;1;0.003;0.878787878787879;1;4691;8;8.25;6.13052471924984;46;NA;1;-0.0168837454545455
17;Y ~ X1 + X2;0.8;1;1;300;1;0.000181818181818182;0.5;1;10776;2;2;NA;81;NA;1;0.0141095181818182
18;Y ~ X1 + X2;0.8;1;1;300;1;0.00263636363636364;0.833333333333333;0.96875;477;9;5.8;5.89067059000926;2;0;1;-0.0276684454545455
19;Y ~ X1 + X2;0.8;1;1;300;1;0.00172727272727273;0.842105263157895;1;3033;6;6.33333333333333;2.88675134594813;6;NA;1;0.0466266454545455
20;Y ~ X1 + X2;0.8;1;1;300;1;0.00427272727272727;0.872340425531915;1;353;12;7.83333333333333;7.93515385274077;3;NA;1;0.0391381818181818
21;Y ~ X1 + X2;0.8;1;1;300;1;0.00154545454545455;0.705882352941176;1;1092;10;3.4;1.81659021245849;7;NA;1;-0.00215782727272728
22;Y ~ X1 + X2;0.8;1;1;300;1;0.000545454545454545;0.5;1;3761;6;2;1;21;NA;1;-0.0277709090909091
23;Y ~ X1 + X2;0.8;1;1;300;1;0.00290909090909091;0.84375;1;3929;10;6.4;5.85662018573853;7;NA;1;-0.0225912090909091
24;Y ~ X1 + X2;0.8;1;1;300;1;0.00336363636363636;0.894736842105263;1;6386;7;12.3333333333333;8.38649708360608;24;NA;1;-0.0219923818181818
25;Y ~ X1 + X2;0.8;1;1;300;1;0.00172727272727273;0.894736842105263;1;645;4;9.5;4.94974746830583;1;NA;1;0.0272126272727273
26;Y ~ X1 + X2;0.8;1;1;300;1;0.000454545454545455;0.2;1;527;8;1.25;0.5;5;NA;1;0.0278372272727273
27;Y ~ X1 + X2;0.8;1;1;300;1;0.000818181818181818;0.666666666666667;1;389;6;3;2.64575131106459;2;NA;1;0.0164155363636364
28;Y ~ X1 + X2;0.8;1;1;300;1;9.09090909090909e-05;0;1;3572;2;1;NA;14;NA;1;-0.0341900181818182
29;Y ~ X1 + X2;0.8;1;1;300;1;0.001;0.909090909090909;1;4598;2;11;NA;29;NA;1;0.0396174181818182
30;Y ~ X1 + X2;0.8;1;1;300;1;0.002;0.818181818181818;0.970588235294118;472;8;5.5;3.1091263510296;4;NA;0.970588235294118;0.0383154454545455
31;Y ~ X1 + X2;0.8;1;1;300;1;0.000454545454545455;0.4;0.964285714285714;440;6;1.66666666666667;1.15470053837925;7;NA;0.964285714285714;0.0355442818181818
32;Y ~ X1 + X2;0.8;1;1;300;1;0.00481818181818182;0.849056603773585;1;168;16;6.625;4.20671232335045;5;1;1;0.0205083818181818
33;Y ~ X1 + X2;0.8;1;1;300;1;0.000818181818181818;0.777777777777778;1;4045;4;4.5;0.707106781186548;31;NA;1;-0.0291926636363636
34;Y ~ X1 + X2;0.8;1;1;300;1;0.000727272727272727;0.625;0.96551724137931;937;6;2.66666666666667;1.15470053837925;7;NA;0.96551724137931;-0.0350667181818182
35;Y ~ X1 + X2;0.8;1;1;300;1;0.00181818181818182;0.8;0.967741935483871;4022;8;5;3.82970843102535;4;NA;0.967741935483871;-0.0336117909090909
36;Y ~ X1 + X2;0.8;1;1;300;1;0.00127272727272727;0.8;1;2656;5;4.66666666666667;4.72581562625261;3;NA;1;-0.0212310909090909
37;Y ~ X1 + X2;0.8;1;1;300;1;0.00363636363636364;0.825;1;306;14;5.71428571428571;5.12231346542705;4;NA;1;0.0361196727272727
38;Y ~ X1 + X2;0.8;1;1;300;1;0.002;0.772727272727273;0.980392156862745;2365;10;4.4;2.40831891575846;9;0;1;0.0507424636363636
39;Y ~ X1 + X2;0.8;1;1;300;1;0.00118181818181818;0.846153846153846;1;7337;4;6.5;4.94974746830583;27;NA;1;0.0115706636363636
40;Y ~ X1 + X2;0.8;1;1;300;1;0.00290909090909091;0.84375;0.979591836734694;1491;10;6.4;2.70185121722126;12;NA;0.979591836734694;-0.0480671636363636
41;Y ~ X1 + X2;0.8;1;1;300;1;0.00109090909090909;0.583333333333333;1;923;10;2.4;1.14017542509914;14;NA;1;0.0288644545454546
42;Y ~ X1 + X2;0.8;1;1;300;1;0.00136363636363636;0.8;1;2769;6;5;1.73205080756888;6;NA;1;-0.0212993727272727
43;Y ~ X1 + X2;0.8;1;1;300;1;0.00572727272727273;0.904761904761905;1;1824;12;10.5;7.14842640026461;12;1;1;0.0276920545454545
44;Y ~ X1 + X2;0.8;1;1;300;1;0.004;0.863636363636364;1;2778;12;7.33333333333333;8.93681524183345;16;NA;1;0.0341255363636364
45;Y ~ X1 + X2;0.8;1;1;300;1;0.000272727272727273;0.333333333333333;1;4304;4;1.5;0.707106781186548;16;NA;1;0.0457622090909091
46;Y ~ X1 + X2;0.8;1;1;300;1;0.000272727272727273;0.666666666666667;1;4408;2;3;NA;20;NA;1;-0.0457021545454545
47;Y ~ X1 + X2;0.8;1;1;300;1;0.000636363636363636;0.714285714285714;0.975609756097561;3623;4;3.5;0.707106781186548;22;NA;0.975609756097561;-0.0503649818181818
48;Y ~ X1 + X2;0.8;1;1;300;1;0.00254545454545455;0.857142857142857;0.970588235294118;1961;8;7;4.54606056566195;17;1;0.96969696969697;-0.0380733
49;Y ~ X1 + X2;0.8;1;1;300;1;0.00136363636363636;0.666666666666667;1;568;10;3;2.34520787991171;9;NA;1;0.0174877
50;Y ~ X1 + X2;0.8;1;1;300;1;0.000454545454545455;0.8;0.975;7178;2;5;NA;45;NA;0.975;-0.0125900090909091
51;Y ~ X1 + X2;0.8;1;1;300;1;0.00363636363636364;0.9;1;7658;8;10;12.0277457017791;38;NA;1;-0.0451949181818182
52;Y ~ X1 + X2;0.8;1;1;300;1;0.00154545454545455;0.823529411764706;0.975609756097561;4856;6;5.66666666666667;4.16333199893227;33;NA;0.975609756097561;-0.0213030727272727
53;Y ~ X1 + X2;0.8;1;1;300;1;0.002;0.863636363636364;1;2112;6;7.33333333333333;6.80685928555405;5;NA;1;0.0437393909090909
54;Y ~ X1 + X2;0.8;1;1;300;1;0.00154545454545455;0.666666666666667;0.971428571428571;3478;11;3.4;1.14017542509914;52;NA;0.971428571428571;0.0380536363636364
55;Y ~ X1 + X2;0.8;1;1;300;1;0.00236363636363636;0.846153846153846;1;5192;8;6.5;5;35;NA;1;0.0140755454545455
56;Y ~ X1 + X2;0.8;1;1;300;1;0.00518181818181818;0.896551724137931;1;651;11;9.5;6.94982014155762;3;NA;1;0.046613
57;Y ~ X1 + X2;0.8;1;1;300;1;9.09090909090909e-05;0;0.98;8705;2;1;NA;22;NA;0.98;0.0451234
58;Y ~ X1 + X2;0.8;1;1;300;1;0.000545454545454545;0.666666666666667;1;619;4;3;1.4142135623731;1;NA;1;-0.000876245454545455
59;Y ~ X1 + X2;0.8;1;1;300;1;0.001;0.545454545454545;1;3207;10;2.2;1.30384048104053;14;NA;1;0.0366805
60;Y ~ X1 + X2;0.8;1;1;300;1;0.00209090909090909;0.826086956521739;0.972222222222222;1359;8;5.75;1.25830573921179;9;NA;0.972222222222222;0.0226311818181818
61;Y ~ X1 + X2;0.8;1;1;300;1;0.00154545454545455;0.882352941176471;1;8185;4;8.5;7.77817459305202;57;NA;1;0.0320239181818182
62;Y ~ X1 + X2;0.8;1;1;300;1;0.00363636363636364;0.85;1;936;12;6.66666666666667;6.34560215162176;5;NA;1;0.0352237090909091
63;Y ~ X1 + X2;0.8;1;1;300;1;0.00290909090909091;0.84375;0.972972972972973;2340;10;6.4;3.78153408023781;13;0;1;0.0263162454545455
64;Y ~ X1 + X2;0.8;1;1;300;1;0.00145454545454545;0.75;1;1554;8;4;2.58198889747161;15;NA;1;-0.0179114
65;Y ~ X1 + X2;0.8;1;1;300;1;0.000818181818181818;0.6;1;3147;7;2.25;1.89296944860009;18;NA;1;0.0146543727272727
66;Y ~ X1 + X2;0.8;1;1;300;1;0.00381818181818182;0.785714285714286;1;499;18;4.66666666666667;4.30116263352131;8;NA;1;-0.0302920545454545
67;Y ~ X1 + X2;0.8;1;1;300;1;0.002;0.954545454545455;0.971428571428571;1053;2;22;NA;11;NA;0.971428571428571;-0.00998611818181818
68;Y ~ X1 + X2;0.8;1;1;300;1;0.000818181818181818;0.777777777777778;1;4806;4;4.5;3.53553390593274;21;NA;1;-0.0470047909090909
69;Y ~ X1 + X2;0.8;1;1;300;1;0.00245454545454545;0.814814814814815;1;3099;10;5.4;2.30217288664427;19;NA;1;0.0344173090909091
70;Y ~ X1 + X2;0.8;1;1;300;1;0.00281818181818182;0.870967741935484;1;2405;8;7.75;4.85626742811116;14;NA;1;-0.0435367727272727
71;Y ~ X1 + X2;0.8;1;1;300;1;0.000909090909090909;0.7;1;3050;6;3.33333333333333;4.04145188432738;16;NA;1;0.0110987454545455
72;Y ~ X1 + X2;0.8;1;1;300;1;0.00109090909090909;0.846153846153846;1;113;3;6;5.65685424949238;2;NA;1;0.0472060727272727
73;Y ~ X1 + X2;0.8;1;1;300;1;0.000272727272727273;0.666666666666667;1;4422;2;3;NA;15;NA;1;0.0400917363636364
74;Y ~ X1 + X2;0.8;1;1;300;1;0.00154545454545455;0.823529411764706;1;2339;6;5.66666666666667;4.04145188432738;20;NA;1;-0.00102153636363636
75;Y ~ X1 + X2;0.8;1;1;300;1;0.00154545454545455;0.764705882352941;1;367;8;4.25;2.06155281280883;1;NA;1;0.0221262272727273
76;Y ~ X1 + X2;0.8;1;1;300;1;0.00172727272727273;0.789473684210526;1;619;8;4.75;2.62995563967658;8;NA;1;0.0475707545454545
77;Y ~ X1 + X2;0.8;1;1;300;1;0.002;0.826086956521739;1;365;7;5.5;2.08166599946613;3;1;1;-0.0260880090909091
78;Y ~ X1 + X2;0.8;1;1;300;1;0.00563636363636364;0.887096774193548;0.976744186046512;1571;14;8.85714285714286;7.71208081364494;7;NA;0.976744186046512;-0.0432239090909091
79;Y ~ X1 + X2;0.8;1;1;300;1;0.00218181818181818;0.791666666666667;1;105;10;4.8;2.68328157299975;6;NA;1;0.0304328363636364
80;Y ~ X1 + X2;0.8;1;1;300;1;0.001;0.636363636363636;0.976190476190476;1;8;2.75;1.70782512765993;1;NA;0.976190476190476;-0.0417376363636364
81;Y ~ X1 + X2;0.8;1;1;300;1;0.00163636363636364;0.833333333333333;1;507;6;6;5;10;NA;1;0.00763574545454546
82;Y ~ X1 + X2;0.8;1;1;300;1;0.000727272727272727;0.75;1;1724;4;4;4.24264068711928;18;NA;1;0.0476035454545454
83;Y ~ X1 + X2;0.8;1;1;300;1;0.00309090909090909;0.970588235294118;1;56;2;34;NA;1;NA;1;0.0251194818181818
84;Y ~ X1 + X2;0.8;1;1;300;1;0.00372727272727273;0.829268292682927;1;127;14;5.85714285714286;3.62530786869986;3;NA;1;-0.0157406818181818
85;Y ~ X1 + X2;0.8;1;1;300;1;0.00663636363636364;0.891891891891892;1;166;15;9.125;10.6561518114454;6;NA;1;-0.0147041636363636
86;Y ~ X1 + X2;0.8;1;1;300;1;0.00209090909090909;0.782608695652174;1;473;10;4.6;2.88097205817759;5;NA;1;-0.00459538181818182
87;Y ~ X1 + X2;0.8;1;1;300;1;0.00281818181818182;0.870967741935484;1;2085;8;7.75;5.43905629069357;13;NA;1;-0.0209357909090909
88;Y ~ X1 + X2;0.8;1;1;300;1;0.00190909090909091;0.772727272727273;1;2697;9;5.25;2.21735578260835;19;NA;1;0.0242345272727273
89;Y ~ X1 + X2;0.8;1;1;300;1;0.000909090909090909;0.8;1;6025;4;5;0;60;NA;1;0.00365926363636364
90;Y ~ X1 + X2;0.8;1;1;300;1;0.000636363636363636;0.571428571428571;1;4207;6;2.33333333333333;0.577350269189626;32;NA;1;0.0450685454545455
91;Y ~ X1 + X2;0.8;1;1;300;1;0.00172727272727273;0.736842105263158;1;3709;10;3.8;5.21536192416212;18;NA;1;0.0501436181818182
92;Y ~ X1 + X2;0.8;1;1;300;1;0.000818181818181818;0.666666666666667;1;1379;6;3;1.73205080756888;12;NA;1;0.0455818090909091
93;Y ~ X1 + X2;0.8;1;1;300;1;0.00390909090909091;0.86046511627907;1;4455;12;7.16666666666667;4.11906138175515;29;1;1;0.0102579
94;Y ~ X1 + X2;0.8;1;1;300;1;0.00527272727272727;0.810344827586207;0.933333333333333;316;22;5.27272727272727;4.14947970451499;4;NA;0.933333333333333;0.0421675727272727
95;Y ~ X1 + X2;0.8;1;1;300;1;0.00154545454545455;0.823529411764706;1;4560;6;5.66666666666667;3.05505046330389;26;NA;1;-0.0202682181818182
96;Y ~ X1 + X2;0.8;1;1;300;1;0.000636363636363636;0.857142857142857;0.972972972972973;6557;2;7;NA;51;NA;0.972972972972973;-0.0397929090909091
97;Y ~ X1 + X2;0.8;1;1;300;1;0;NA;1;NA;NA;NA;NA;0;NA;1;-0.0158477454545454
98;Y ~ X1 + X2;0.8;1;1;300;1;0.000818181818181818;0.666666666666667;1;7581;6;3;2.64575131106459;14;NA;1;0.0454835727272727
99;Y ~ X1 + X2;0.8;1;1;300;1;0.000272727272727273;0.666666666666667;1;9953;2;3;NA;38;NA;1;0.0430985090909091
100;Y ~ X1 + X2;0.8;1;1;300;1;0.000727272727272727;0.75;1;3924;4;4;2.82842712474619;19;NA;1;-0.00345682727272727
1;Y ~ X1 + X2;0.8;1;1;1;300;0.206272727272727;0.813133539003966;0.628571428571429;2;848;5.35141509433962;4.93231711570635;1;0.285714285714286;0.714285714285714;0.0351224363636364
2;Y ~ X1 + X2;0.8;1;1;1;300;0.200181818181818;0.80145388459791;0.739130434782609;87;875;5.02739726027397;4.36117445628604;28;0.7;0.75;-0.0413038363636364
3;Y ~ X1 + X2;0.8;1;1;1;300;0.224545454545455;0.826315789473684;0.538461538461538;12;858;5.75757575757576;5.26600539317102;8;0.727272727272727;0.464285714285714;0.0417615
4;Y ~ X1 + X2;0.8;1;1;1;300;0.272272727272727;0.849749582637729;0.666666666666667;24;900;6.65555555555556;6.14117707990502;7;0.727272727272727;0.631578947368421;-0.0305879181818182
5;Y ~ X1 + X2;0.8;1;1;1;300;0.335090909090909;0.873846988605534;0.657142857142857;13;930;7.92688172043011;7.14105329731066;4;0.7;0.64;-0.0177597909090909
6;Y ~ X1 + X2;0.8;1;1;1;300;0.237363636363636;0.829567215626197;0.575757575757576;5;890;5.86741573033708;5.10281178629279;1;0.875;0.48;0.0294241272727273
7;Y ~ X1 + X2;0.8;1;1;1;300;0.295818181818182;0.857977251767599;0.697674418604651;15;925;7.0280777537797;6.90827895777548;8;1;0.606060606060606;0.0257599363636364
8;Y ~ X1 + X2;0.8;1;1;1;300;0.321454545454545;0.870475113122172;0.793103448275862;8;916;7.72052401746725;7.25349490564714;2;0.909090909090909;0.722222222222222;-0.0191219545454545
9;Y ~ X1 + X2;0.8;1;1;1;300;0.302818181818182;0.871510057039928;0.741935483870968;35;856;7.78271028037383;6.80590597225818;7;0.777777777777778;0.727272727272727;-0.0137067363636364
10;Y ~ X1 + X2;0.8;1;1;1;300;0.170272727272727;0.792311799252536;0.685714285714286;15;778;4.81491002570694;4.25376531865754;9;0.857142857142857;0.642857142857143;0.0437031363636364
11;Y ~ X1 + X2;0.8;1;1;1;300;0.236636363636364;0.828593389700231;0.756756756756757;9;893;5.82326621923937;5.0279572721249;4;0.846153846153846;0.708333333333333;-0.0309349272727273
12;Y ~ X1 + X2;0.8;1;1;1;300;0.205727272727273;0.812638091029607;0.694444444444444;7;848;5.3372641509434;4.70319322800886;3;0.8;0.67741935483871;0.0310240909090909
13;Y ~ X1 + X2;0.8;1;1;1;300;0.344545454545455;0.880971232515176;0.755555555555556;34;903;8.38495575221239;7.37151852496427;14;0.833333333333333;0.727272727272727;-0.0139649545454545
14;Y ~ X1 + X2;0.8;1;1;1;300;0.273454545454545;0.849401595744681;0.738095238095238;33;906;6.6401766004415;5.70482422496696;16;0.923076923076923;0.655172413793103;0.0320321090909091
15;Y ~ X1 + X2;0.8;1;1;1;300;0.267090909090909;0.844399046646238;0.892857142857143;42;915;6.41484716157205;5.87565891631553;7;0.875;0.9;0.0265036
16;Y ~ X1 + X2;0.8;1;1;1;300;0.305727272727273;0.861986912552052;0.853658536585366;14;929;7.23225806451613;7.02994152637799;6;0.875;0.84;-0.0224223636363636
17;Y ~ X1 + X2;0.8;1;1;1;300;0.296909090909091;0.867993874425727;0.735294117647059;23;863;7.56018518518519;7.07835417858275;5;0.928571428571429;0.6;0.0186364181818182
18;Y ~ X1 + X2;0.8;1;1;1;300;0.322181818181818;0.869675599435825;0.65625;55;923;7.67099567099567;7.10259360254017;14;1;0.56;-0.0151430090909091
19;Y ~ X1 + X2;0.8;1;1;1;300;0.143363636363636;0.785034876347495;0.705882352941177;14;678;4.65191740412979;4.04447400551956;7;0.857142857142857;0.666666666666667;0.0433056090909091
20;Y ~ X1 + X2;0.8;1;1;1;300;0.302636363636364;0.851607089215981;0.529411764705882;2;988;6.73886639676113;6.1718647369331;1;0.909090909090909;0.347826086956522;0.0295426636363636
21;Y ~ X1 + X2;0.8;1;1;1;300;0.327636363636364;0.88398556758257;0.71875;13;837;8.60143198090692;8.20380923612943;2;0.777777777777778;0.695652173913043;0.0110885636363636
22;Y ~ X1 + X2;0.8;1;1;1;300;0.287;0.858409882800127;0.767441860465116;18;894;7.06263982102908;6.73859210139579;5;0.769230769230769;0.766666666666667;-0.0222393909090909
23;Y ~ X1 + X2;0.8;1;1;1;300;0.265272727272727;0.842700479780672;0.608695652173913;35;918;6.35729847494553;5.49581084014278;13;0.909090909090909;0.514285714285714;-0.0262582727272727
24;Y ~ X1 + X2;0.8;1;1;1;300;0.337727272727273;0.881292059219381;0.657894736842105;13;882;8.40497737556561;7.59885852654966;2;0.777777777777778;0.620689655172414;-0.0194372545454546
25;Y ~ X1 + X2;0.8;1;1;1;300;0.308090909090909;0.873709058719386;0.743589743589744;8;856;7.91822429906542;7.00554110737945;3;0.923076923076923;0.653846153846154;0.0254422181818182
26;Y ~ X1 + X2;0.8;1;1;1;300;0.341636363636364;0.877062267163385;0.604651162790698;39;924;8.13419913419913;8.03404896983025;14;0.916666666666667;0.483870967741935;0.0188671181818182
27;Y ~ X1 + X2;0.8;1;1;1;300;0.289454545454545;0.846733668341709;0.617647058823529;19;976;6.52459016393443;5.83442043771357;6;0.625;0.615384615384615;0.0212034909090909
28;Y ~ X1 + X2;0.8;1;1;1;300;0.198181818181818;0.821477742083525;0.628571428571429;60;779;5.58974358974359;5.15925279417853;17;0.7;0.6;-0.0345499090909091
29;Y ~ X1 + X2;0.8;1;1;1;300;0.256181818181818;0.841022001419446;0.658536585365854;25;896;6.29017857142857;6.07784637210013;6;0.8;0.612903225806452;0.0348711636363636
30;Y ~ X1 + X2;0.8;1;1;1;300;0.152909090909091;0.798454221165279;0.764705882352941;15;678;4.96165191740413;4.41973166972003;9;0.8;0.758620689655172;0.0406418454545455
31;Y ~ X1 + X2;0.8;1;1;1;300;0.155090909090909;0.791788856304985;0.785714285714286;22;711;4.79213483146067;4.21152609506042;8;1;0.75;0.0396776454545455
32;Y ~ X1 + X2;0.8;1;1;1;300;0.304636363636364;0.857952849895554;0.611111111111111;32;952;7.03991596638655;6.39872381957834;13;0.909090909090909;0.48;0.0249704454545455
33;Y ~ X1 + X2;0.8;1;1;1;300;0.345090909090909;0.880632411067194;0.681818181818182;13;907;8.36123348017621;7.83476681861685;6;1;0.548387096774194;-0.0231964090909091
34;Y ~ X1 + X2;0.8;1;1;1;300;0.321454545454545;0.870475113122172;0.793103448275862;8;916;7.72052401746725;7.25349490564714;2;0.909090909090909;0.722222222222222;-0.0191219545454545
35;Y ~ X1 + X2;0.8;1;1;1;300;0.301090909090909;0.869867149758454;0.774193548387097;6;862;7.68445475638051;7.74492870038912;3;0.75;0.782608695652174;-0.0267229818181818
36;Y ~ X1 + X2;0.8;1;1;1;300;0.264909090909091;0.842827728208648;0.7;72;916;6.34858387799564;5.68500413435972;22;0.777777777777778;0.666666666666667;-0.0282877454545455
37;Y ~ X1 + X2;0.8;1;1;1;300;0.294818181818182;0.855689176688252;0.782608695652174;11;936;6.92948717948718;6.77611896097485;6;0.909090909090909;0.742857142857143;0.0292548909090909
38;Y ~ X1 + X2;0.8;1;1;1;300;0.215363636363636;0.830236486486487;0.686274509803922;9;805;5.87841191066997;5.42590116403237;4;0.857142857142857;0.621621621621622;0.0424823454545454
39;Y ~ X1 + X2;0.8;1;1;1;300;0.346727272727273;0.872016784683976;0.666666666666667;27;977;7.79959100204499;7.24375931493487;6;0.777777777777778;0.619047619047619;0.0156941636363636
40;Y ~ X1 + X2;0.8;1;1;1;300;0.220909090909091;0.825925925925926;0.755102040816326;25;846;5.74468085106383;5.14261664911923;6;0.888888888888889;0.725;-0.0420906545454545
41;Y ~ X1 + X2;0.8;1;1;1;300;0.319;0.873468224565403;0.727272727272727;10;888;7.90315315315315;7.12716413382536;6;0.833333333333333;0.666666666666667;0.0269318
42;Y ~ X1 + X2;0.8;1;1;1;300;0.240545454545455;0.826908541194255;0.72;88;916;5.77729257641921;5.1708837777806;31;0.75;0.705882352941177;-0.0307973454545455
43;Y ~ X1 + X2;0.8;1;1;1;300;0.273;0.842490842490842;0.735294117647059;1;946;6.34883720930233;5.87248717636562;1;0.818181818181818;0.695652173913043;0.0276211545454545
44;Y ~ X1 + X2;0.8;1;1;1;300;0.280636363636364;0.858716785482826;0.689655172413793;21;873;7.06407322654462;7.16998809220294;8;0.625;0.714285714285714;0.0277792454545455
45;Y ~ X1 + X2;0.8;1;1;1;300;0.213454545454545;0.816439522998296;0.67741935483871;13;862;5.44779582366589;5.06987807890478;6;0.875;0.608695652173913;0.0436805454545455
46;Y ~ X1 + X2;0.8;1;1;1;300;0.191;0.805330794859591;0.743589743589744;20;818;5.13691931540342;4.70354802415505;8;0.9;0.689655172413793;-0.0434007181818182
47;Y ~ X1 + X2;0.8;1;1;1;300;0.195272727272727;0.813780260707635;0.878048780487805;68;800;5.37;4.46687614067598;24;1;0.852941176470588;-0.0442188818181818
48;Y ~ X1 + X2;0.8;1;1;1;300;0.278545454545455;0.859660574412533;0.764705882352941;14;860;7.12558139534884;6.79249870853728;9;0.9;0.708333333333333;-0.0322235818181818
49;Y ~ X1 + X2;0.8;1;1;1;300;0.338;0.878698224852071;0.513513513513513;1;902;8.24390243902439;7.81326091145437;1;0.833333333333333;0.36;0.00762916363636363
50;Y ~ X1 + X2;0.8;1;1;1;300;0.288727272727273;0.85264483627204;0.75;34;936;6.78632478632479;6.16521854068931;13;0.833333333333333;0.714285714285714;-0.0221500454545455
51;Y ~ X1 + X2;0.8;1;1;1;300;0.221545454545455;0.819786535303777;0.764705882352941;7;879;5.53863636363636;4.94648886813593;6;0.714285714285714;0.777777777777778;-0.0408668363636364
52;Y ~ X1 + X2;0.8;1;1;1;300;0.267181818181818;0.849217154526889;0.634146341463415;18;887;6.61936936936937;5.92250050590887;7;0.923076923076923;0.5;-0.0193447818181818
53;Y ~ X1 + X2;0.8;1;1;1;300;0.254909090909091;0.840941512125535;0.689655172413793;32;892;6.28699551569507;5.49959438218121;16;1;0.55;0.0365993363636364
54;Y ~ X1 + X2;0.8;1;1;1;300;0.282;0.849822752175314;0.628571428571429;7;931;6.65665236051502;6.31384625847518;6;0.727272727272727;0.583333333333333;0.0331226090909091
55;Y ~ X1 + X2;0.8;1;1;1;300;0.306454545454545;0.862355384159003;0.878787878787879;42;928;7.26508620689655;6.71679407684485;19;0.875;0.88;0.0260186363636364
56;Y ~ X1 + X2;0.8;1;1;1;300;0.244;0.825325884543762;0.733333333333333;7;937;5.7228144989339;4.7793103525807;2;0.875;0.681818181818182;0.0394844090909091
57;Y ~ X1 + X2;0.8;1;1;1;300;0.172545454545455;0.801369863013699;0.64;1;754;5.03448275862069;4.48892008412307;1;1;0.581395348837209;0.0451850727272727
58;Y ~ X1 + X2;0.8;1;1;1;300;0.327;0.880455935501807;0.733333333333333;49;860;8.36511627906977;7.97660868521101;15;0.7;0.75;-0.00959961818181818
59;Y ~ X1 + X2;0.8;1;1;1;300;0.279363636363636;0.850634559062805;0.647058823529412;5;918;6.69498910675381;6.17561383808716;2;0.714285714285714;0.62962962962963;0.0322400454545455
60;Y ~ X1 + X2;0.8;1;1;1;300;0.311272727272727;0.868282710280374;0.666666666666667;5;902;7.5920177383592;7.2010695600427;3;0.9;0.576923076923077;0.0195493727272727
61;Y ~ X1 + X2;0.8;1;1;1;300;0.299363636363636;0.861220771333131;0.540540540540541;16;914;7.20568927789934;6.84135150157864;3;0.666666666666667;0.516129032258065;0.0290910090909091
62;Y ~ X1 + X2;0.8;1;1;1;300;0.214818181818182;0.806519898391194;0.857142857142857;30;915;5.15938864628821;4.45776794261913;6;0.833333333333333;0.863636363636364;0.0355774454545454
63;Y ~ X1 + X2;0.8;1;1;1;300;0.210454545454545;0.821166306695464;0.702702702702703;14;828;5.59178743961353;5.06184800956133;4;0.8;0.666666666666667;0.0326039818181818
64;Y ~ X1 + X2;0.8;1;1;1;300;0.335363636363636;0.874457700650759;0.757575757575758;8;927;7.95043103448276;8.08698123359732;7;1;0.652173913043478;-0.0150778181818182
65;Y ~ X1 + X2;0.8;1;1;1;300;0.301545454545455;0.864376130198915;0.676470588235294;18;899;7.37111111111111;7.15202783156216;3;0.692307692307692;0.666666666666667;0.0193657909090909
66;Y ~ X1 + X2;0.8;1;1;1;300;0.316818181818182;0.859397417503587;0.756756756756757;51;980;7.11224489795918;6.20258316307912;25;1;0.625;-0.0279615818181818
67;Y ~ X1 + X2;0.8;1;1;1;300;0.335090909090909;0.873846988605534;0.657142857142857;13;930;7.92688172043011;7.14105329731066;4;0.7;0.64;-0.0177597909090909
68;Y ~ X1 + X2;0.8;1;1;1;300;0.165636363636364;0.802963776070252;0.5625;6;718;5.07520891364902;4.69665557917733;2;0.8;0.518518518518518;-0.0426161454545455
69;Y ~ X1 + X2;0.8;1;1;1;300;0.172909090909091;0.786014721345952;0.766666666666667;2;814;4.67321867321867;3.95900734048511;2;0.666666666666667;0.80952380952381;0.0365819545454546
70;Y ~ X1 + X2;0.8;1;1;1;300;0.138272727272727;0.790927021696253;0.730769230769231;1;636;4.78301886792453;3.89532936446805;1;1;0.681818181818182;-0.0426053818181818
71;Y ~ X1 + X2;0.8;1;1;1;300;0.298363636363636;0.863193174893358;0.605263157894737;11;898;7.30957683741648;6.644675772013;5;0.615384615384615;0.6;0.0231772818181818
72;Y ~ X1 + X2;0.8;1;1;1;300;0.146;0.791537025513379;0.783783783783784;9;669;4.79402985074627;3.92473655994572;2;0.8;0.78125;0.0448317818181818
73;Y ~ X1 + X2;0.8;1;1;1;300;0.150454545454545;0.784894259818731;0.740740740740741;4;712;4.64887640449438;3.9365064766896;3;0.75;0.739130434782609;0.0400122
74;Y ~ X1 + X2;0.8;1;1;1;300;0.331363636363636;0.882030178326475;0.722222222222222;4;860;8.47674418604651;7.18442816255997;3;0.833333333333333;0.666666666666667;-0.00876754545454545
75;Y ~ X1 + X2;0.8;1;1;1;300;0.343;0.876225815001325;0.666666666666667;11;934;8.07922912205567;7.60760695124582;7;0.769230769230769;0.6;0.0194031545454545
76;Y ~ X1 + X2;0.8;1;1;1;300;0.222090909090909;0.810888252148997;0.645161290322581;10;924;5.28787878787879;4.5277433819488;4;1;0.592592592592593;0.0427602181818182
77;Y ~ X1 + X2;0.8;1;1;1;300;0.258545454545455;0.838664323374341;0.731707317073171;20;917;6.19607843137255;6.26774388505802;7;0.769230769230769;0.714285714285714;-0.0277065454545454
78;Y ~ X1 + X2;0.8;1;1;1;300;0.224636363636364;0.821052631578947;0.720930232558139;31;885;5.57787810383747;5.52617449391022;7;0.692307692307692;0.733333333333333;-0.0422283545454545
79;Y ~ X1 + X2;0.8;1;1;1;300;0.316909090909091;0.866571018651363;0.72972972972973;3;931;7.48068669527897;7.15546654404305;1;0.866666666666667;0.636363636363636;0.0271959181818182
80;Y ~ X1 + X2;0.8;1;1;1;300;0.250636363636364;0.842219804134929;0.666666666666667;1;870;6.33793103448276;5.84108366506846;1;0.909090909090909;0.580645161290323;-0.0370905727272727
81;Y ~ X1 + X2;0.8;1;1;1;300;0.337454545454545;0.879040948275862;0.675675675675676;32;898;8.26726057906459;8.05504621263904;7;0.785714285714286;0.608695652173913;0.00945363636363637
82;Y ~ X1 + X2;0.8;1;1;1;300;0.177545454545455;0.796722990271377;0.708333333333333;41;794;4.91939546599496;4.39622790988319;12;0.666666666666667;0.717948717948718;0.0445868727272727
83;Y ~ X1 + X2;0.8;1;1;1;300;0.316;0.871691599539701;0.72972972972973;6;892;7.79372197309417;7.46392408488988;2;0.916666666666667;0.64;0.0204892090909091
84;Y ~ X1 + X2;0.8;1;1;1;300;0.282909090909091;0.860539845758355;0.625;8;868;7.1705069124424;7.21740622587383;4;0.833333333333333;0.576923076923077;-0.0235721454545454
85;Y ~ X1 + X2;0.8;1;1;1;300;0.286545454545455;0.851252775134792;0.848484848484849;18;937;6.72068230277185;6.69711147417831;8;1;0.8;-0.0256956636363636
86;Y ~ X1 + X2;0.8;1;1;1;300;0.320272727272727;0.880499574226511;0.833333333333333;6;842;8.36817102137767;8.08848880636439;2;0.928571428571429;0.772727272727273;-0.00472454545454545
87;Y ~ X1 + X2;0.8;1;1;1;300;0.302727272727273;0.867867867867868;0.702702702702703;30;880;7.56818181818182;6.59881168039296;16;0.833333333333333;0.64;-0.0237525272727273
88;Y ~ X1 + X2;0.8;1;1;1;300;0.323181818181818;0.872328458942632;0.633333333333333;69;907;7.8476821192053;7.29930443804471;16;0.666666666666667;0.625;0.0207853272727273
89;Y ~ X1 + X2;0.8;1;1;1;300;0.319;0.876888002279852;0.675;26;864;8.12268518518519;8.11696651719501;4;0.769230769230769;0.62962962962963;0.00875944545454546
90;Y ~ X1 + X2;0.8;1;1;1;300;0.192727272727273;0.80188679245283;0.666666666666667;117;840;5.04761904761905;4.71757178829102;32;0.857142857142857;0.620689655172414;0.0438750636363636
91;Y ~ X1 + X2;0.8;1;1;1;300;0.186909090909091;0.800973236009732;0.65625;3;819;5.01463414634146;4.62054310335704;2;0.625;0.666666666666667;0.0439507363636364
92;Y ~ X1 + X2;0.8;1;1;1;300;0.215727272727273;0.811209439528024;0.707317073170732;50;896;5.296875;4.93481346643881;13;0.833333333333333;0.655172413793103;0.0456089181818182
93;Y ~ X1 + X2;0.8;1;1;1;300;0.334363636363636;0.874354093010606;0.545454545454545;2;925;7.94384449244061;7.87353229046607;2;0.777777777777778;0.458333333333333;0.0162781363636364
94;Y ~ X1 + X2;0.8;1;1;1;300;0.151090909090909;0.786401925391095;0.7;20;710;4.68169014084507;4.30970229349062;5;1;0.678571428571429;0.0441216363636364
95;Y ~ X1 + X2;0.8;1;1;1;300;0.252636363636364;0.838431090320259;0.740740740740741;15;898;6.18930957683742;5.64597452322402;5;1;0.666666666666667;-0.0290122727272727
96;Y ~ X1 + X2;0.8;1;1;1;300;0.291090909090909;0.856027482823235;0.756756756756757;68;922;6.94577006507592;6.58483835786338;23;0.933333333333333;0.636363636363636;-0.0267384545454545
97;Y ~ X1 + X2;0.8;1;1;1;300;0.295090909090909;0.861675908810844;0.810810810810811;26;898;7.22939866369711;6.47891014342042;9;0.916666666666667;0.76;-0.0189815272727273
98;Y ~ X1 + X2;0.8;1;1;1;300;0.264636363636364;0.840549828178694;0.704545454545455;5;929;6.26021505376344;5.68450593387613;2;0.875;0.607142857142857;0.0378805090909091
99;Y ~ X1 + X2;0.8;1;1;1;300;0.167363636363636;0.803910917979359;0.615384615384615;26;722;5.09972299168975;4.32319646798882;6;0.75;0.590909090909091;0.0417462454545455
100;Y ~ X1 + X2;0.8;1;1;1;300;0.345636363636364;0.884534455549711;0.775510204081633;5;878;8.66059225512528;8.63708001853674;3;0.84;0.708333333333333;-0.0055873
1;Y ~ X1 + X2 + X3 + X1:X2;0.2;1;1;1;1;0.221727272727273;0.934809348093481;0.909679740913998;158;318;15.3396226415094;14.8957687428;11;0.941860465116279;0.900780891134589;0.181818754545455
2;Y ~ X1 + X2 + X3 + X1:X2;0.2;1;1;1;1;0.214727272727273;0.92125317527519;0.90223960184856;118;372;12.6989247311828;11.9429137159546;16;0.930081300813008;0.894449499545041;-0.158380145454545
3;Y ~ X1 + X2 + X3 + X1:X2;0.2;1;1;1;1;0.240545454545455;0.931947069943289;0.902261123267688;22;361;14.6187845303867;15.6589867936375;1;0.928677563150074;0.893668438859352;0.0973464727272727
4;Y ~ X1 + X2 + X3 + X1:X2;0.2;1;1;1;1;0.206;0.91037527593819;0.846777163904236;84;407;11.1078431372549;10.6117388877402;8;0.899824253075571;0.832712022367195;-0.0229305545454545
5;Y ~ X1 + X2 + X3 + X1:X2;0.2;1;1;1;1;0.213636363636364;0.925106382978723;0.908391352143642;8;352;13.3522727272727;13.7454738713531;2;0.925476603119584;0.903810408921933;-0.0984091272727273
6;Y ~ X1 + X2 + X3 + X1:X2;0.2;1;1;1;1;0.252909090909091;0.932422717469446;0.892883079157589;42;376;14.7978723404255;14.3434419509286;7;0.932203389830508;0.879276637341153;0.103363545454545
7;Y ~ X1 + X2 + X3 + X1:X2;0.2;1;1;1;1;0.250727272727273;0.937613347841857;0.910307414104882;28;345;15.9421965317919;13.9574565312458;4;0.94356005788712;0.899228543876567;0.126321181818182
8;Y ~ X1 + X2 + X3 + X1:X2;0.2;1;1;1;1;0.233090909090909;0.939157566302652;0.911743253099927;3;312;16.4358974358974;17.7782685347207;1;0.938775510204082;0.903562945368171;-0.0362505818181818
9;Y ~ X1 + X2 + X3 + X1:X2;0.2;1;1;1;1;0.225454545454545;0.929060862555421;0.916545718432511;87;351;14.0909090909091;12.7818052502198;10;0.93026941362916;0.912470588235294;-0.0289176909090909
10;Y ~ X1 + X2 + X3 + X1:X2;0.2;1;1;1;1;0.227181818181818;0.934773909563826;0.907155963302752;190;326;15.3312883435583;15.6698401887129;13;0.942078364565588;0.897567820392891;0.0464956545454546
11;Y ~ X1 + X2 + X3 + X1:X2;0.2;1;1;1;1;0.261909090909091;0.929166666666667;0.890708301599391;2;409;14.0536585365854;14.2959629835814;1;0.918840579710145;0.880681818181818;-0.0243381090909091
12;Y ~ X1 + X2 + X3 + X1:X2;0.2;1;1;1;1;0.252181818181818;0.928622927180966;0.910312273057371;107;396;14.010101010101;13.3762384592865;11;0.93974175035868;0.90034030140982;0.195843909090909
13;Y ~ X1 + X2 + X3 + X1:X2;0.2;1;1;1;1;0.242272727272727;0.934684684684685;0.910720819612148;7;349;15.2285714285714;13.9153551882954;1;0.931192660550459;0.904280904280904;-0.0684507545454545
14;Y ~ X1 + X2 + X3 + X1:X2;0.2;1;1;1;1;0.248;0.937683284457478;0.907973174366617;9;340;16.0470588235294;16.4121515685466;2;0.935837245696401;0.899266503667482;0.0703015909090909
15;Y ~ X1 + X2 + X3 + X1:X2;0.2;1;1;1;1;0.255727272727273;0.932432432432432;0.911095305832148;5;381;14.7277486910995;14.7523134549586;1;0.940540540540541;0.900579150579151;0.144146245454545
16;Y ~ X1 + X2 + X3 + X1:X2;0.2;1;1;1;1;0.248545454545455;0.933796634967081;0.913621262458472;86;362;15.1049723756906;14.249952343948;10;0.939179632248939;0.904595404595405;-0.141023745454545
17;Y ~ X1 + X2 + X3 + X1:X2;0.2;1;1;1;1;0.262181818181818;0.931369150779896;0.897719173200285;26;395;14.5656565656566;14.073888856186;2;0.926372155287818;0.887323943661972;0.0257253636363637
18;Y ~ X1 + X2 + X3 + X1:X2;0.2;1;1;1;1;0.207;0.927504393673111;0.899715504978663;26;331;13.7168674698795;13.3919226607693;1;0.934453781512605;0.890392422192152;-0.0266084545454545
19;Y ~ X1 + X2 + X3 + X1:X2;0.2;1;1;1;1;0.242636363636364;0.925412293853073;0.904606456293072;38;399;13.345;13.4042659901118;4;0.934749620637329;0.895138226882745;0.0600147181818182
20;Y ~ X1 + X2 + X3 + X1:X2;0.2;1;1;1;1;0.234636363636364;0.934521503293297;0.913124533929903;55;338;15.1823529411765;17.0930878203923;2;0.94170403587444;0.903626428216592;0.0653465636363636
21;Y ~ X1 + X2 + X3 + X1:X2;0.2;1;1;1;1;0.220454545454545;0.934020618556701;0.908825674690007;8;320;15.15625;16.8151425000087;2;0.928687196110211;0.903058823529412;0.0549829272727273
22;Y ~ X1 + X2 + X3 + X1:X2;0.2;1;1;1;1;0.215909090909091;0.929263157894737;0.911213300318359;31;336;14.1369047619048;14.5836121607627;5;0.932343234323432;0.905447996398019;-0.0453368909090909
23;Y ~ X1 + X2 + X3 + X1:X2;0.2;1;1;1;1;0.222363636363636;0.934969325153374;0.907393850658858;2;319;15.2875;14.5612510261495;1;0.9296;0.900806834361652;-0.0656224818181818
24;Y ~ X1 + X2 + X3 + X1:X2;0.2;1;1;1;1;0.288454545454545;0.931610463283958;0.888309754281459;5;434;14.6221198156682;14.1069023401215;3;0.930263157894737;0.871754932502596;-0.0353086545454545
25;Y ~ X1 + X2 + X3 + X1:X2;0.2;1;1;1;1;0.268454545454545;0.942450914014895;0.908987485779295;81;339;17.3705882352941;16.1321563068163;7;0.93452380952381;0.900254452926209;0.0916546272727272
26;Y ~ X1 + X2 + X3 + X1:X2;0.2;1;1;1;1;0.244272727272727;0.93596425912137;0.902412675549154;5;345;15.5317919075145;15.080611907059;1;0.939705882352941;0.89031950405341;0.0267937
27;Y ~ X1 + X2 + X3 + X1:X2;0.2;1;1;1;1;0.219909090909091;0.927626137303557;0.906432748538012;69;351;13.7443181818182;13.0027457140366;4;0.928571428571429;0.9;0.121633890909091
28;Y ~ X1 + X2 + X3 + X1:X2;0.2;1;1;1;1;0.212545454545455;0.93196405648267;0.908727272727273;117;319;14.6125;14.1180946832169;12;0.931323283082077;0.902461681374826;-0.160080790909091
29;Y ~ X1 + X2 + X3 + X1:X2;0.2;1;1;1;1;0.233272727272727;0.937256430241621;0.902225465158701;14;322;15.9378881987578;15.7077566193401;2;0.930379746835443;0.893788525367473;0.0787404454545454
30;Y ~ X1 + X2 + X3 + X1:X2;0.2;1;1;1;1;0.225818181818182;0.931159420289855;0.914603516325798;58;342;14.5263157894737;15.12314773859;2;0.929323308270677;0.909990574929312;0.0709472090909091
31;Y ~ X1 + X2 + X3 + X1:X2;0.2;1;1;1;1;0.216272727272727;0.927280369903321;0.900796524257784;156;346;13.6724137931034;12.8257164863597;9;0.937908496732026;0.890232558139535;0.0812051454545455
32;Y ~ X1 + X2 + X3 + X1:X2;0.2;1;1;1;1;0.190272727272727;0.918776875298614;0.904200442151806;16;340;12.3117647058824;11.5016017589392;3;0.915831663326653;0.901580135440181;0.145517254545455
33;Y ~ X1 + X2 + X3 + X1:X2;0.2;1;1;1;1;0.219090909090909;0.929875518672199;0.90591204037491;18;338;14.2603550295858;12.8495285207877;5;0.937086092715232;0.897235023041475;-0.0587751636363636
34;Y ~ X1 + X2 + X3 + X1:X2;0.2;1;1;1;1;0.233090909090909;0.939157566302652;0.911743253099927;3;312;16.4358974358974;17.7782685347207;1;0.938775510204082;0.903562945368171;-0.0362505818181818
35;Y ~ X1 + X2 + X3 + X1:X2;0.2;1;1;1;1;0.24;0.931060606060606;0.911374237531396;27;364;14.5054945054945;14.1720865062968;4;0.93205317577548;0.904739336492891;-0.0570105636363636
36;Y ~ X1 + X2 + X3 + X1:X2;0.2;1;1;1;1;0.279454545454545;0.85746827204686;0.861254612546125;24;877;7.00227790432802;6.88672167570133;5;0.872031662269129;0.857069672131147;-0.149141590909091
37;Y ~ X1 + X2 + X3 + X1:X2;0.2;1;1;1;1;0.226;0.932823813354787;0.895788722341185;9;334;14.8862275449102;14.8897228087498;2;0.92;0.888475836431227;0.0576002545454545
38;Y ~ X1 + X2 + X3 + X1:X2;0.2;1;1;1;1;0.22;0.936776859504132;0.917295936713412;5;306;15.8169934640523;13.8119122444592;1;0.935433070866142;0.91192917054986;0.0429296090909091
39;Y ~ X1 + X2 + X3 + X1:X2;0.2;1;1;1;1;0.217454545454545;0.930602006688963;0.901881224640354;21;332;14.4096385542169;12.9643204027411;5;0.92436974789916;0.895557655954631;0.0877588727272727
40;Y ~ X1 + X2 + X3 + X1:X2;0.2;1;1;1;1;0.219727272727273;0.929221854304636;0.91435011269722;39;343;14.0523255813953;13.8006968782785;5;0.926544240400668;0.910809500727096;-0.0539327
41;Y ~ X1 + X2 + X3 + X1:X2;0.2;1;1;1;1;0.246636363636364;0.931809804644305;0.898019075568599;1;370;14.6648648648649;13.1825027357622;1;0.914368650217707;0.892488954344624;0.0408897727272727
42;Y ~ X1 + X2 + X3 + X1:X2;0.2;1;1;1;1;0.251454545454545;0.934201012292119;0.903749098774333;53;364;15.1978021978022;15.3937059536774;7;0.923865300146413;0.897178383548541;-0.0747697818181818
43;Y ~ X1 + X2 + X3 + X1:X2;0.2;1;1;1;1;0.231636363636364;0.936813186813187;0.911579726230115;31;322;15.8260869565217;15.9018730097241;5;0.935537190082645;0.90467111534795;0.125455936363636
44;Y ~ X1 + X2 + X3 + X1:X2;0.2;1;1;1;1;0.256545454545455;0.935861091424522;0.905878110349802;21;362;15.5911602209945;16.042261176231;4;0.940277777777778;0.893813930832927;0.0429301
45;Y ~ X1 + X2 + X3 + X1:X2;0.2;1;1;1;1;0.237818181818182;0.932721712538226;0.910058737151248;1;352;14.8636363636364;18.4221492887118;1;0.948484848484848;0.897771317829457;0.100253245454545
46;Y ~ X1 + X2 + X3 + X1:X2;0.2;1;1;1;1;0.26;0.937740468695348;0.898451566438603;87;357;15.9776536312849;14.6988325253978;11;0.940027894002789;0.883980582524272;-0.00907279090909087
47;Y ~ X1 + X2 + X3 + X1:X2;0.2;1;1;1;1;0.208545454545455;0.92153443766347;0.900439238653001;13;360;12.7444444444444;12.8598470942465;1;0.895093062605753;0.901914992993928;-0.119913454545455
48;Y ~ X1 + X2 + X3 + X1:X2;0.2;1;1;1;1;0.231;0.93503937007874;0.907840951319212;174;331;15.3072289156626;14.8351203537725;9;0.94;0.897599216070554;-0.0845626181818182
49;Y ~ X1 + X2 + X3 + X1:X2;0.2;1;1;1;1;0.236727272727273;0.934690741452171;0.901847156827236;1;341;15.2280701754386;14.6504577850896;1;0.924812030075188;0.89456106870229;0.0152566
50;Y ~ X1 + X2 + X3 + X1:X2;0.2;1;1;1;1;0.142727272727273;0.873885350318471;0.84876989869754;49;396;7.92929292929293;7.33844964228382;6;0.88860103626943;0.842304457527334;-0.160072790909091
51;Y ~ X1 + X2 + X3 + X1:X2;0.2;1;1;1;1;0.233545454545455;0.926041261191125;0.904604051565377;50;380;13.5210526315789;13.3375818210496;6;0.92741935483871;0.897852028639618;-0.150949609090909
52;Y ~ X1 + X2 + X3 + X1:X2;0.2;1;1;1;1;0.250181818181818;0.933115230825154;0.915025528811087;284;369;14.8756756756757;14.9648393236011;25;0.950653120464441;0.903068679980516;-0.138574954545455
53;Y ~ X1 + X2 + X3 + X1:X2;0.2;1;1;1;1;0.195090909090909;0.933830382106244;0.913739130434783;57;284;15.112676056338;16.9262474388862;5;0.925675675675676;0.910643889618923;0.0381463909090909
54;Y ~ X1 + X2 + X3 + X1:X2;0.2;1;1;1;1;0.229090909090909;0.911111111111111;0.841521980051718;12;448;11.25;11.2548943015877;3;0.900787401574803;0.823359073359073;0.0711215818181818
55;Y ~ X1 + X2 + X3 + X1:X2;0.2;1;1;1;1;0.211909090909091;0.938652938652939;0.923375706214689;43;286;16.3006993006993;18.0593836421873;2;0.930795847750865;0.921472937000887;0.113800236363636
56;Y ~ X1 + X2 + X3 + X1:X2;0.2;1;1;1;1;0.206545454545455;0.928697183098592;0.902828136330674;2;324;14.0246913580247;13.1677899017997;2;0.926994906621392;0.896265560165975;0.0362803090909091
57;Y ~ X1 + X2 + X3 + X1:X2;0.2;1;1;1;1;0.239636363636364;0.934370257966616;0.901220865704772;34;346;15.2369942196532;15.362912763769;7;0.929447852760736;0.892247684056558;0.127590972727273
58;Y ~ X1 + X2 + X3 + X1:X2;0.2;1;1;1;1;0.227727272727273;0.93812375249501;0.90619274459509;103;310;16.0576923076923;16.1916905748738;9;0.919303797468354;0.902241297091082;-0.0232895181818182
59;Y ~ X1 + X2 + X3 + X1:X2;0.2;1;1;1;1;0.242454545454545;0.930607651912978;0.903575297941495;1;371;14.3387096774194;13.7906472988277;1;0.941262848751836;0.891283524904215;0.0600601454545454
60;Y ~ X1 + X2 + X3 + X1:X2;0.2;1;1;1;1;0.201818181818182;0.926126126126126;0.909291222915902;44;328;13.5365853658537;12.9569320783216;7;0.922033898305085;0.905766526019691;0.0488025545454545
61;Y ~ X1 + X2 + X3 + X1:X2;0.2;1;1;1;1;0.223727272727273;0.927671678179602;0.913793103448276;122;356;13.8258426966292;12.7273896391194;14;0.936952714535902;0.907656612529002;0.0509250727272727
62;Y ~ X1 + X2 + X3 + X1:X2;0.2;1;1;1;1;0.225090909090909;0.934141414141414;0.907407407407407;13;327;15.0975609756098;16.1466513507564;3;0.936585365853659;0.899018232819074;0.165946509090909
63;Y ~ X1 + X2 + X3 + X1:X2;0.2;1;1;1;1;0.248818181818182;0.931652046783626;0.905986044803526;62;375;14.5585106382979;13.3064168475492;6;0.922058823529412;0.900636319138522;0.150454590909091
64;Y ~ X1 + X2 + X3 + X1:X2;0.2;1;1;1;1;0.258181818181818;0.93943661971831;0.90544929628293;3;344;16.5116279069767;17.9366945171043;2;0.943899018232819;0.892128279883382;-0.0595253
65;Y ~ X1 + X2 + X3 + X1:X2;0.2;1;1;1;1;0.243545454545455;0.938432835820896;0.904941531497548;51;329;16.2363636363636;14.7093345628413;3;0.928338762214984;0.897889052528228;0.0656730272727273
66;Y ~ X1 + X2 + X3 + X1:X2;0.2;1;1;1;1;0.297909090909091;0.936527311565456;0.903859649122807;88;416;15.7548076923077;15.7020099627739;10;0.936754176610978;0.890159045725646;-0.0370727636363636
67;Y ~ X1 + X2 + X3 + X1:X2;0.2;1;1;1;1;0.213636363636364;0.925106382978723;0.908391352143642;8;352;13.3522727272727;13.7454738713531;2;0.925476603119584;0.903810408921933;-0.0984091272727273
68;Y ~ X1 + X2 + X3 + X1:X2;0.2;1;1;1;1;0.239090909090909;0.930798479087453;0.901037805782061;43;364;14.4505494505495;14.7747460635842;4;0.92814371257485;0.892118226600985;-0.1604091
69;Y ~ X1 + X2 + X3 + X1:X2;0.2;1;1;1;1;0.187727272727273;0.920581113801453;0.904692615496544;46;328;12.5914634146341;11.8388017676255;3;0.910891089108911;0.903297682709447;0.0263796
70;Y ~ X1 + X2 + X3 + X1:X2;0.2;1;1;1;1;0.215363636363636;0.934543918918919;0.923299565846599;109;311;15.1858974358974;16.4966485304682;9;0.950704225352113;0.916211293260474;-0.0665282545454546
71;Y ~ X1 + X2 + X3 + X1:X2;0.2;1;1;1;1;0.236363636363636;0.934590227010389;0.909426987060998;40;341;15.2046783625731;15.6498141799361;6;0.952095808383233;0.895434462444772;0.0582495818181818
72;Y ~ X1 + X2 + X3 + X1:X2;0.2;1;1;1;1;0.267909090909091;0.92025788937903;0.883729174051755;34;470;12.4872881355932;13.4133883361755;5;0.932539682539683;0.865859564164649;0.0709477090909091
73;Y ~ X1 + X2 + X3 + X1:X2;0.2;1;1;1;1;0.225272727272727;0.929378531073446;0.911208151382824;81;350;14.16;13.4424101560917;7;0.935085007727975;0.903855306996668;0.106628227272727
74;Y ~ X1 + X2 + X3 + X1:X2;0.2;1;1;1;1;0.233363636363636;0.931827035449942;0.90979381443299;59;350;14.6685714285714;14.440280735414;3;0.944700460829493;0.898789346246973;-0.024733
75;Y ~ X1 + X2 + X3 + X1:X2;0.2;1;1;1;1;0.220909090909091;0.930041152263374;0.899275362318841;80;340;14.2941176470588;14.214604981461;7;0.929883138564274;0.890791300323924;0.0312435363636364
76;Y ~ X1 + X2 + X3 + X1:X2;0.2;1;1;1;1;0.186272727272727;0.929721815519766;0.904383845357266;19;288;14.2291666666667;15.4194132247568;3;0.926829268292683;0.899323181049069;0.0596388545454546
77;Y ~ X1 + X2 + X3 + X1:X2;0.2;1;1;1;1;0.233272727272727;0.929851909586906;0.903706395348837;153;360;14.1767955801105;13.5413651333478;12;0.932634730538922;0.894433781190019;-0.116049945454545
78;Y ~ X1 + X2 + X3 + X1:X2;0.2;1;1;1;1;0.224272727272727;0.928658289420349;0.892909356725146;20;352;14.0170454545455;14.2814462780283;2;0.908945686900958;0.888151658767772;-0.0778268363636364
79;Y ~ X1 + X2 + X3 + X1:X2;0.2;1;1;1;1;0.222909090909091;0.933550754178557;0.913284132841328;55;325;15.0429447852761;13.3547742853626;4;0.946166394779772;0.903671912255603;0.0125503909090909
80;Y ~ X1 + X2 + X3 + X1:X2;0.2;1;1;1;1;0.241454545454545;0.929969879518072;0.910650464617584;1;372;14.2795698924731;15.4520115659945;1;0.934306569343066;0.902981542830099;-0.125849863636364
81;Y ~ X1 + X2 + X3 + X1:X2;0.2;1;1;1;1;0.215545454545455;0.930801687763713;0.902674591381872;17;329;14.369696969697;12.9836784231364;5;0.925347222222222;0.896502835538752;0.0419583818181818
82;Y ~ X1 + X2 + X3 + X1:X2;0.2;1;1;1;1;0.232;0.931818181818182;0.914786967418546;11;348;14.6666666666667;15.091372313492;3;0.934049079754601;0.908921064922933;0.113488636363636
83;Y ~ X1 + X2 + X3 + X1:X2;0.2;1;1;1;1;0.203;0.923387096774194;0.907759882869693;1;343;12.9825581395349;11.0514341569963;1;0.938775510204082;0.900136798905609;0.0540785909090909
84;Y ~ X1 + X2 + X3 + X1:X2;0.2;1;1;1;1;0.247272727272727;0.941176470588235;0.914535901926445;179;320;17;19.1613473614045;15;0.948509485094851;0.902692489371753;-0.109018290909091
85;Y ~ X1 + X2 + X3 + X1:X2;0.2;1;1;1;1;0.338636363636364;0.913557046979866;0.872878295413507;23;644;11.5683229813665;11.1171889718935;3;0.921383647798742;0.847382920110193;-0.190369990909091
86;Y ~ X1 + X2 + X3 + X1:X2;0.2;1;1;1;1;0.22;0.927656056221579;0.904313156940921;138;351;13.75;13.9244902445809;16;0.939443535188216;0.894320297951583;-0.00698393636363636
87;Y ~ X1 + X2 + X3 + X1:X2;0.2;1;1;1;1;0.196636363636364;0.931114193250116;0.915458082773258;92;298;14.5167785234899;13.222934635049;8;0.928166351606805;0.912532637075718;-0.0864352
88;Y ~ X1 + X2 + X3 + X1:X2;0.2;1;1;1;1;0.276636363636364;0.935568704799474;0.902456390174439;4;393;15.4467005076142;16.1754869900083;1;0.936855670103093;0.889326119035908;0.0175182272727273
89;Y ~ X1 + X2 + X3 + X1:X2;0.2;1;1;1;1;0.205727272727273;0.925320371188688;0.901996370235935;6;338;13.3905325443787;13.74864167578;3;0.931407942238267;0.894593366651522;0.0415975
90;Y ~ X1 + X2 + X3 + X1:X2;0.2;1;1;1;1;0.235818181818182;0.932151117964534;0.909815284317276;5;352;14.7386363636364;13.7113044649249;3;0.93587786259542;0.901709401709402;0.0103581545454545
91;Y ~ X1 + X2 + X3 + X1:X2;0.2;1;1;1;1;0.204909090909091;0.934338952972493;0.906901509705248;9;296;15.2297297297297;13.8706829256679;2;0.926829268292683;0.901721014492754;0.0854622363636364
92;Y ~ X1 + X2 + X3 + X1:X2;0.2;1;1;1;1;0.246;0.933111603843311;0.901320616287601;232;362;14.9502762430939;15.3761273274493;16;0.924846625766871;0.893924783027965;0.0683095909090909
93;Y ~ X1 + X2 + X3 + X1:X2;0.2;1;1;1;1;0.219636363636364;0.933360927152318;0.904160475482912;198;322;15.0062111801242;14.259425345368;9;0.928452579034942;0.897178383548541;0.0775226363636363
94;Y ~ X1 + X2 + X3 + X1:X2;0.2;1;1;1;1;0.237454545454545;0.931852986217458;0.902465166130761;95;356;14.6741573033708;15.8176582158277;8;0.933232169954476;0.892990654205608;0.166035854545455
95;Y ~ X1 + X2 + X3 + X1:X2;0.2;1;1;1;1;0.200545454545455;0.923844061650045;0.899051233396584;87;336;13.1309523809524;12.3494815638521;6;0.929133858267717;0.891866478608369;-0.225455690909091
96;Y ~ X1 + X2 + X3 + X1:X2;0.2;1;1;1;1;0.249818181818182;0.930883957802837;0.899705014749263;45;379;14.4631578947368;13.0004562608706;2;0.932835820895522;0.888834476003918;-0.0692720727272727
97;Y ~ X1 + X2 + X3 + X1:X2;0.2;1;1;1;1;0.243909090909091;0.934774506149832;0.91108630952381;168;350;15.3314285714286;15.3643072607465;19;0.934049079754601;0.903732809430255;-0.106122863636364
98;Y ~ X1 + X2 + X3 + X1:X2;0.2;1;1;1;1;0.222545454545455;0.931781045751634;0.911626222383194;19;334;14.6586826347305;14.5539182216849;4;0.932098765432099;0.905347846663512;0.0431424454545455
99;Y ~ X1 + X2 + X3 + X1:X2;0.2;1;1;1;1;0.228272727272727;0.934289127837515;0.911228070175439;4;330;15.2181818181818;13.8238362220322;2;0.933333333333333;0.904761904761905;0.1712504
100;Y ~ X1 + X2 + X3 + X1:X2;0.2;1;1;1;1;0.229181818181818;0.93137643792146;0.908602150537634;24;346;14.5722543352601;14.7853531429873;4;0.926447574334898;0.903300790330079;-0.0187363272727273
1;Y ~ X1 + X2 + X3 + X1:X2;0.2;300;1;1;1;0.009;0.857142857142857;0.909950431430145;1681;29;6.6;6.40089279487077;77;0.854166666666667;0.910446378959067;0.1863771
2;Y ~ X1 + X2 + X3 + X1:X2;0.2;300;1;1;1;0.376636363636364;0.966682761950748;0.956637330399707;3214;277;29.8057553956835;128.309910023013;3;0.966674774993919;0.950566426364573;-0.159730172727273
3;Y ~ X1 + X2 + X3 + X1:X2;0.2;300;1;1;1;0.147181818181818;0.927688504326329;0.908682085168869;9245;235;13.7203389830508;50.6197295398497;769;0.927057356608479;0.905510116229014;0.0979661636363636
4;Y ~ X1 + X2 + X3 + X1:X2;0.2;300;1;1;1;0.166363636363636;0.774740295243302;0.827016610076168;1900;825;4.43099273607748;6.97973545500055;273;0.773553719008264;0.837700946927989;-0.0226956272727273
5;Y ~ X1 + X2 + X3 + X1:X2;0.2;300;1;1;1;0.571;0.935201401050788;0.910408069692801;3160;814;15.4324324324324;62.7457904283825;2;0.934841919435083;0.877834830979889;-0.0978407636363636
6;Y ~ X1 + X2 + X3 + X1:X2;0.2;300;1;1;1;0.145545454545455;0.978763272954403;0.897962928977794;6193;68;47.0882352941176;206.590851340028;792;0.97923222152297;0.8840906649479;0.1026252
7;Y ~ X1 + X2 + X3 + X1:X2;0.2;300;1;1;1;0;NA;0.937454145267792;NA;NA;NA;NA;0;NA;0.937454145267792;0.126313190909091
8;Y ~ X1 + X2 + X3 + X1:X2;0.2;300;1;1;1;0.431909090909091;0.940644074931593;0.883898227243501;74;564;16.8475177304965;61.1389073361447;1;0.94125159642401;0.840361932460818;-0.0366849727272727
9;Y ~ X1 + X2 + X3 + X1:X2;0.2;300;1;1;1;0.616454545454545;0.926706975372364;0.884145781694666;397;994;13.6164658634538;46.9294977226353;2;0.926356589147287;0.816487455197133;-0.0289740545454545
10;Y ~ X1 + X2 + X3 + X1:X2;0.2;300;1;1;1;0.0773636363636364;0.922444183313749;0.884943572804844;708;132;12.8939393939394;44.7636971003131;43;0.922802850356295;0.881773888833648;0.0463949727272727
11;Y ~ X1 + X2 + X3 + X1:X2;0.2;300;1;1;1;0.0468181818181818;0.846601941747573;0.914999082063521;1150;158;6.51898734177215;5.99114894056581;1;0.845401174168297;0.918424347491091;-0.0294535181818182
12;Y ~ X1 + X2 + X3 + X1:X2;0.2;300;1;1;1;0.187;0.894506562955761;0.935578599614573;3500;434;9.47926267281106;23.3838893457721;1;0.894348894348894;0.945046264951478;0.195612754545455
13;Y ~ X1 + X2 + X3 + X1:X2;0.2;300;1;1;1;0.0683636363636364;0.936170212765957;0.926768835459301;1057;96;15.6666666666667;46.7429973516723;175;0.93800539083558;0.925947808961103;-0.0686445454545454
14;Y ~ X1 + X2 + X3 + X1:X2;0.2;300;1;1;1;0.347272727272727;0.932722513089005;0.910251699430461;1607;514;14.863813229572;71.2237954406038;100;0.932418162618796;0.898422090729783;0.0704879272727273
15;Y ~ X1 + X2 + X3 + X1:X2;0.2;300;1;1;1;0.0943636363636364;0.950867052023121;0.875850027568462;542;102;20.3529411764706;58.156968122285;1;0.9501953125;0.868127409210793;0.144168809090909
16;Y ~ X1 + X2 + X3 + X1:X2;0.2;300;1;1;1;0.461727272727273;0.904902539870053;0.852154736745383;312;966;10.5155279503106;38.2655775656439;1;0.905026822968409;0.806666666666667;-0.141140618181818
17;Y ~ X1 + X2 + X3 + X1:X2;0.2;300;1;1;1;0.578272727272727;0.950487268154668;0.916712630998345;619;629;20.1936507936508;79.7253483513887;2;0.950731087094723;0.870039249890972;0.0255371454545455
18;Y ~ X1 + X2 + X3 + X1:X2;0.2;300;1;1;1;0.424;0.901586620926244;0.881969919295671;2;918;10.161220043573;31.2807427721472;1;0.901277332756008;0.867780429594272;-0.0267662636363636
19;Y ~ X1 + X2 + X3 + X1:X2;0.2;300;1;1;1;0.144909090909091;0.917816813048933;0.935178374402354;8222;262;12.1679389312977;39.0593537840427;313;0.918471337579618;0.937996991188481;0.0610500090909091
20;Y ~ X1 + X2 + X3 + X1:X2;0.2;300;1;1;1;0.216727272727273;0.951362683438155;0.894485732636022;909;231;20.551724137931;96.4845871744233;2;0.952179432924249;0.878514526710403;0.0655125181818182
21;Y ~ X1 + X2 + X3 + X1:X2;0.2;300;1;1;1;0.322272727272727;0.921839729119639;0.941468345125425;6845;555;12.7517985611511;46.3750163856353;1;0.921719328209508;0.950881953867028;0.0554268454545455
22;Y ~ X1 + X2 + X3 + X1:X2;0.2;300;1;1;1;0.600909090909091;0.919213313161876;0.878021978021978;468;1068;12.3782771535581;49.5561460344144;1;0.91890243902439;0.81651376146789;-0.0461044090909091
23;Y ~ X1 + X2 + X3 + X1:X2;0.2;300;1;1;1;0.214;0.889549702633815;0.883071553228621;1781;520;9.05384615384615;25.3091500045551;123;0.888123924268503;0.881700338666355;-0.0652820727272728
24;Y ~ X1 + X2 + X3 + X1:X2;0.2;300;1;1;1;0.185636363636364;0.957394711067581;0.939884180531299;726;174;23.4712643678161;99.7497845285846;103;0.957530864197531;0.935848204201491;-0.0357965545454545
25;Y ~ X1 + X2 + X3 + X1:X2;0.2;300;1;1;1;0.441272727272727;0.943151390319259;0.915008710002751;14;551;17.5869565217391;97.6928938151403;2;0.942910525223168;0.892939244663383;0.0917174272727272
26;Y ~ X1 + X2 + X3 + X1:X2;0.2;300;1;1;1;0.087;0.884012539184953;0.918292234081708;6666;222;8.62162162162162;21.7552727377041;451;0.882415254237288;0.921704957678355;0.0280103545454546
27;Y ~ X1 + X2 + X3 + X1:X2;0.2;300;1;1;1;0.298727272727273;0.923287671232877;0.904967404278762;506;505;12.9881422924901;39.3594023995476;1;0.922911547911548;0.897314996725606;0.123936272727273
28;Y ~ X1 + X2 + X3 + X1:X2;0.2;300;1;1;1;0.362727272727273;0.958646616541353;0.878089113458888;2227;330;24.1818181818182;121.330795194492;338;0.958723727525956;0.832179930795848;-0.160082109090909
29;Y ~ X1 + X2 + X3 + X1:X2;0.2;300;1;1;1;0.607181818181818;0.931716082659479;0.874736359468134;677;913;14.6148796498906;67.0755697613687;21;0.931722054380665;0.786697782963827;0.0762602181818182
30;Y ~ X1 + X2 + X3 + X1:X2;0.2;300;1;1;1;0.200636363636364;0.952424105120072;0.96453835553514;93;210;21.0190476190476;98.1888859597018;2;0.952925045703839;0.967460043693228;0.0706944454545455
31;Y ~ X1 + X2 + X3 + X1:X2;0.2;300;1;1;1;0.234818181818182;0.936120789779326;0.820036764705882;394;330;15.5602409638554;52.4446546711669;2;0.936053354256571;0.78453967110791;0.0806653272727273
32;Y ~ X1 + X2 + X3 + X1:X2;0.2;300;1;1;1;0.118636363636364;0.921072796934866;0.930569568008805;1818;206;12.6699029126214;45.9727942458885;226;0.921052631578947;0.931848923108938;0.145297927272727
33;Y ~ X1 + X2 + X3 + X1:X2;0.2;300;1;1;1;0.377545454545455;0.937635444257163;0.927718589272594;793;518;16.034749034749;70.5308412187049;2;0.937515195720885;0.921771217712177;-0.0587627909090909
34;Y ~ X1 + X2 + X3 + X1:X2;0.2;300;1;1;1;0.431909090909091;0.940644074931593;0.883898227243501;74;564;16.8475177304965;61.1389073361447;1;0.94125159642401;0.840361932460818;-0.0366849727272727
35;Y ~ X1 + X2 + X3 + X1:X2;0.2;300;1;1;1;0.105;0.943722943722944;0.91620778267254;1477;130;17.7692307692308;59.5621443406929;73;0.94410480349345;0.912932006973644;-0.0568081272727273
36;Y ~ X1 + X2 + X3 + X1:X2;0.2;300;1;1;1;0.242909090909091;0.769461077844311;0.820209251101322;1869;1232;4.33766233766234;31.243907145449;116;0.768389287061486;0.836870830806549;-0.149787481818182
37;Y ~ X1 + X2 + X3 + X1:X2;0.2;300;1;1;1;0.209909090909091;0.937175043327556;0.924116997792494;2781;291;15.8150684931507;75.1062698539515;176;0.937117903930131;0.920647867629923;0.0568583818181818
38;Y ~ X1 + X2 + X3 + X1:X2;0.2;300;1;1;1;0.00636363636363636;0.842857142857143;0.881711563129925;6683;22;6.36363636363636;5.90377383158819;536;0.842857142857143;0.881962375507193;0.0432234
39;Y ~ X1 + X2 + X3 + X1:X2;0.2;300;1;1;1;0.236272727272727;0.965756060023086;0.928702514222793;236;178;29.2022471910112;158.072924754201;3;0.965543941153697;0.917257967528563;0.0875839636363636
40;Y ~ X1 + X2 + X3 + X1:X2;0.2;300;1;1;1;0.227363636363636;0.9512;0.89872371683041;6591;245;20.3333333333333;72.1772257195322;509;0.951170298627926;0.883275882562701;-0.0542773090909091
41;Y ~ X1 + X2 + X3 + X1:X2;0.2;300;1;1;1;0.269090909090909;0.932747549847922;0.889388654305122;165;399;14.8;61.2126206318853;1;0.932515337423313;0.873492462311558;0.0415632181818182
42;Y ~ X1 + X2 + X3 + X1:X2;0.2;300;1;1;1;0.0130909090909091;0.797202797202797;0.856290174471993;1565;59;4.8;4.03775287454075;232;0.797202797202797;0.857076393412115;-0.0742763545454545
43;Y ~ X1 + X2 + X3 + X1:X2;0.2;300;1;1;1;0.185727272727273;0.945178658835046;0.906602993847002;3316;224;18.2410714285714;77.9480359980854;495;0.945463559742191;0.897768259693417;0.124970990909091
44;Y ~ X1 + X2 + X3 + X1:X2;0.2;300;1;1;1;0.236909090909091;0.921335379892556;0.899273963790093;4734;410;12.7121951219512;44.5273665306833;358;0.920745920745921;0.892620681353076;0.0433765181818182
45;Y ~ X1 + X2 + X3 + X1:X2;0.2;300;1;1;1;0.236363636363636;0.872692307692308;0.836697247706422;1;662;7.85498489425982;17.8299237132687;1;0.871655680496316;0.82586227616873;0.100438481818182
46;Y ~ X1 + X2 + X3 + X1:X2;0.2;300;1;1;1;0.0530909090909091;0.862778730703259;0.930819341223965;10319;161;7.20987654320988;8.84126129206506;599;0.862847222222222;0.934612031386225;-0.0103218818181818
47;Y ~ X1 + X2 + X3 + X1:X2;0.2;300;1;1;1;0;NA;0.959647026381101;NA;NA;NA;NA;0;NA;0.959647026381101;-0.120207727272727
48;Y ~ X1 + X2 + X3 + X1:X2;0.2;300;1;1;1;0.480818181818182;0.961989409984871;0.944271024605215;5472;403;26.1831683168317;109.697871441824;212;0.962249761677788;0.927572162210023;-0.0843931272727272
49;Y ~ X1 + X2 + X3 + X1:X2;0.2;300;1;1;1;0.326727272727273;0.952964096854996;0.885396562815918;2031;339;21.1411764705882;90.9631764941048;193;0.953716690042076;0.852104975396392;0.0150902727272727
50;Y ~ X1 + X2 + X3 + X1:X2;0.2;300;1;1;1;0.277090909090909;0.886445684279619;0.836179981634527;432;693;8.78386167146974;42.399857864079;82;0.886348575215374;0.816946138211382;-0.154824409090909
51;Y ~ X1 + X2 + X3 + X1:X2;0.2;300;1;1;1;0.14;0.944155844155844;0.902667893284269;2307;172;17.906976744186;86.3407242072635;264;0.943532501641497;0.896009414785493;-0.150168063636364
52;Y ~ X1 + X2 + X3 + X1:X2;0.2;300;1;1;1;0.117454545454545;0.892414860681115;0.920859346309218;359;278;9.29496402877698;26.2544553120148;45;0.892103205629398;0.924685321959846;-0.138649418181818
53;Y ~ X1 + X2 + X3 + X1:X2;0.2;300;1;1;1;0.063;0.920634920634921;0.968386328232383;2415;110;12.6;34.4671609678718;1;0.920058139534884;0.971638141809291;0.0376190181818181
54;Y ~ X1 + X2 + X3 + X1:X2;0.2;300;1;1;1;0.213181818181818;0.901918976545842;0.810892725936811;1930;460;10.195652173913;34.3752853518715;364;0.900990099009901;0.786456509048453;0.0703459727272727
55;Y ~ X1 + X2 + X3 + X1:X2;0.2;300;1;1;1;0.0314545454545455;0.907246376811594;0.884682532389966;6459;65;10.4848484848485;24.64259677383;710;0.906432748538012;0.883976852291054;0.113938518181818
56;Y ~ X1 + X2 + X3 + X1:X2;0.2;300;1;1;1;0.614818181818182;0.937444543034605;0.882358343282211;1766;847;15.9504716981132;62.9997553356662;186;0.937238493723849;0.794853466761973;0.0301584454545454
57;Y ~ X1 + X2 + X3 + X1:X2;0.2;300;1;1;1;0.0121818181818182;0.828358208955224;0.933101173020528;539;46;5.82608695652174;4.93274931557207;62;0.828358208955224;0.93440341436259;0.126799536363636
58;Y ~ X1 + X2 + X3 + X1:X2;0.2;300;1;1;1;0.145636363636364;0.922021210230817;0.922610294117647;228;249;12.816;38.0630597315696;2;0.921766561514196;0.922754168908015;-0.0232323181818182
59;Y ~ X1 + X2 + X3 + X1:X2;0.2;300;1;1;1;0.0438181818181818;0.865145228215768;0.90316965921583;369;130;7.41538461538462;6.66823699454246;8;0.864583333333333;0.904944423150632;0.0602243272727273
60;Y ~ X1 + X2 + X3 + X1:X2;0.2;300;1;1;1;0.276;0.922240527182867;0.878082443871918;1;473;12.8101265822785;38.2710258869753;1;0.921043827367012;0.861784490417566;0.0484422636363636
61;Y ~ X1 + X2 + X3 + X1:X2;0.2;300;1;1;1;0.0478181818181818;0.878095238095238;0.910602719588387;640;129;8.09230769230769;12.2292209953801;43;0.877629063097514;0.912267155679954;0.0505880272727273
62;Y ~ X1 + X2 + X3 + X1:X2;0.2;300;1;1;1;0.300636363636364;0.911097671605685;0.887898557383075;6983;588;11.2482993197279;55.8333965576092;617;0.910502283105023;0.878125822584891;0.165817772727273
63;Y ~ X1 + X2 + X3 + X1:X2;0.2;300;1;1;1;0.185181818181818;0.930780559646539;0.922462837217838;3204;282;14.4468085106383;65.5498093635579;187;0.930761622156281;0.920572329878324;0.150601645454545
64;Y ~ X1 + X2 + X3 + X1:X2;0.2;300;1;1;1;0.330454545454545;0.917469050894085;0.877642949071521;1011;600;12.1166666666667;42.2110051060435;159;0.91812865497076;0.857691779881982;-0.0652411
65;Y ~ X1 + X2 + X3 + X1:X2;0.2;300;1;1;1;0.226909090909091;0.927913496195435;0.887194561822524;250;359;13.8666666666667;49.3911986369363;2;0.927618277395875;0.875312017116368;0.0657145818181818
66;Y ~ X1 + X2 + X3 + X1:X2;0.2;300;1;1;1;0.0397272727272727;0.874141876430206;0.922229363694794;9137;110;7.94545454545455;6.96131687685115;691;0.874141876430206;0.924239525540463;-0.0334786090909091
67;Y ~ X1 + X2 + X3 + X1:X2;0.2;300;1;1;1;0.571;0.935201401050788;0.910408069692801;3160;814;15.4324324324324;62.7457904283825;2;0.934841919435083;0.877834830979889;-0.0978407636363636
68;Y ~ X1 + X2 + X3 + X1:X2;0.2;300;1;1;1;0.0604545454545455;0.950301204819277;0.978623853211009;2281;67;19.5588235294118;73.0525718446615;58;0.95;0.98046875;-0.159681645454545
69;Y ~ X1 + X2 + X3 + X1:X2;0.2;300;1;1;1;0.107272727272727;0.967769296013571;0.965558412931668;1252;77;30.2564102564103;92.6100250196654;192;0.967604433077579;0.965311374163664;0.0256548181818182
70;Y ~ X1 + X2 + X3 + X1:X2;0.2;300;1;1;1;0.104272727272727;0.897994768962511;0.921154199595663;912;234;9.8034188034188;23.6177312540882;118;0.896916299559471;0.923976608187134;-0.0664210818181818
71;Y ~ X1 + X2 + X3 + X1:X2;0.2;300;1;1;1;0.117090909090909;0.943278943278943;0.912083869781129;9035;147;17.4054054054054;72.9983897211999;789;0.942789968652038;0.908001667013961;0.0589843272727273
72;Y ~ X1 + X2 + X3 + X1:X2;0.2;300;1;1;1;0.286636363636364;0.891214716143356;0.831373989713446;95;686;9.1656976744186;25.7394182867297;2;0.890169708613513;0.807726980038635;0.0701777636363636
73;Y ~ X1 + X2 + X3 + X1:X2;0.2;300;1;1;1;0.403090909090909;0.944745151105097;0.897223754366612;299;490;18.0979591836735;84.2093324765484;1;0.944381126054251;0.86535202588199;0.108356554545454
74;Y ~ X1 + X2 + X3 + X1:X2;0.2;300;1;1;1;0.193181818181818;0.916195856873823;0.935273595299302;4215;357;11.8715083798883;50.1533628149159;126;0.916429249762583;0.93979057591623;-0.0248465454545455
75;Y ~ X1 + X2 + X3 + X1:X2;0.2;300;1;1;1;0.0105454545454545;0.843478260869565;0.915720043972151;10863;37;6.10526315789474;5.58663819445912;894;0.843478260869565;0.91648921396167;0.0313953181818182
76;Y ~ X1 + X2 + X3 + X1:X2;0.2;300;1;1;1;0.0363636363636364;0.9625;0.925980347139315;9377;30;26.6666666666667;73.0368465391336;736;0.962311557788945;0.924602039843676;0.0596428818181819
77;Y ~ X1 + X2 + X3 + X1:X2;0.2;300;1;1;1;0.171818181818182;0.936541512427287;0.936806383564157;344;239;15.75;55.3159374970403;2;0.935965848452508;0.936980839517112;-0.116240918181818
78;Y ~ X1 + X2 + X3 + X1:X2;0.2;300;1;1;1;0.141181818181818;0.929768041237113;0.894963764792221;1322;219;14.1181818181818;46.3504266615719;194;0.930474333983106;0.889126255073702;-0.0779723181818182
79;Y ~ X1 + X2 + X3 + X1:X2;0.2;300;1;1;1;0.567909090909091;0.927176696542894;0.851528785235516;61;909;13.7296703296703;50.3415591324133;2;0.926837164130787;0.752811372798642;0.0125022
80;Y ~ X1 + X2 + X3 + X1:X2;0.2;300;1;1;1;0.256454545454545;0.920950017724211;0.880411802555382;759;446;12.6502242152466;36.8619727325232;166;0.920373027259684;0.866641947843283;-0.125954790909091
81;Y ~ X1 + X2 + X3 + X1:X2;0.2;300;1;1;1;0.07;0.8777633289987;0.88657237325496;7806;189;8.10526315789474;10.9869106689293;965;0.877284595300261;0.887275242047026;0.0410071454545455
82;Y ~ X1 + X2 + X3 + X1:X2;0.2;300;1;1;1;0.365727272727273;0.938851603281133;0.916230366492147;478;492;16.3536585365854;71.1639163239382;2;0.939119496855346;0.90306712962963;0.111437709090909
83;Y ~ X1 + X2 + X3 + X1:X2;0.2;300;1;1;1;0.342363636363636;0.968401486988848;0.896780128794848;1250;238;31.6470588235294;119.556283336945;61;0.968087959238402;0.859543481305139;0.0548669363636364
84;Y ~ X1 + X2 + X3 + X1:X2;0.2;300;1;1;1;0.151727272727273;0.924505692031156;0.919676500321662;6223;252;13.2460317460317;38.4773567715739;516;0.924104432301154;0.91888672298029;-0.108529027272727
85;Y ~ X1 + X2 + X3 + X1:X2;0.2;300;1;1;1;0.324818181818182;0.921634480828435;0.886960514233242;1;560;12.7607142857143;38.1071385262188;1;0.922077922077922;0.87003266194883;-0.191102872727273
86;Y ~ X1 + X2 + X3 + X1:X2;0.2;300;1;1;1;0.404;0.931352689624128;0.899145770184624;4305;611;14.5228758169935;69.3864053361539;318;0.931285551763367;0.877387553912508;-0.0069133
87;Y ~ X1 + X2 + X3 + X1:X2;0.2;300;1;1;1;0;NA;0.931009174311927;NA;NA;NA;NA;0;NA;0.931009174311927;-0.0856652818181818
88;Y ~ X1 + X2 + X3 + X1:X2;0.2;300;1;1;1;0.373454545454545;0.929649464459591;0.928289413277018;4502;578;14.2145328719723;49.9588962632289;24;0.929677895254487;0.927461899179367;0.0180701272727273
89;Y ~ X1 + X2 + X3 + X1:X2;0.2;300;1;1;1;0.237909090909091;0.936926605504587;0.931855802832444;2357;331;15.7650602409639;79.1385374210812;228;0.937741686001547;0.930019305019305;0.0365605818181818
90;Y ~ X1 + X2 + X3 + X1:X2;0.2;300;1;1;1;0.133181818181818;0.92901023890785;0.915618400514186;5632;208;14.0865384615385;67.7598716452234;100;0.929063360881543;0.913550164212311;0.0105057727272727
91;Y ~ X1 + X2 + X3 + X1:X2;0.2;300;1;1;1;0.329545454545455;0.911448275862069;0.876596526693007;351;642;11.2928348909657;37.9630771902223;2;0.911092530657748;0.859629883481837;0.0857015090909091
92;Y ~ X1 + X2 + X3 + X1:X2;0.2;300;1;1;1;0;NA;0.895359501100514;NA;NA;NA;NA;0;NA;0.895359501100514;0.0683545727272727
93;Y ~ X1 + X2 + X3 + X1:X2;0.2;300;1;1;1;0.594272727272727;0.943552088113814;0.903782592728608;98;738;17.7154471544715;65.8746157886498;2;0.943766414336475;0.845213849287169;0.0777613727272727
94;Y ~ X1 + X2 + X3 + X1:X2;0.2;300;1;1;1;0.219545454545455;0.937862468931234;0.913427074717397;283;301;15.9933774834437;53.0683203287664;51;0.938629676334594;0.906374970595154;0.165680236363636
95;Y ~ X1 + X2 + X3 + X1:X2;0.2;300;1;1;1;0.288363636363636;0.913619167717528;0.89045871559633;1424;548;11.5766423357664;40.5668123668581;14;0.912849872773537;0.881382155750387;-0.225143163636364
96;Y ~ X1 + X2 + X3 + X1:X2;0.2;300;1;1;1;0.271818181818182;0.912069541959211;0.88023127753304;2;525;11.412213740458;36.1515266216091;2;0.911546252532073;0.868540458784976;-0.0693273909090909
97;Y ~ X1 + X2 + X3 + X1:X2;0.2;300;1;1;1;0.403727272727273;0.950461607746003;0.926143670769796;780;440;20.1863636363636;98.1114676639439;24;0.950842057350933;0.909426987060998;-0.106496581818182
98;Y ~ X1 + X2 + X3 + X1:X2;0.2;300;1;1;1;0.120545454545455;0.913273001508296;0.94287288758266;2092;230;11.5304347826087;41.7837628454954;124;0.91248097412481;0.947044077710466;0.0439152909090909
99;Y ~ X1 + X2 + X3 + X1:X2;0.2;300;1;1;1;0.193909090909091;0.950304735114862;0.931627864175946;6513;212;20.122641509434;71.3204308976899;506;0.951231060606061;0.926898914905768;0.169983436363636
100;Y ~ X1 + X2 + X3 + X1:X2;0.2;300;1;1;1;0.421272727272727;0.950356140729549;0.923479698695572;1817;461;20.0606060606061;91.0858923719602;215;0.950884086444008;0.903568596352102;-0.0191551090909091
1;Y ~ X1 + X2 + X3 + X1:X2;0.2;1;300;1;1;0.120181818181818;0.998487140695915;1;1071;4;661;360.624458405139;4;1;1;0.184579763636364
2;Y ~ X1 + X2 + X3 + X1:X2;0.2;1;300;1;1;0.571909090909091;0.999523052464229;1;268;7;1572.75;1508.32299259807;2;1;1;-0.158491245454545
3;Y ~ X1 + X2 + X3 + X1:X2;0.2;1;300;1;1;0.150818181818182;0.999396863691194;1;2418;3;829.5;548.007755419574;2;1;1;0.0977081363636364
4;Y ~ X1 + X2 + X3 + X1:X2;0.2;1;300;1;1;0.0781818181818182;0.998837209302326;1;2829;2;860;NA;7;1;1;-0.0230781454545454
5;Y ~ X1 + X2 + X3 + X1:X2;0.2;1;300;1;1;0.295727272727273;0.999692591454042;1;236;2;3253;NA;5;1;1;-0.0966687
6;Y ~ X1 + X2 + X3 + X1:X2;0.2;1;300;1;1;0.348636363636364;0.998696219035202;1;287;10;767;810.15214620465;2;1;1;0.103613990909091
7;Y ~ X1 + X2 + X3 + X1:X2;0.2;1;300;1;1;0.360636363636364;0.999747920342828;1;3058;2;3967;NA;4;1;1;0.1288109
8;Y ~ X1 + X2 + X3 + X1:X2;0.2;1;300;1;1;0.308818181818182;0.999705622608184;1;74;2;3397;NA;3;1;1;-0.0362565454545455
9;Y ~ X1 + X2 + X3 + X1:X2;0.2;1;300;1;1;0.383;0.999288087327954;1;3757;5;1404.33333333333;697.727979468599;4;1;1;-0.0287776545454545
10;Y ~ X1 + X2 + X3 + X1:X2;0.2;1;300;1;1;0.418363636363636;0.999782703172534;1;478;2;4602;NA;2;1;1;0.0457670636363636
11;Y ~ X1 + X2 + X3 + X1:X2;0.2;1;300;1;1;0.093;0.999022482893451;1;1;2;1023;NA;1;1;1;-0.0246258363636364
12;Y ~ X1 + X2 + X3 + X1:X2;0.2;1;300;1;1;0.672;0.999458801244757;1;567;9;1478.4;1150.64842588864;1;1;1;0.1956959
13;Y ~ X1 + X2 + X3 + X1:X2;0.2;1;300;1;1;0.239272727272727;0.999620060790274;1;1029;2;2632;NA;2;1;1;-0.0684004454545454
14;Y ~ X1 + X2 + X3 + X1:X2;0.2;1;300;1;1;0.533909090909091;0.999659458539077;1;3515;4;2936.5;301.934595566656;4;1;1;0.0701390090909091
15;Y ~ X1 + X2 + X3 + X1:X2;0.2;1;300;1;1;0.569363636363636;0.999520919833919;0.96875;1530;7;1565.75;1127.70663295025;3;1;0.923076923076923;0.143945127272727
16;Y ~ X1 + X2 + X3 + X1:X2;0.2;1;300;1;1;0.0833636363636364;0.997818974918212;1;82;4;458.5;55.8614357137373;1;1;1;-0.141206472727273
17;Y ~ X1 + X2 + X3 + X1:X2;0.2;1;300;1;1;0.298727272727273;0.999087313659872;1;4345;5;1095.33333333333;676.330047634536;4;1;1;0.025688
18;Y ~ X1 + X2 + X3 + X1:X2;0.2;1;300;1;1;0.560363636363636;0.999675535366645;1;937;4;3082;403.050865276332;1;1;1;-0.0266791363636364
19;Y ~ X1 + X2 + X3 + X1:X2;0.2;1;300;1;1;0.173;0.998949027850762;1;5665;4;951.5;675.286976033153;6;1;1;0.0615619727272727
20;Y ~ X1 + X2 + X3 + X1:X2;0.2;1;300;1;1;0.458181818181818;0.999801626661377;1;NA;1;5040;NA;0;1;1;0.0651276909090909
21;Y ~ X1 + X2 + X3 + X1:X2;0.2;1;300;1;1;0.0914545454545455;0.996023856858847;1;79;8;251.5;165.725676948384;1;1;1;0.0550946909090909
22;Y ~ X1 + X2 + X3 + X1:X2;0.2;1;300;1;1;0.917909090909091;0.999702882044172;1;4;6;3365.66666666667;2370.68857788899;1;1;1;-0.0450813909090909
23;Y ~ X1 + X2 + X3 + X1:X2;0.2;1;300;1;1;0.522272727272727;0.999303621169916;1;121;9;1149;702.416898999447;1;1;1;-0.0654705636363637
24;Y ~ X1 + X2 + X3 + X1:X2;0.2;1;300;1;1;0.947909090909091;0.989353539228851;1;48;223;93.0982142857143;85.6366680558125;10;1;1;-0.0353359090909091
25;Y ~ X1 + X2 + X3 + X1:X2;0.2;1;300;1;1;0.202363636363636;0.999550965424338;1;NA;1;2226;NA;0;1;1;0.0917977181818182
26;Y ~ X1 + X2 + X3 + X1:X2;0.2;1;300;1;1;0.398909090909091;0.999544211485871;1;358;4;2194;1967.17106526098;2;1;1;0.0274722454545455
27;Y ~ X1 + X2 + X3 + X1:X2;0.2;1;300;1;1;0.583818181818182;0.999532855808159;1;1;6;2140.66666666667;1488.35558027419;1;1;1;0.121952654545455
28;Y ~ X1 + X2 + X3 + X1:X2;0.2;1;300;1;1;0.363;0.998997995991984;1;16;9;798.6;662.55173382914;2;1;1;-0.160360754545455
29;Y ~ X1 + X2 + X3 + X1:X2;0.2;1;300;1;1;0.349909090909091;0.999220576773188;1;2045;6;1283;463.19650257747;39;1;1;0.0764626545454545
30;Y ~ X1 + X2 + X3 + X1:X2;0.2;1;300;1;1;0.581727272727273;0.999531176746367;1;400;6;2133;927.43894677763;59;1;1;0.0720086454545455
31;Y ~ X1 + X2 + X3 + X1:X2;0.2;1;300;1;1;0.34;0.998930767174552;1;5880;7;935;306.445209893493;3;1;1;0.0807059272727273
32;Y ~ X1 + X2 + X3 + X1:X2;0.2;1;300;1;1;0;NA;1;NA;NA;NA;NA;0;NA;1;0.143657736363636
33;Y ~ X1 + X2 + X3 + X1:X2;0.2;1;300;1;1;0.375818181818182;0.999274135010888;1;2;7;1033.5;1230.93203170064;1;1;1;-0.0594191363636363
34;Y ~ X1 + X2 + X3 + X1:X2;0.2;1;300;1;1;0.308818181818182;0.999705622608184;1;74;2;3397;NA;3;1;1;-0.0362565454545455
35;Y ~ X1 + X2 + X3 + X1:X2;0.2;1;300;1;1;0.266727272727273;0.998636673483299;1;684;8;733.5;671.74523940752;2;1;1;-0.0537939818181818
36;Y ~ X1 + X2 + X3 + X1:X2;0.2;1;300;1;1;0.652454545454546;0.875992754632855;0.813953488372093;116;1780;8.06404494382022;7.61306595737346;3;0.863636363636364;0.761904761904762;-0.148426209090909
37;Y ~ X1 + X2 + X3 + X1:X2;0.2;1;300;1;1;0.615181818181818;0.999408896113492;1;1258;8;1691.75;559.874018567273;4;1;1;0.0572537727272727
38;Y ~ X1 + X2 + X3 + X1:X2;0.2;1;300;1;1;0.0131818181818182;0.993055555555556;1;6161;3;72.5;13.4350288425444;5;NA;1;0.0432606727272727
39;Y ~ X1 + X2 + X3 + X1:X2;0.2;1;300;1;1;0.379;0.999280402974334;1;236;6;1389.66666666667;392.020832779756;3;1;1;0.0874904090909091
40;Y ~ X1 + X2 + X3 + X1:X2;0.2;1;300;1;1;0.462909090909091;0.99980361351139;1;5060;2;5092;NA;6;1;1;-0.0546624090909091
41;Y ~ X1 + X2 + X3 + X1:X2;0.2;1;300;1;1;0.505363636363636;0.999460334592553;1;1;6;1853;1291.63191351097;1;1;1;0.0410254181818182
42;Y ~ X1 + X2 + X3 + X1:X2;0.2;1;300;1;1;0.224454545454545;0.999594813614263;1;5386;3;1234.5;1733.11872068823;7;1;1;-0.0742286454545455
43;Y ~ X1 + X2 + X3 + X1:X2;0.2;1;300;1;1;0.494545454545455;0.999632352941176;1;3;4;2720;226.274169979695;1;1;1;0.125278354545455
44;Y ~ X1 + X2 + X3 + X1:X2;0.2;1;300;1;1;0.159090909090909;0.998857142857143;1;3530;4;875;619.425540319416;5;1;1;0.0433466909090909
45;Y ~ X1 + X2 + X3 + X1:X2;0.2;1;300;1;1;0.145363636363636;0.998749218261413;1;1628;4;799.5;812.465691583343;5;1;1;0.0999312909090909
46;Y ~ X1 + X2 + X3 + X1:X2;0.2;1;300;1;1;0;NA;1;NA;NA;NA;NA;0;NA;1;-0.00907569999999996
47;Y ~ X1 + X2 + X3 + X1:X2;0.2;1;300;1;1;0.587181818181818;0.998916240904165;0.970588235294118;1677;14;922.714285714286;1092.95222742285;5;1;0.923076923076923;-0.119601581818182
48;Y ~ X1 + X2 + X3 + X1:X2;0.2;1;300;1;1;0.146363636363636;0.998757763975155;1;335;4;805;427.092495836675;1;1;1;-0.0843506818181818
49;Y ~ X1 + X2 + X3 + X1:X2;0.2;1;300;1;1;0.283363636363636;0.999358151476252;1;1380;5;1039;486.66929223036;2;1;1;0.0153239181818182
50;Y ~ X1 + X2 + X3 + X1:X2;0.2;1;300;1;1;0.205363636363636;0.997786631252767;1;5565;10;451.8;639.903664624606;11;1;1;-0.159984954545455
51;Y ~ X1 + X2 + X3 + X1:X2;0.2;1;300;1;1;0.296545454545455;0.998773758430411;1;3438;8;815.5;781.264146538587;4;1;1;-0.150089118181818
52;Y ~ X1 + X2 + X3 + X1:X2;0.2;1;300;1;1;0;NA;1;NA;NA;NA;NA;0;NA;1;-0.138324945454545
53;Y ~ X1 + X2 + X3 + X1:X2;0.2;1;300;1;1;0.394;0.999769213016386;1;951;3;2167;2933.0789283618;2;1;1;0.0373370454545454
54;Y ~ X1 + X2 + X3 + X1:X2;0.2;1;300;1;1;0.350181818181818;0.999740327187743;1;1097;3;1926;1689.98520703585;3;1;1;0.0705558363636364
55;Y ~ X1 + X2 + X3 + X1:X2;0.2;1;300;1;1;0.148;0.998771498771499;1;2730;4;814;545.886435076015;2;1;1;0.113961236363636
56;Y ~ X1 + X2 + X3 + X1:X2;0.2;1;300;1;1;0;NA;1;NA;NA;NA;NA;0;NA;1;0.0429198
57;Y ~ X1 + X2 + X3 + X1:X2;0.2;1;300;1;1;0.382090909090909;0.999762074708542;1;5005;2;4203;NA;58;1;1;0.1265074
58;Y ~ X1 + X2 + X3 + X1:X2;0.2;1;300;1;1;0.353727272727273;0.999229188078109;1;5616;5;1297;1506.28914886884;3;1;1;-0.0233607181818182
59;Y ~ X1 + X2 + X3 + X1:X2;0.2;1;300;1;1;0.318363636363636;0.999428734647244;1;230;5;1167.33333333333;916.87367359595;4;1;1;0.0598178818181818
60;Y ~ X1 + X2 + X3 + X1:X2;0.2;1;300;1;1;0.327090909090909;0.999444135630906;1;2046;4;1799;2265.5701269217;3;1;1;0.0490251454545454
61;Y ~ X1 + X2 + X3 + X1:X2;0.2;1;300;1;1;0;NA;1;NA;NA;NA;NA;0;NA;1;0.0510351
62;Y ~ X1 + X2 + X3 + X1:X2;0.2;1;300;1;1;0;NA;1;NA;NA;NA;NA;0;NA;1;0.165777763636364
63;Y ~ X1 + X2 + X3 + X1:X2;0.2;1;300;1;1;0.106636363636364;0.999147485080989;1;1;2;1173;NA;1;1;1;0.1500481
64;Y ~ X1 + X2 + X3 + X1:X2;0.2;1;300;1;1;0.403090909090909;0.999548940009021;1;1166;4;2217;190.918830920368;5;1;1;-0.0608649363636364
65;Y ~ X1 + X2 + X3 + X1:X2;0.2;1;300;1;1;0.410818181818182;0.999336283185841;1;1942;5;1506.33333333333;1108.65519136174;2;1;1;0.0660683181818182
66;Y ~ X1 + X2 + X3 + X1:X2;0.2;1;300;1;1;0.163727272727273;0.999444752915047;1;6029;2;1801;NA;7;1;1;-0.0367562090909091
67;Y ~ X1 + X2 + X3 + X1:X2;0.2;1;300;1;1;0.295727272727273;0.999692591454042;1;236;2;3253;NA;5;1;1;-0.0966687
68;Y ~ X1 + X2 + X3 + X1:X2;0.2;1;300;1;1;0.155363636363636;0.998244587478057;1;789;6;569.666666666667;442.340743469707;60;1;1;-0.160233545454545
69;Y ~ X1 + X2 + X3 + X1:X2;0.2;1;300;1;1;0.00372727272727273;0.975609756097561;1;7567;2;41;NA;8;NA;1;0.0259715363636363
70;Y ~ X1 + X2 + X3 + X1:X2;0.2;1;300;1;1;0.360545454545455;0.999243379571248;1;822;7;991.5;768.283584795788;1;1;1;-0.0661504818181818
71;Y ~ X1 + X2 + X3 + X1:X2;0.2;1;300;1;1;0.321545454545455;0.999434389140271;1;985;5;1179;347.08500399758;5;1;1;0.0534528181818182
72;Y ~ X1 + X2 + X3 + X1:X2;0.2;1;300;1;1;0.942909090909091;0.98264558426533;0.911764705882353;31;360;57.3038674033149;54.9248116009927;2;0.967741935483871;0.333333333333333;0.0706739
73;Y ~ X1 + X2 + X3 + X1:X2;0.2;1;300;1;1;0.405090909090909;0.999102333931777;1;1;8;1114;914.212593802266;1;1;1;0.1067904
74;Y ~ X1 + X2 + X3 + X1:X2;0.2;1;300;1;1;0.125090909090909;0.998546511627907;1;1486;4;688;934.795164728616;3;1;1;-0.0243079090909091
75;Y ~ X1 + X2 + X3 + X1:X2;0.2;1;300;1;1;0;NA;1;NA;NA;NA;NA;0;NA;1;0.0315017818181818
76;Y ~ X1 + X2 + X3 + X1:X2;0.2;1;300;1;1;0;NA;1;NA;NA;NA;NA;0;NA;1;0.0600607636363637
77;Y ~ X1 + X2 + X3 + X1:X2;0.2;1;300;1;1;0.3;0.998788245986065;1;4627;7;825;611.55375887979;4;1;1;-0.116172872727273
78;Y ~ X1 + X2 + X3 + X1:X2;0.2;1;300;1;1;0.706545454545455;1;1;3229;1;7772;NA;6;1;1;-0.0781894
79;Y ~ X1 + X2 + X3 + X1:X2;0.2;1;300;1;1;0.265545454545455;0.999315537303217;1;8201;3;1460.5;1515.32983208277;10;1;1;0.0127388454545455
80;Y ~ X1 + X2 + X3 + X1:X2;0.2;1;300;1;1;0.403818181818182;0.9997748761819;1;4;2;4442;NA;1;1;1;-0.126104845454545
81;Y ~ X1 + X2 + X3 + X1:X2;0.2;1;300;1;1;0;NA;1;NA;NA;NA;NA;0;NA;1;0.0385842909090909
82;Y ~ X1 + X2 + X3 + X1:X2;0.2;1;300;1;1;0.400909090909091;0.999092970521542;1;478;8;1102.5;1031.34006677397;4;1;1;0.114081490909091
83;Y ~ X1 + X2 + X3 + X1:X2;0.2;1;300;1;1;0.134909090909091;0.998652291105121;1;2;4;742;770.746391493337;1;1;1;0.0537380181818182
84;Y ~ X1 + X2 + X3 + X1:X2;0.2;1;300;1;1;0.613818181818182;0.999407582938389;1;724;8;1688;1795.96120967761;5;1;1;-0.108855690909091
85;Y ~ X1 + X2 + X3 + X1:X2;0.2;1;300;1;1;0.890727272727273;0.959579463100949;0.951219512195122;29;793;24.6801007556675;23.4503759740256;2;0.974358974358974;0.5;-0.190983572727273
86;Y ~ X1 + X2 + X3 + X1:X2;0.2;1;300;1;1;0;NA;1;NA;NA;NA;NA;0;NA;1;-0.00657834545454546
87;Y ~ X1 + X2 + X3 + X1:X2;0.2;1;300;1;1;0.173545454545455;0.99895178197065;1;7421;5;636.333333333333;414.519400430587;13;1;1;-0.0859924272727273
88;Y ~ X1 + X2 + X3 + X1:X2;0.2;1;300;1;1;0.0745454545454545;0.998780487804878;1;4686;2;820;NA;1;1;1;0.0176385545454545
89;Y ~ X1 + X2 + X3 + X1:X2;0.2;1;300;1;1;0.0775454545454545;0.998827667057444;0.948717948717949;51;2;853;NA;3;0.666666666666667;0.972222222222222;0.0418731545454545
90;Y ~ X1 + X2 + X3 + X1:X2;0.2;1;300;1;1;0.447818181818182;0.999796954314721;1;141;3;2463;2149.6046148071;2;1;1;0.0113316636363636
91;Y ~ X1 + X2 + X3 + X1:X2;0.2;1;300;1;1;0.170454545454545;0.998933333333333;1;2770;4;937.5;108.187337521542;12;1;1;0.0860518363636364
92;Y ~ X1 + X2 + X3 + X1:X2;0.2;1;300;1;1;0.0913636363636364;0.997014925373134;1;3126;6;335;414.218541352267;6;1;1;0.0674045818181818
93;Y ~ X1 + X2 + X3 + X1:X2;0.2;1;300;1;1;0.463727272727273;0.999607920015683;1;914;4;2550.5;474.468650176173;3;1;1;0.0780365
94;Y ~ X1 + X2 + X3 + X1:X2;0.2;1;300;1;1;0.00590909090909091;0.984615384615385;1;10741;2;65;NA;69;NA;1;0.166306209090909
95;Y ~ X1 + X2 + X3 + X1:X2;0.2;1;300;1;1;0.590636363636364;0.999384331229798;1;4;8;1624.25;1673.18705369922;1;1;1;-0.225148927272727
96;Y ~ X1 + X2 + X3 + X1:X2;0.2;1;300;1;1;0.250909090909091;0.999637812386816;1;NA;1;2760;NA;0;1;1;-0.0695547636363637
97;Y ~ X1 + X2 + X3 + X1:X2;0.2;1;300;1;1;0.417;0.999563985175496;1;4486;4;2293.5;3145.91806949895;8;1;1;-0.105193845454545
98;Y ~ X1 + X2 + X3 + X1:X2;0.2;1;300;1;1;0.353181818181818;0.9994851994852;0.955555555555556;171;4;1942.5;1014.6982310027;2;1;0.923076923076923;0.0438808818181818
99;Y ~ X1 + X2 + X3 + X1:X2;0.2;1;300;1;1;0.204818181818182;0.999556147359077;1;8233;2;2253;NA;20;1;1;0.1709897
100;Y ~ X1 + X2 + X3 + X1:X2;0.2;1;300;1;1;0.108272727272727;0.998319327731092;1;1817;5;397;126.633328946214;3;1;1;-0.0188500818181818
1;Y ~ X1 + X2 + X3 + X1:X2;0.2;1;1;300;1;0.000818181818181818;0.777777777777778;1;3518;4;4.5;2.12132034355964;10;NA;1;0.182415881818182
2;Y ~ X1 + X2 + X3 + X1:X2;0.2;1;1;300;1;0.000181818181818182;0.5;1;95;2;2;NA;2;NA;1;-0.157829363636364
3;Y ~ X1 + X2 + X3 + X1:X2;0.2;1;1;300;1;0.000272727272727273;0.666666666666667;1;49;2;3;NA;1;NA;1;0.0978404090909091
4;Y ~ X1 + X2 + X3 + X1:X2;0.2;1;1;300;1;0.000545454545454545;0.833333333333333;1;7026;2;6;NA;13;NA;1;-0.0242809545454545
5;Y ~ X1 + X2 + X3 + X1:X2;0.2;1;1;300;1;0.00290909090909091;0.875;0.977272727272727;204;8;8;8.04155872120988;2;NA;0.977272727272727;-0.0990418727272727
6;Y ~ X1 + X2 + X3 + X1:X2;0.2;1;1;300;1;0.00218181818181818;0.833333333333333;1;1308;8;6;8;4;NA;1;0.102969881818182
7;Y ~ X1 + X2 + X3 + X1:X2;0.2;1;1;300;1;0.00154545454545455;0.882352941176471;1;935;4;8.5;2.12132034355964;2;NA;1;0.126563336363636
8;Y ~ X1 + X2 + X3 + X1:X2;0.2;1;1;300;1;0.00127272727272727;0.785714285714286;1;2;6;4.66666666666667;2.88675134594813;1;NA;1;-0.036136
9;Y ~ X1 + X2 + X3 + X1:X2;0.2;1;1;300;1;0.00245454545454545;0.857142857142857;1;2929;7;6.75;6.89806736219163;8;NA;1;-0.0287029636363636
10;Y ~ X1 + X2 + X3 + X1:X2;0.2;1;1;300;1;0.000909090909090909;0.7;1;5080;6;3.33333333333333;2.3094010767585;14;NA;1;0.0475608727272727
11;Y ~ X1 + X2 + X3 + X1:X2;0.2;1;1;300;1;0.00263636363636364;0.862068965517241;1;18;8;7.25;8.26135582092915;1;1;1;-0.0248339454545454
12;Y ~ X1 + X2 + X3 + X1:X2;0.2;1;1;300;1;0.00354545454545455;0.948717948717949;1;3940;4;19.5;17.6776695296637;15;NA;1;0.195606009090909
13;Y ~ X1 + X2 + X3 + X1:X2;0.2;1;1;300;1;0.000272727272727273;0.333333333333333;1;2883;4;1.5;0.707106781186548;9;NA;1;-0.0685275545454545
14;Y ~ X1 + X2 + X3 + X1:X2;0.2;1;1;300;1;0.001;0.727272727272727;1;1481;6;3.66666666666667;3.05505046330389;5;NA;1;0.0715520090909091
15;Y ~ X1 + X2 + X3 + X1:X2;0.2;1;1;300;1;0.000545454545454545;0.666666666666667;1;798;4;3;1.4142135623731;7;NA;1;0.144192418181818
16;Y ~ X1 + X2 + X3 + X1:X2;0.2;1;1;300;1;0.00109090909090909;0.75;1;3124;6;4;4.35889894354067;4;NA;1;-0.141371090909091
17;Y ~ X1 + X2 + X3 + X1:X2;0.2;1;1;300;1;0.00263636363636364;0.833333333333333;1;3447;9;5.8;3.89871773792359;7;NA;1;0.0264726909090909
18;Y ~ X1 + X2 + X3 + X1:X2;0.2;1;1;300;1;0.000181818181818182;0.5;1;1764;2;2;NA;3;NA;1;-0.0268171363636364
19;Y ~ X1 + X2 + X3 + X1:X2;0.2;1;1;300;1;0;NA;0.972972972972973;NA;NA;NA;NA;0;NA;0.972972972972973;0.0605208181818182
20;Y ~ X1 + X2 + X3 + X1:X2;0.2;1;1;300;1;0.00236363636363636;0.851851851851852;1;2214;7;6.5;6.557438524302;4;NA;1;0.0654258363636364
21;Y ~ X1 + X2 + X3 + X1:X2;0.2;1;1;300;1;0.00127272727272727;0.928571428571429;1;5394;2;14;NA;4;NA;1;0.0552622090909091
22;Y ~ X1 + X2 + X3 + X1:X2;0.2;1;1;300;1;0.001;0.727272727272727;1;966;6;3.66666666666667;3.78593889720018;3;NA;1;-0.0455215454545455
23;Y ~ X1 + X2 + X3 + X1:X2;0.2;1;1;300;1;0.00218181818181818;0.875;1;2664;6;8;5.29150262212918;14;NA;1;-0.0654856272727273
24;Y ~ X1 + X2 + X3 + X1:X2;0.2;1;1;300;1;0.00172727272727273;0.842105263157895;1;1106;6;6.33333333333333;6.11010092660779;5;NA;1;-0.0395121454545455
25;Y ~ X1 + X2 + X3 + X1:X2;0.2;1;1;300;1;0.00263636363636364;0.9;1;4535;5;9.66666666666667;6.80685928555405;10;NA;1;0.0917919909090909
26;Y ~ X1 + X2 + X3 + X1:X2;0.2;1;1;300;1;9.09090909090909e-05;0;1;10180;2;1;NA;22;NA;1;0.0267206909090909
27;Y ~ X1 + X2 + X3 + X1:X2;0.2;1;1;300;1;0.00172727272727273;0.842105263157895;1;5;6;6.33333333333333;5.03322295684717;1;1;1;0.121881572727273
28;Y ~ X1 + X2 + X3 + X1:X2;0.2;1;1;300;1;0.000545454545454545;0.833333333333333;1;4653;2;6;NA;6;NA;1;-0.160298109090909
29;Y ~ X1 + X2 + X3 + X1:X2;0.2;1;1;300;1;0.00336363636363636;0.891891891891892;1;953;8;9.25;2.75378527364305;3;NA;1;0.0757005909090909
30;Y ~ X1 + X2 + X3 + X1:X2;0.2;1;1;300;1;0.003;0.878787878787879;1;4850;8;8.25;8.22090830342568;9;NA;1;0.0705347363636364
31;Y ~ X1 + X2 + X3 + X1:X2;0.2;1;1;300;1;0.00136363636363636;0.8125;1;1848;5;5;2.64575131106459;8;NA;1;0.0806357818181818
32;Y ~ X1 + X2 + X3 + X1:X2;0.2;1;1;300;1;0.00181818181818182;0.85;1;1013;6;6.66666666666667;6.65832811847939;10;NA;1;0.145010872727273
33;Y ~ X1 + X2 + X3 + X1:X2;0.2;1;1;300;1;0.000545454545454545;0.666666666666667;1;23;4;3;2.82842712474619;1;NA;1;-0.0589969272727272
34;Y ~ X1 + X2 + X3 + X1:X2;0.2;1;1;300;1;0.00127272727272727;0.785714285714286;1;2;6;4.66666666666667;2.88675134594813;1;NA;1;-0.036136
35;Y ~ X1 + X2 + X3 + X1:X2;0.2;1;1;300;1;0.000636363636363636;0.857142857142857;1;7413;2;7;NA;15;NA;1;-0.0571901090909091
36;Y ~ X1 + X2 + X3 + X1:X2;0.2;1;1;300;1;0.00472727272727273;0.826923076923077;0.953488372093023;1687;18;5.77777777777778;4.63081466314993;11;NA;0.953488372093023;-0.148370718181818
37;Y ~ X1 + X2 + X3 + X1:X2;0.2;1;1;300;1;0.00109090909090909;0.833333333333333;1;1979;4;6;1.4142135623731;6;NA;1;0.0569178363636364
38;Y ~ X1 + X2 + X3 + X1:X2;0.2;1;1;300;1;0.000909090909090909;0.9;1;5734;2;10;NA;4;NA;1;0.043423
39;Y ~ X1 + X2 + X3 + X1:X2;0.2;1;1;300;1;0;NA;1;NA;NA;NA;NA;0;NA;1;0.0838147090909091
40;Y ~ X1 + X2 + X3 + X1:X2;0.2;1;1;300;1;0.00109090909090909;0.833333333333333;1;3423;4;6;1.4142135623731;4;NA;1;-0.0541828909090909
41;Y ~ X1 + X2 + X3 + X1:X2;0.2;1;1;300;1;0.00127272727272727;0.714285714285714;1;4113;8;3.5;1.73205080756888;6;NA;1;0.0431343
42;Y ~ X1 + X2 + X3 + X1:X2;0.2;1;1;300;1;0.000454545454545455;0.8;1;7990;2;5;NA;8;NA;1;-0.0745427727272727
43;Y ~ X1 + X2 + X3 + X1:X2;0.2;1;1;300;1;0.00218181818181818;0.791666666666667;1;51;10;4.8;7.39594483484024;1;NA;1;0.125744572727273
44;Y ~ X1 + X2 + X3 + X1:X2;0.2;1;1;300;1;9.09090909090909e-05;0;1;9776;2;1;NA;20;NA;1;0.0427918090909091
45;Y ~ X1 + X2 + X3 + X1:X2;0.2;1;1;300;1;9.09090909090909e-05;0;1;862;2;1;NA;4;NA;1;0.101657236363636
46;Y ~ X1 + X2 + X3 + X1:X2;0.2;1;1;300;1;0.002;0.772727272727273;1;4770;10;4.4;3.91152144312159;5;NA;1;-0.00937569999999996
47;Y ~ X1 + X2 + X3 + X1:X2;0.2;1;1;300;1;0.00263636363636364;0.793103448275862;0.970588235294118;519;12;4.83333333333333;2.40138848724372;3;NA;0.970588235294118;-0.120029572727273
48;Y ~ X1 + X2 + X3 + X1:X2;0.2;1;1;300;1;0.000909090909090909;0.8;1;4858;4;5;4.24264068711928;13;NA;1;-0.0841389272727272
49;Y ~ X1 + X2 + X3 + X1:X2;0.2;1;1;300;1;0.00209090909090909;0.869565217391304;0.978723404255319;610;6;7.66666666666667;5.5075705472861;1;NA;0.978723404255319;0.0154829363636364
50;Y ~ X1 + X2 + X3 + X1:X2;0.2;1;1;300;1;0.000818181818181818;0.888888888888889;1;605;2;9;NA;8;1;1;-0.153942663636364
51;Y ~ X1 + X2 + X3 + X1:X2;0.2;1;1;300;1;0.00181818181818182;0.85;0.96969696969697;2795;6;6.66666666666667;9.81495457622364;8;NA;0.96969696969697;-0.1504742
52;Y ~ X1 + X2 + X3 + X1:X2;0.2;1;1;300;1;0.001;0.818181818181818;1;359;4;5.5;4.94974746830583;4;NA;1;-0.138119954545455
53;Y ~ X1 + X2 + X3 + X1:X2;0.2;1;1;300;1;0.000727272727272727;0.75;1;9930;4;4;2.82842712474619;9;NA;1;0.0375775181818181
54;Y ~ X1 + X2 + X3 + X1:X2;0.2;1;1;300;1;0.00163636363636364;0.888888888888889;1;3187;4;9;2.82842712474619;11;NA;1;0.0702451090909091
55;Y ~ X1 + X2 + X3 + X1:X2;0.2;1;1;300;1;9.09090909090909e-05;0;1;6920;2;1;NA;10;NA;1;0.114006781818182
56;Y ~ X1 + X2 + X3 + X1:X2;0.2;1;1;300;1;0.00318181818181818;0.885714285714286;1;246;8;8.75;7.63216876123687;2;NA;1;0.0339630636363636
57;Y ~ X1 + X2 + X3 + X1:X2;0.2;1;1;300;1;0.000454545454545455;0.4;0.974358974358974;368;6;1.66666666666667;0.577350269189626;3;NA;0.974358974358974;0.127367527272727
58;Y ~ X1 + X2 + X3 + X1:X2;0.2;1;1;300;1;0.00118181818181818;0.857142857142857;1;6453;3;6.5;6.36396103067893;10;NA;1;-0.0231532090909091
59;Y ~ X1 + X2 + X3 + X1:X2;0.2;1;1;300;1;0;NA;1;NA;NA;NA;NA;0;NA;1;0.0600879727272727
60;Y ~ X1 + X2 + X3 + X1:X2;0.2;1;1;300;1;0.00154545454545455;0.764705882352941;1;6660;8;4.25;3.86221007541882;17;NA;1;0.0472695363636364
61;Y ~ X1 + X2 + X3 + X1:X2;0.2;1;1;300;1;0.000818181818181818;0.888888888888889;1;8404;2;9;NA;11;NA;1;0.0506131181818182
62;Y ~ X1 + X2 + X3 + X1:X2;0.2;1;1;300;1;0.000818181818181818;0.888888888888889;1;2718;2;9;NA;7;1;1;0.165571772727273
63;Y ~ X1 + X2 + X3 + X1:X2;0.2;1;1;300;1;9.09090909090909e-05;0;1;6398;2;1;NA;10;NA;1;0.150084681818182
64;Y ~ X1 + X2 + X3 + X1:X2;0.2;1;1;300;1;0.00445454545454545;0.897959183673469;1;2167;10;9.8;5.26307894677631;7;NA;1;-0.0651530363636364
65;Y ~ X1 + X2 + X3 + X1:X2;0.2;1;1;300;1;0.000272727272727273;0.75;1;NA;1;3;NA;0;NA;1;0.0655518454545454
66;Y ~ X1 + X2 + X3 + X1:X2;0.2;1;1;300;1;0.00190909090909091;0.952380952380952;1;7362;2;21;NA;8;NA;1;-0.0380138636363636
67;Y ~ X1 + X2 + X3 + X1:X2;0.2;1;1;300;1;0.00290909090909091;0.875;0.977272727272727;204;8;8;8.04155872120988;2;NA;0.977272727272727;-0.0990418727272727
68;Y ~ X1 + X2 + X3 + X1:X2;0.2;1;1;300;1;0.00109090909090909;0.833333333333333;1;4584;4;6;7.07106781186548;8;NA;1;-0.160438754545455
69;Y ~ X1 + X2 + X3 + X1:X2;0.2;1;1;300;1;0.000454545454545455;0.6;1;1683;4;2.5;0.707106781186548;9;NA;1;0.0259149909090909
70;Y ~ X1 + X2 + X3 + X1:X2;0.2;1;1;300;1;0.00109090909090909;0.75;1;6545;6;4;2.64575131106459;2;NA;1;-0.0665610090909091
71;Y ~ X1 + X2 + X3 + X1:X2;0.2;1;1;300;1;0;NA;1;NA;NA;NA;NA;0;NA;1;0.0517720818181818
72;Y ~ X1 + X2 + X3 + X1:X2;0.2;1;1;300;1;0.00154545454545455;0.666666666666667;1;991;11;2.83333333333333;2.31660671385254;6;NA;1;0.0716409
73;Y ~ X1 + X2 + X3 + X1:X2;0.2;1;1;300;1;0.00154545454545455;0.823529411764706;1;629;6;5.66666666666667;3.21455025366432;1;NA;1;0.110267236363636
74;Y ~ X1 + X2 + X3 + X1:X2;0.2;1;1;300;1;0.000636363636363636;0.714285714285714;1;1486;4;3.5;3.53553390593274;4;NA;1;-0.0245454
75;Y ~ X1 + X2 + X3 + X1:X2;0.2;1;1;300;1;0;NA;1;NA;NA;NA;NA;0;NA;1;0.0312512909090909
76;Y ~ X1 + X2 + X3 + X1:X2;0.2;1;1;300;1;0.00336363636363636;0.918918918918919;1;2357;6;12.3333333333333;13.5769412362775;8;1;1;0.0603863727272728
77;Y ~ X1 + X2 + X3 + X1:X2;0.2;1;1;300;1;0.000272727272727273;0.75;1;NA;1;3;NA;0;NA;1;-0.115829854545455
78;Y ~ X1 + X2 + X3 + X1:X2;0.2;1;1;300;1;9.09090909090909e-05;0;1;10526;2;1;NA;16;NA;1;-0.0782536363636364
79;Y ~ X1 + X2 + X3 + X1:X2;0.2;1;1;300;1;0.001;0.5;0.978260869565217;390;11;1.83333333333333;1.32916013582513;2;NA;0.978260869565217;0.0125561454545455
80;Y ~ X1 + X2 + X3 + X1:X2;0.2;1;1;300;1;0.00172727272727273;0.789473684210526;1;688;8;4.75;1.5;6;NA;1;-0.125611418181818
81;Y ~ X1 + X2 + X3 + X1:X2;0.2;1;1;300;1;0.001;0.727272727272727;1;3096;6;3.66666666666667;3.05505046330389;4;1;1;0.0381282909090909
82;Y ~ X1 + X2 + X3 + X1:X2;0.2;1;1;300;1;9.09090909090909e-05;0;1;1633;2;1;NA;7;NA;1;0.114745627272727
83;Y ~ X1 + X2 + X3 + X1:X2;0.2;1;1;300;1;0.00209090909090909;0.826086956521739;1;2462;8;5.75;8.18026079453868;6;NA;1;0.0533775454545455
84;Y ~ X1 + X2 + X3 + X1:X2;0.2;1;1;300;1;0;NA;1;NA;NA;NA;NA;0;NA;1;-0.108622727272727
85;Y ~ X1 + X2 + X3 + X1:X2;0.2;1;1;300;1;0.002;0.818181818181818;1;920;8;5.5;3.1091263510296;5;NA;1;-0.189932163636364
86;Y ~ X1 + X2 + X3 + X1:X2;0.2;1;1;300;1;0.00181818181818182;0.8;1;3;8;5;3.82970843102535;1;NA;1;-0.00666840909090909
87;Y ~ X1 + X2 + X3 + X1:X2;0.2;1;1;300;1;0.000363636363636364;0.75;1;257;2;4;NA;2;NA;1;-0.0890482818181818
88;Y ~ X1 + X2 + X3 + X1:X2;0.2;1;1;300;1;0.00372727272727273;0.951219512195122;1;4502;4;20.5;13.4350288425444;4;NA;1;0.0177003272727273
89;Y ~ X1 + X2 + X3 + X1:X2;0.2;1;1;300;1;0.00163636363636364;0.777777777777778;1;2733;8;4.5;2.51661147842358;11;NA;1;0.0390012
90;Y ~ X1 + X2 + X3 + X1:X2;0.2;1;1;300;1;0.00318181818181818;0.885714285714286;1;4616;8;8.75;7.36545993132812;15;NA;1;0.0204051909090909
91;Y ~ X1 + X2 + X3 + X1:X2;0.2;1;1;300;1;0.000545454545454545;0.666666666666667;1;626;4;3;2.82842712474619;3;NA;1;0.0878554363636364
92;Y ~ X1 + X2 + X3 + X1:X2;0.2;1;1;300;1;0.000818181818181818;0.777777777777778;1;263;4;4.5;3.53553390593274;2;NA;1;0.0673166181818182
93;Y ~ X1 + X2 + X3 + X1:X2;0.2;1;1;300;1;0;NA;1;NA;NA;NA;NA;0;NA;1;0.0767428818181818
94;Y ~ X1 + X2 + X3 + X1:X2;0.2;1;1;300;1;0.000545454545454545;0.666666666666667;1;2682;4;3;2.82842712474619;14;NA;1;0.165864481818182
95;Y ~ X1 + X2 + X3 + X1:X2;0.2;1;1;300;1;0.000454545454545455;0.8;1;196;2;5;NA;1;NA;1;-0.223468454545455
96;Y ~ X1 + X2 + X3 + X1:X2;0.2;1;1;300;1;0.00190909090909091;0.954545454545455;1;NA;1;21;NA;0;NA;1;-0.0694893727272727
97;Y ~ X1 + X2 + X3 + X1:X2;0.2;1;1;300;1;0.003;0.909090909090909;1;4486;6;11;7.54983443527075;7;NA;1;-0.105330281818182
98;Y ~ X1 + X2 + X3 + X1:X2;0.2;1;1;300;1;0.00609090909090909;0.940298507462687;0.977777777777778;921;8;16.75;11.5289490703475;5;NA;0.977777777777778;0.0434636363636364
99;Y ~ X1 + X2 + X3 + X1:X2;0.2;1;1;300;1;0.00418181818181818;0.869565217391304;1;3667;12;7.66666666666667;7.63326055278258;13;NA;1;0.170268127272727
100;Y ~ X1 + X2 + X3 + X1:X2;0.2;1;1;300;1;0.00209090909090909;0.869565217391304;1;1945;6;7.66666666666667;9.07377172587747;6;NA;1;-0.0199330090909091
1;Y ~ X1 + X2 + X3 + X1:X2;0.2;1;1;1;300;0.552545454545455;0.951957880881869;0.921052631578947;15;584;20.8150684931507;19.2855209561991;5;0.882352941176471;0.952380952380952;0.181835590909091
2;Y ~ X1 + X2 + X3 + X1:X2;0.2;1;1;1;300;0.545818181818182;0.952190571380976;0.931818181818182;5;575;20.8472222222222;19.3559431651127;2;0.931034482758621;0.933333333333333;-0.158171845454545
3;Y ~ X1 + X2 + X3 + X1:X2;0.2;1;1;1;300;0.557181818181818;0.9572454308094;0.847826086956522;18;525;23.3041825095057;21.565775950879;3;0.875;0.818181818181818;0.0975017272727273
4;Y ~ X1 + X2 + X3 + X1:X2;0.2;1;1;1;300;0.326545454545455;0.892817371937639;0.947368421052632;14;770;9.32987012987013;9.86247973349028;3;1;0.909090909090909;-0.0211665363636364
5;Y ~ X1 + X2 + X3 + X1:X2;0.2;1;1;1;300;0.52;0.949475524475525;0.931818181818182;24;578;19.7923875432526;18.004392138968;5;0.961538461538462;0.888888888888889;-0.0978436454545454
6;Y ~ X1 + X2 + X3 + X1:X2;0.2;1;1;1;300;0.541363636363636;0.954652334564998;0.902439024390244;75;541;21.9741697416974;20.6391231499962;9;1;0.789473684210526;0.103440981818182
7;Y ~ X1 + X2 + X3 + X1:X2;0.2;1;1;1;300;0.549545454545455;0.954177005789909;0.903225806451613;36;554;21.8231046931408;21.0598123477646;3;1;0.8;0.126599781818182
8;Y ~ X1 + X2 + X3 + X1:X2;0.2;1;1;1;300;0.563818181818182;0.953717142396388;0.953488372093023;6;575;21.5347222222222;19.8095156082468;1;0.956521739130435;0.95;-0.0358443272727273
9;Y ~ X1 + X2 + X3 + X1:X2;0.2;1;1;1;300;0.545545454545455;0.952007998666889;0.903225806451613;49;576;20.7647058823529;20.8476617393894;4;0.933333333333333;0.875;-0.0287349363636364
10;Y ~ X1 + X2 + X3 + X1:X2;0.2;1;1;1;300;0.594363636363636;0.96114425577482;1;24;509;25.6392156862745;29.235993876814;6;1;1;0.0465909181818182
11;Y ~ X1 + X2 + X3 + X1:X2;0.2;1;1;1;300;0.570181818181818;0.953914846117047;0.833333333333333;1;579;21.6275862068966;19.0961670559714;1;0.941176470588235;0.736842105263158;-0.0243936272727273
12;Y ~ X1 + X2 + X3 + X1:X2;0.2;1;1;1;300;0.617363636363636;0.956265645707554;0.888888888888889;19;594;22.8653198653199;20.2675193480194;3;0.954545454545455;0.785714285714286;0.195564627272727
13;Y ~ X1 + X2 + X3 + X1:X2;0.2;1;1;1;300;0.574909090909091;0.953661236754705;0.875;7;587;21.5102040816327;22.3984602551428;2;0.956521739130435;0.764705882352941;-0.0685686363636364
14;Y ~ X1 + X2 + X3 + X1:X2;0.2;1;1;1;300;0.543090909090909;0.950945923321614;0.9375;50;587;20.3197278911565;21.0122624346344;5;0.888888888888889;1;0.0701128090909091
15;Y ~ X1 + X2 + X3 + X1:X2;0.2;1;1;1;300;0.559909090909091;0.953231568691133;0.875;10;577;21.3114186851211;22.1984399725849;2;1;0.789473684210526;0.144088972727273
16;Y ~ X1 + X2 + X3 + X1:X2;0.2;1;1;1;300;0.574545454545455;0.957436708860759;0.930232558139535;20;538;23.4944237918216;23.1167737797451;7;0.961538461538462;0.882352941176471;-0.141342281818182
17;Y ~ X1 + X2 + X3 + X1:X2;0.2;1;1;1;300;0.555909090909091;0.954708960104644;0.95;46;553;22.0758122743682;21.460902092673;2;1;0.882352941176471;0.0256701181818182
18;Y ~ X1 + X2 + X3 + X1:X2;0.2;1;1;1;300;0.589727272727273;0.954832742407893;0.891891891891892;7;586;22.1399317406143;19.9692625787867;2;0.88;0.916666666666667;-0.0267490636363636
19;Y ~ X1 + X2 + X3 + X1:X2;0.2;1;1;1;300;0.574818181818182;0.957773208919817;0.918918918918919;14;534;23.6816479400749;21.729016329727;2;0.916666666666667;0.923076923076923;0.0600816636363636
20;Y ~ X1 + X2 + X3 + X1:X2;0.2;1;1;1;300;0.584454545454545;0.959247161300358;0.90625;78;524;24.4448669201521;26.5606716215166;5;1;0.727272727272727;0.0652288545454545
21;Y ~ X1 + X2 + X3 + X1:X2;0.2;1;1;1;300;0.571636363636364;0.954993638676845;0.933333333333333;33;566;22.2190812720848;23.9901292468508;5;0.96;0.9;0.0553001545454545
22;Y ~ X1 + X2 + X3 + X1:X2;0.2;1;1;1;300;0.595363636363636;0.953573610262676;0.909090909090909;32;609;21.472131147541;20.9109966281558;3;1;0.777777777777778;-0.0451548909090909
23;Y ~ X1 + X2 + X3 + X1:X2;0.2;1;1;1;300;0.543363636363636;0.953990296135185;0.82051282051282;36;550;21.7345454545455;22.0007980792687;7;0.842105263157895;0.8;-0.0651924909090909
24;Y ~ X1 + X2 + X3 + X1:X2;0.2;1;1;1;300;0.533;0.94524987207914;0.966666666666667;9;642;18.2647975077882;19.8897344919934;3;0.952380952380952;1;-0.0356473545454545
25;Y ~ X1 + X2 + X3 + X1:X2;0.2;1;1;1;300;0.557636363636364;0.954360228198859;0.956521739130435;42;559;21.9071428571429;21.5036535792294;4;0.9375;1;0.0918399545454545
26;Y ~ X1 + X2 + X3 + X1:X2;0.2;1;1;1;300;0.561636363636364;0.950955001618647;0.95;12;606;20.3894389438944;17.6974243462748;3;1;0.909090909090909;0.0266380363636364
27;Y ~ X1 + X2 + X3 + X1:X2;0.2;1;1;1;300;0.542;0.95202147290723;1;4;573;20.7735191637631;19.01363871416;1;1;1;0.121957809090909
28;Y ~ X1 + X2 + X3 + X1:X2;0.2;1;1;1;300;0.614545454545455;0.955614735907679;0.974358974358974;16;601;22.4584717607973;22.9148227789358;5;1;0.9375;-0.160354636363636
29;Y ~ X1 + X2 + X3 + X1:X2;0.2;1;1;1;300;0.533;0.950025584171926;0.837209302325581;5;586;20.0102389078498;20.2558100309817;3;0.952380952380952;0.727272727272727;0.0788942818181818
30;Y ~ X1 + X2 + X3 + X1:X2;0.2;1;1;1;300;0.577;0.95289112966756;0.92;86;598;21.2274247491639;20.0575125356471;8;0.882352941176471;1;0.0705827090909091
31;Y ~ X1 + X2 + X3 + X1:X2;0.2;1;1;1;300;0.582;0.953771669529908;0.846153846153846;33;591;21.6283783783784;19.7776728782755;5;0.909090909090909;0.764705882352941;0.0806748090909091
32;Y ~ X1 + X2 + X3 + X1:X2;0.2;1;1;1;300;0.575818181818182;0.951681667456182;0.897435897435897;1;613;20.6319218241042;18.6543558114175;1;0.964285714285714;0.727272727272727;0.1454029
33;Y ~ X1 + X2 + X3 + X1:X2;0.2;1;1;1;300;0.590272727272727;0.959180529882933;0.95;16;531;24.4097744360902;25.0077976206567;3;1;0.866666666666667;-0.0593795727272727
34;Y ~ X1 + X2 + X3 + X1:X2;0.2;1;1;1;300;0.563818181818182;0.953717142396388;0.953488372093023;6;575;21.5347222222222;19.8095156082468;1;0.956521739130435;0.95;-0.0358443272727273
35;Y ~ X1 + X2 + X3 + X1:X2;0.2;1;1;1;300;0.563;0.951881156144034;1;16;596;20.7818791946309;19.1095391191317;5;1;1;-0.0571071454545454
36;Y ~ X1 + X2 + X3 + X1:X2;0.2;1;1;1;300;0.386454545454545;0.918588235294118;0.837209302325581;47;693;12.2507204610951;11.6402216920525;7;0.941176470588235;0.769230769230769;-0.148651209090909
37;Y ~ X1 + X2 + X3 + X1:X2;0.2;1;1;1;300;0.514090909090909;0.948885744605589;0.902439024390244;39;579;19.5;18.6690814470376;4;0.91304347826087;0.888888888888889;0.0576037090909091
38;Y ~ X1 + X2 + X3 + X1:X2;0.2;1;1;1;300;0.534909090909091;0.95343303874915;0.928571428571429;8;548;21.4744525547445;20.8906380672471;1;1;0.875;0.0432345818181818
39;Y ~ X1 + X2 + X3 + X1:X2;0.2;1;1;1;300;0.550272727272727;0.951586252478519;0.945945945945946;2;587;20.5884353741497;21.6499612340155;2;0.958333333333333;0.923076923076923;0.0872524363636363
40;Y ~ X1 + X2 + X3 + X1:X2;0.2;1;1;1;300;0.549727272727273;0.954688275177774;0.928571428571429;6;548;22.0693430656934;20.5492067778918;2;1;0.8125;-0.0541443727272727
41;Y ~ X1 + X2 + X3 + X1:X2;0.2;1;1;1;300;0.575636363636364;0.952937460518004;0.96969696969697;4;596;21.248322147651;22.0391161409203;2;1;0.933333333333333;0.0407811272727273
42;Y ~ X1 + X2 + X3 + X1:X2;0.2;1;1;1;300;0.568727272727273;0.957960358056266;0.92;19;526;23.787072243346;25.1732982888424;3;1;0.875;-0.0744045454545454
43;Y ~ X1 + X2 + X3 + X1:X2;0.2;1;1;1;300;0.535;0.951563562202583;0.903225806451613;4;571;20.5769230769231;19.7096296432674;2;0.933333333333333;0.875;0.125301427272727
44;Y ~ X1 + X2 + X3 + X1:X2;0.2;1;1;1;300;0.58;0.958300674086847;0.925925925925926;27;533;23.8951310861423;23.1692906416259;3;1;0.8;0.0429523636363636
45;Y ~ X1 + X2 + X3 + X1:X2;0.2;1;1;1;300;0.536272727272727;0.952025767079166;0.935483870967742;15;566;20.8445229681979;20.7201172511846;5;0.928571428571429;0.941176470588235;0.100332472727273
46;Y ~ X1 + X2 + X3 + X1:X2;0.2;1;1;1;300;0.565636363636364;0.954669667256068;0.891304347826087;2;565;21.9858657243816;19.9253877279607;2;0.961538461538462;0.8;-0.00930430909090905
47;Y ~ X1 + X2 + X3 + X1:X2;0.2;1;1;1;300;0.579181818181818;0.956043956043956;0.882352941176471;8;561;22.6725978647687;22.076804165358;2;0.863636363636364;0.916666666666667;-0.1197919
48;Y ~ X1 + X2 + X3 + X1:X2;0.2;1;1;1;300;0.564636363636364;0.95378421900161;0.952380952380952;3;575;21.5659722222222;21.0265094440309;1;1;0.904761904761905;-0.0841791181818182
49;Y ~ X1 + X2 + X3 + X1:X2;0.2;1;1;1;300;0.555545454545455;0.95253682487725;0.914893617021277;20;581;21;21.658796094794;3;0.9;0.941176470588235;0.0151940454545455
50;Y ~ X1 + X2 + X3 + X1:X2;0.2;1;1;1;300;0.162090909090909;0.822209758833427;0.866666666666667;91;634;5.62460567823344;4.6191429131654;21;1;0.86046511627907;-0.159840036363636
51;Y ~ X1 + X2 + X3 + X1:X2;0.2;1;1;1;300;0.549545454545455;0.952349437458637;0.939393939393939;15;577;20.916955017301;19.702475073686;3;1;0.875;-0.150643063636364
52;Y ~ X1 + X2 + X3 + X1:X2;0.2;1;1;1;300;0.581363636363636;0.957460118861433;0.88;1;545;23.4249084249084;21.5678401846489;1;1;0.769230769230769;-0.137478881818182
53;Y ~ X1 + X2 + X3 + X1:X2;0.2;1;1;1;300;0.573272727272727;0.955597843323819;0.962962962962963;15;560;22.5214285714286;20.4481923755762;2;0.941176470588235;1;0.0377615363636363
54;Y ~ X1 + X2 + X3 + X1:X2;0.2;1;1;1;300;0.333272727272727;0.894708128750682;0.838709677419355;105;772;9.49740932642487;8.91059451269549;13;0.909090909090909;0.8;0.0707110272727273
55;Y ~ X1 + X2 + X3 + X1:X2;0.2;1;1;1;300;0.561363636363636;0.952218982831228;0.804878048780488;18;591;20.8614864864865;20.8969481954797;2;0.85;0.761904761904762;0.114192390909091
56;Y ~ X1 + X2 + X3 + X1:X2;0.2;1;1;1;300;0.626727272727273;0.957783258378065;0.878048780487805;18;583;23.6095890410959;24.1632117319926;4;0.925925925925926;0.785714285714286;0.0360427909090909
57;Y ~ X1 + X2 + X3 + X1:X2;0.2;1;1;1;300;0.552;0.950592885375494;1;21;600;20.24;22.8204215297612;5;1;1;0.127261663636364
58;Y ~ X1 + X2 + X3 + X1:X2;0.2;1;1;1;300;0.562727272727273;0.955419156840575;0.935483870967742;73;551;22.4275362318841;23.8337843273434;2;1;0.846153846153846;-0.0235931818181818
59;Y ~ X1 + X2 + X3 + X1:X2;0.2;1;1;1;300;0.542818181818182;0.950092111874058;0.944444444444444;2;596;20.0369127516779;19.7615920002143;2;1;0.882352941176471;0.0599696181818182
60;Y ~ X1 + X2 + X3 + X1:X2;0.2;1;1;1;300;0.564818181818182;0.957669402864961;0.978723404255319;42;526;23.6235741444867;23.6739730377154;3;1;0.947368421052632;0.0489830363636364
61;Y ~ X1 + X2 + X3 + X1:X2;0.2;1;1;1;300;0.541090909090909;0.955477150537634;0.933333333333333;1;530;22.4603773584906;22.4546541340833;1;1;0.866666666666667;0.0508489727272727
62;Y ~ X1 + X2 + X3 + X1:X2;0.2;1;1;1;300;0.565727272727273;0.953720070705448;0.95;5;576;21.6076388888889;21.1245405446145;1;1;0.894736842105263;0.1660097
63;Y ~ X1 + X2 + X3 + X1:X2;0.2;1;1;1;300;0.521636363636364;0.948405089768172;0.948717948717949;54;593;19.3198653198653;17.2926531809278;6;0.9;1;0.150472263636364
64;Y ~ X1 + X2 + X3 + X1:X2;0.2;1;1;1;300;0.582272727272727;0.956284153005464;0.94;2;560;22.875;23.8578995881837;1;0.96875;0.888888888888889;-0.0597324636363636
65;Y ~ X1 + X2 + X3 + X1:X2;0.2;1;1;1;300;0.567363636363636;0.951137455943608;0.837837837837838;41;609;20.4622950819672;18.0873080313388;3;1;0.666666666666667;0.0660339181818182
66;Y ~ X1 + X2 + X3 + X1:X2;0.2;1;1;1;300;0.588363636363636;0.956420955030134;0.91304347826087;6;565;22.86925795053;23.0174280673902;3;0.904761904761905;0.92;-0.0366732272727273
67;Y ~ X1 + X2 + X3 + X1:X2;0.2;1;1;1;300;0.52;0.949475524475525;0.931818181818182;24;578;19.7923875432526;18.004392138968;5;0.961538461538462;0.888888888888889;-0.0978436454545454
68;Y ~ X1 + X2 + X3 + X1:X2;0.2;1;1;1;300;0.568636363636364;0.952677857713829;0.8;23;592;21.1317567567568;21.2199028326092;4;0.933333333333333;0.666666666666667;-0.160539645454545
69;Y ~ X1 + X2 + X3 + X1:X2;0.2;1;1;1;300;0.546181818181818;0.950224737805893;0.914285714285714;16;599;20.0266666666667;17.7498209201637;1;0.9375;0.894736842105263;0.0258383636363636
70;Y ~ X1 + X2 + X3 + X1:X2;0.2;1;1;1;300;0.565454545454545;0.955459077022029;0.973684210526316;7;555;22.3741007194245;20.6431860879045;2;1;0.952380952380952;-0.0660797454545455
71;Y ~ X1 + X2 + X3 + X1:X2;0.2;1;1;1;300;0.563;0.951388888888889;0.885714285714286;3;603;20.5066225165563;19.270369277113;2;0.947368421052632;0.8125;0.0588874
72;Y ~ X1 + X2 + X3 + X1:X2;0.2;1;1;1;300;0.558636363636364;0.950203417412531;0.882352941176471;35;612;20.0162866449511;17.2890571918839;2;1;0.75;0.0706980181818182
73;Y ~ X1 + X2 + X3 + X1:X2;0.2;1;1;1;300;0.577272727272727;0.954488188976378;0.930232558139535;1;578;21.9723183391003;21.7362487297775;1;1;0.85;0.106681036363636
74;Y ~ X1 + X2 + X3 + X1:X2;0.2;1;1;1;300;0.565272727272727;0.956899324541653;0.918918918918919;91;536;23.2014925373134;22.3753408446397;15;1;0.85;-0.0244377727272727
75;Y ~ X1 + X2 + X3 + X1:X2;0.2;1;1;1;300;0.555272727272727;0.954485920104781;0.95;51;556;21.9712230215827;20.8400968858115;6;1;0.882352941176471;0.0315430545454545
76;Y ~ X1 + X2 + X3 + X1:X2;0.2;1;1;1;300;0.538363636363636;0.951536643026005;0.906976744186046;8;574;20.6341463414634;19.7712959776503;4;0.958333333333333;0.842105263157895;0.0595286727272728
77;Y ~ X1 + X2 + X3 + X1:X2;0.2;1;1;1;300;0.542272727272727;0.953059513830679;0.894736842105263;7;560;21.3035714285714;20.0537982913177;2;0.869565217391304;0.933333333333333;-0.116099790909091
78;Y ~ X1 + X2 + X3 + X1:X2;0.2;1;1;1;300;0.552090909090909;0.953557312252964;0.96551724137931;21;565;21.4593639575972;19.4697695008624;4;0.944444444444444;1;-0.0776895
79;Y ~ X1 + X2 + X3 + X1:X2;0.2;1;1;1;300;0.593;0.956768358117431;0.956521739130435;16;564;23.0494699646643;21.8707767895345;3;0.96969696969697;0.923076923076923;0.0129255090909091
80;Y ~ X1 + X2 + X3 + X1:X2;0.2;1;1;1;300;0.579272727272727;0.956371625863151;0.948717948717949;23;556;22.9208633093525;23.9408310186953;2;0.958333333333333;0.933333333333333;-0.125748154545455
81;Y ~ X1 + X2 + X3 + X1:X2;0.2;1;1;1;300;0.534818181818182;0.952405235424103;0.966666666666667;23;560;21.0107142857143;20.724249285524;4;0.941176470588235;1;0.0422291727272727
82;Y ~ X1 + X2 + X3 + X1:X2;0.2;1;1;1;300;0.528818181818182;0.950137551581843;0.875;4;581;19.9896907216495;18.8010426226079;2;0.954545454545455;0.777777777777778;0.113652563636364
83;Y ~ X1 + X2 + X3 + X1:X2;0.2;1;1;1;300;0.594818181818182;0.958422500764292;0.861111111111111;4;545;23.967032967033;22.6960983379807;3;0.956521739130435;0.692307692307692;0.0540571090909091
84;Y ~ X1 + X2 + X3 + X1:X2;0.2;1;1;1;300;0.597272727272727;0.957223321662353;0.92;3;563;23.2978723404255;21.1149184685573;2;0.941176470588235;0.875;-0.108337654545455
85;Y ~ X1 + X2 + X3 + X1:X2;0.2;1;1;1;300;0.546181818181818;0.947561178624938;0.951219512195122;9;631;19.0126582278481;18.9565877787375;1;1;0.818181818181818;-0.191015372727273
86;Y ~ X1 + X2 + X3 + X1:X2;0.2;1;1;1;300;0.549727272727273;0.952538448817596;1;1;574;21.0696864111498;21.3402838368421;1;1;1;-0.0069087
87;Y ~ X1 + X2 + X3 + X1:X2;0.2;1;1;1;300;0.581545454545455;0.953884633421917;0.925;1;590;21.6847457627119;19.863452351137;1;0.952380952380952;0.894736842105263;-0.0863298818181818
88;Y ~ X1 + X2 + X3 + X1:X2;0.2;1;1;1;300;0.555545454545455;0.953682487725041;0.918918918918919;24;567;21.5176056338028;22.3827065984161;3;0.944444444444444;0.894736842105263;0.0180790636363636
89;Y ~ X1 + X2 + X3 + X1:X2;0.2;1;1;1;300;0.571818181818182;0.951828298887122;0.871794871794872;18;606;20.7590759075908;20.3950562556965;2;0.96;0.714285714285714;0.0418518636363636
90;Y ~ X1 + X2 + X3 + X1:X2;0.2;1;1;1;300;0.536454545454545;0.950177935943061;0.916666666666667;17;588;20.0714285714286;19.6057994484706;5;0.952380952380952;0.866666666666667;0.0105759818181818
91;Y ~ X1 + X2 + X3 + X1:X2;0.2;1;1;1;300;0.582090909090909;0.954076850984067;0.96551724137931;16;589;21.7050847457627;21.2256537100265;4;1;0.916666666666667;0.0860869363636364
92;Y ~ X1 + X2 + X3 + X1:X2;0.2;1;1;1;300;0.567818181818182;0.95581171950048;1;40;552;22.6304347826087;22.6293698420137;5;1;1;0.0689028545454546
93;Y ~ X1 + X2 + X3 + X1:X2;0.2;1;1;1;300;0.548727272727273;0.948144466534129;0.875;13;626;19.2843450479233;19.3743232545776;4;0.947368421052632;0.80952380952381;0.0776262181818182
94;Y ~ X1 + X2 + X3 + X1:X2;0.2;1;1;1;300;0.559727272727273;0.954685723566672;0.947368421052632;7;558;22.0681003584229;20.8364396229911;4;0.95;0.944444444444444;0.166129009090909
95;Y ~ X1 + X2 + X3 + X1:X2;0.2;1;1;1;300;0.586272727272727;0.958133043882773;0.897435897435897;58;540;23.8851851851852;23.9205190060643;7;0.958333333333333;0.8;-0.225071290909091
96;Y ~ X1 + X2 + X3 + X1:X2;0.2;1;1;1;300;0.557090909090909;0.954634464751958;0.838709677419355;54;556;21.9641577060932;22.7856481379961;4;0.823529411764706;0.857142857142857;-0.0695858454545455
97;Y ~ X1 + X2 + X3 + X1:X2;0.2;1;1;1;300;0.558545454545455;0.951163926420316;0.96;13;601;20.4119601328904;21.5421228405746;3;1;0.875;-0.106033563636364
98;Y ~ X1 + X2 + X3 + X1:X2;0.2;1;1;1;300;0.545818181818182;0.952690321505914;0.888888888888889;2;569;21.0666666666667;18.0339794040456;2;0.966666666666667;0.733333333333333;0.0427576363636364
99;Y ~ X1 + X2 + X3 + X1:X2;0.2;1;1;1;300;0.550454545454545;0.952428146679881;0.970588235294118;2;577;20.9515570934256;20.0628631673004;2;1;0.9375;0.171384027272727
100;Y ~ X1 + X2 + X3 + X1:X2;0.2;1;1;1;300;0.596454545454545;0.957933241883859;0.911764705882353;16;552;23.7717391304348;22.4804253894738;2;0.944444444444444;0.875;-0.0189133272727273
1;Y ~ X1 + X2 + X3 + X1:X2;0.5;1;1;1;1;0.224909090909091;0.9357316087308;0.900683699172364;158;318;15.559748427673;14.3873147339163;17;0.95016077170418;0.886416318961521;0.177648509090909
2;Y ~ X1 + X2 + X3 + X1:X2;0.5;1;1;1;1;0.237636363636364;0.928844682478959;0.881265552790615;118;372;14.0537634408602;12.7943108906013;16;0.937409024745269;0.863123236124177;-0.166170481818182
3;Y ~ X1 + X2 + X3 + X1:X2;0.5;1;1;1;1;0.240545454545455;0.931947069943289;0.901896425966448;22;361;14.6187845303867;15.6589867936375;1;0.928677563150074;0.89318511358144;0.111195318181818
4;Y ~ X1 + X2 + X3 + X1:X2;0.5;1;1;1;1;0.153636363636364;0.894674556213018;0.858931860036832;112;356;9.49438202247191;9.10655515500167;12;0.887290167865707;0.85378590078329;-0.0852837727272727
5;Y ~ X1 + X2 + X3 + X1:X2;0.5;1;1;1;1;0.317454545454545;0.9123460326554;0.858922682301209;8;613;11.3745928338762;11.1337562770586;2;0.908665105386417;0.836266666666667;-0.0893912181818182
6;Y ~ X1 + X2 + X3 + X1:X2;0.5;1;1;1;1;0.244545454545455;0.927509293680297;0.855846042120552;103;390;13.7948717948718;12.4183508358992;18;0.929721815519766;0.83148237566393;0.0961897636363636
7;Y ~ X1 + X2 + X3 + X1:X2;0.5;1;1;1;1;0.268818181818182;0.920527561717957;0.879566003616637;28;470;12.5829787234043;13.1787727394606;4;0.926315789473684;0.861845386533666;0.124979745454545
8;Y ~ X1 + X2 + X3 + X1:X2;0.5;1;1;1;1;0.313727272727273;0.919130434782609;0.87490882567469;3;559;12.325;11.3088643190366;1;0.918108419838524;0.854933333333333;-0.0319422454545455
9;Y ~ X1 + X2 + X3 + X1:X2;0.5;1;1;1;1;0.239727272727273;0.917709518392112;0.873730043541364;85;434;12.0963302752294;11.139041041265;11;0.918138041733547;0.860759493670886;-0.0399188545454546
10;Y ~ X1 + X2 + X3 + X1:X2;0.5;1;1;1;1;0.240272727272727;0.923164269492808;0.860550458715596;190;407;12.9558823529412;11.0441574374568;17;0.919452887537994;0.841799709724238;0.104257127272727
11;Y ~ X1 + X2 + X3 + X1:X2;0.5;1;1;1;1;0.336181818181818;0.92617631151974;0.881949733434882;2;546;13.5457875457875;13.1134301464071;1;0.931843575418994;0.856152512998267;-0.0413415363636364
12;Y ~ X1 + X2 + X3 + X1:X2;0.5;1;1;1;1;0.228272727272727;0.93110314615691;0.908133623819898;107;346;14.514450867052;12.7933517147721;11;0.941841680129241;0.898360655737705;0.156689390909091
13;Y ~ X1 + X2 + X3 + X1:X2;0.5;1;1;1;1;0.230818181818182;0.934200157604413;0.905964141968533;7;335;15.1130952380952;14.2947691933195;1;0.933224755700326;0.89806512505899;-0.0696813
14;Y ~ X1 + X2 + X3 + X1:X2;0.5;1;1;1;1;0.218363636363636;0.930890924229808;0.906855439642325;9;332;14.4698795180723;15.0762404681029;2;0.931095406360424;0.900377714825307;0.0988902818181818
15;Y ~ X1 + X2 + X3 + X1:X2;0.5;1;1;1;1;0.245454545454545;0.916666666666667;0.859530583214794;5;450;12;11.3491661115948;1;0.914718019257221;0.840287769784173;0.144186836363636
16;Y ~ X1 + X2 + X3 + X1:X2;0.5;1;1;1;1;0.185181818181818;0.905252822778596;0.849021779254337;86;386;10.5544041450777;11.1751395303735;10;0.915831663326653;0.83393665158371;-0.117238018181818
17;Y ~ X1 + X2 + X3 + X1:X2;0.5;1;1;1;1;0.262181818181818;0.931369150779896;0.89736279401283;26;395;14.5656565656566;14.073888856186;2;0.926372155287818;0.886838271005342;0.0433955090909091
18;Y ~ X1 + X2 + X3 + X1:X2;0.5;1;1;1;1;0.207;0.927504393673111;0.899715504978663;26;331;13.7168674698795;13.3919226607693;1;0.934453781512605;0.890392422192152;-0.0292192818181818
19;Y ~ X1 + X2 + X3 + X1:X2;0.5;1;1;1;1;0.235;0.922987616099071;0.900616612259703;38;399;12.925;13.5331112646912;4;0.929022082018927;0.892133772962789;0.0658043454545455
20;Y ~ X1 + X2 + X3 + X1:X2;0.5;1;1;1;1;0.227454545454545;0.916899720335597;0.850857568978374;49;415;12.0288461538462;11.8472212692388;3;0.908945686900958;0.833171206225681;0.0958267090909091
21;Y ~ X1 + X2 + X3 + X1:X2;0.5;1;1;1;1;0.309545454545455;0.919506462984724;0.87673231218089;10;549;12.3818181818182;12.7627007145379;3;0.926365795724466;0.854736842105263;0.0567015636363636
22;Y ~ X1 + X2 + X3 + X1:X2;0.5;1;1;1;1;0.277818181818182;0.867103109656301;0.856384860275911;10;813;7.50859950859951;7.40352064794391;1;0.848792884371029;0.859313725490196;-0.0773716090909091
23;Y ~ X1 + X2 + X3 + X1:X2;0.5;1;1;1;1;0.204818181818182;0.913892587660897;0.862737920937042;2;388;11.6134020618557;11.1508742087736;1;0.916967509025271;0.848943985307622;-0.0898785181818182
24;Y ~ X1 + X2 + X3 + X1:X2;0.5;1;1;1;1;0.221454545454545;0.841067761806982;0.873045420699926;5;775;6.27835051546392;6.19742760345591;3;0.802139037433155;0.891764705882353;-0.0573360818181818
25;Y ~ X1 + X2 + X3 + X1:X2;0.5;1;1;1;1;0.230909090909091;0.927981109799292;0.867652635570724;81;365;13.879781420765;12.7092064906622;12;0.929883138564274;0.849362119725221;0.0958749272727273
26;Y ~ X1 + X2 + X3 + X1:X2;0.5;1;1;1;1;0.207272727272727;0.91140350877193;0.851998559596687;36;404;11.2871287128713;12.1903123053822;6;0.88986013986014;0.842176870748299;0.0606005454545454
27;Y ~ X1 + X2 + X3 + X1:X2;0.5;1;1;1;1;0.328272727272727;0.914127423822715;0.872076023391813;3;621;11.6109324758842;11.0983757645682;3;0.921373200442968;0.847790507364975;0.122810472727273
28;Y ~ X1 + X2 + X3 + X1:X2;0.5;1;1;1;1;0.326;0.899051868377022;0.831272727272727;45;724;9.9060773480663;9.97681614897533;6;0.892699115044248;0.801191765980498;-0.189644627272727
29;Y ~ X1 + X2 + X3 + X1:X2;0.5;1;1;1;1;0.359090909090909;0.888101265822785;0.855162349507479;14;884;8.93665158371041;9.65977073341262;2;0.87843137254902;0.84137129575828;0.0963039454545454
30;Y ~ X1 + X2 + X3 + X1:X2;0.5;1;1;1;1;0.222727272727273;0.928163265306122;0.912091855041263;58;352;13.9204545454545;13.8107383403819;2;0.930769230769231;0.906410856340664;0.0820908454545455
31;Y ~ X1 + X2 + X3 + X1:X2;0.5;1;1;1;1;0.202272727272727;0.920485175202156;0.882693700217234;156;353;12.5706214689266;11.7607221948059;14;0.925476603119584;0.871395881006865;0.106463254545455
32;Y ~ X1 + X2 + X3 + X1:X2;0.5;1;1;1;1;0.332636363636364;0.906232914160744;0.872512896094326;16;687;10.6366279069767;10.0867344238045;3;0.910913140311804;0.85352422907489;0.116998590909091
33;Y ~ X1 + X2 + X3 + X1:X2;0.5;1;1;1;1;0.227727272727273;0.929712460063898;0.89942321557318;18;353;14.1525423728814;13.132818311203;5;0.929276315789474;0.891043397968606;-0.0679684363636364
34;Y ~ X1 + X2 + X3 + X1:X2;0.5;1;1;1;1;0.313727272727273;0.919130434782609;0.87490882567469;3;559;12.325;11.3088643190366;1;0.918108419838524;0.854933333333333;-0.0319422454545455
35;Y ~ X1 + X2 + X3 + X1:X2;0.5;1;1;1;1;0.323454545454545;0.892355255761664;0.835306781485468;27;766;9.28981723237598;9.11629779946897;8;0.885906040268456;0.811410459587956;-0.101051790909091
36;Y ~ X1 + X2 + X3 + X1:X2;0.5;1;1;1;1;0.192909090909091;0.854382657869934;0.891143911439114;24;618;6.86731391585761;7.31959651116111;6;0.827655310621243;0.90547263681592;-0.150969354545455
37;Y ~ X1 + X2 + X3 + X1:X2;0.5;1;1;1;1;0.332818181818182;0.882545752526632;0.849750178443969;9;860;8.51395348837209;9.08229870873346;2;0.874220374220374;0.83695652173913;0.0894852272727273
38;Y ~ X1 + X2 + X3 + X1:X2;0.5;1;1;1;1;0.240545454545455;0.924792139077853;0.882416396979504;82;398;13.2964824120603;12.2378588643719;9;0.924963924963925;0.868295019157088;0.0996755363636364
39;Y ~ X1 + X2 + X3 + X1:X2;0.5;1;1;1;1;0.283818181818182;0.88404868673927;0.789376613795647;29;724;8.62430939226519;7.87311179972293;3;0.874833555259654;0.756632653061225;0.0994694545454545
40;Y ~ X1 + X2 + X3 + X1:X2;0.5;1;1;1;1;0.281;0.926237463604012;0.882419233658903;17;456;13.5570175438596;13.5217655788634;3;0.927710843373494;0.864751958224543;-0.126924290909091
41;Y ~ X1 + X2 + X3 + X1:X2;0.5;1;1;1;1;0.220545454545455;0.925773195876289;0.902054292002935;1;361;13.4033149171271;12.1366199786362;1;0.925445705024311;0.895211000474158;0.0662824
42;Y ~ X1 + X2 + X3 + X1:X2;0.5;1;1;1;1;0.159363636363636;0.868225898459783;0.783345349675559;51;462;7.58874458874459;7.50302279256739;14;0.845208845208845;0.772708069286016;-0.0786512090909091
43;Y ~ X1 + X2 + X3 + X1:X2;0.5;1;1;1;1;0.156909090909091;0.883545770567787;0.839807621161672;31;402;8.58706467661692;8.01583631574373;9;0.857798165137615;0.836347595941773;0.133843681818182
44;Y ~ X1 + X2 + X3 + X1:X2;0.5;1;1;1;1;0.321090909090909;0.933748584371461;0.890371438874865;21;468;15.0940170940171;14.2265440752801;4;0.947250280583614;0.863443145589798;0.0805473
45;Y ~ X1 + X2 + X3 + X1:X2;0.5;1;1;1;1;0.209636363636364;0.924544666088465;0.910425844346549;1;348;13.2528735632184;13.1757514101062;1;0.939393939393939;0.902347417840376;0.110047190909091
46;Y ~ X1 + X2 + X3 + X1:X2;0.5;1;1;1;1;0.244363636363636;0.918154761904762;0.833993518185092;105;440;12.2181818181818;11.418867522303;14;0.917391304347826;0.806420699568759;-0.0995128454545454
47;Y ~ X1 + X2 + X3 + X1:X2;0.5;1;1;1;1;0.173636363636364;0.790052356020942;0.743045387994143;13;802;4.76309226932668;3.97947665076265;5;0.766208251473477;0.737741790373369;-0.176364954545455
48;Y ~ X1 + X2 + X3 + X1:X2;0.5;1;1;1;1;0.206727272727273;0.932248130224373;0.896321070234114;174;309;14.6709677419355;12.8321378594686;11;0.937722419928826;0.885392202912165;-0.106758709090909
49;Y ~ X1 + X2 + X3 + X1:X2;0.5;1;1;1;1;0.295545454545455;0.889880036911719;0.847881202462876;1;716;9.08100558659218;8.27243589425863;1;0.880098887515451;0.83452868852459;0.0176340545454545
50;Y ~ X1 + X2 + X3 + X1:X2;0.5;1;1;1;1;0.119;0.805958747135218;0.799565846599132;136;508;5.15354330708661;5.10483449500934;28;0.80421686746988;0.798930921052632;-0.135572136363636
51;Y ~ X1 + X2 + X3 + X1:X2;0.5;1;1;1;1;0.226181818181818;0.923231511254019;0.906813996316759;50;382;13.0261780104712;11.6508118330074;6;0.931208053691275;0.899952807928268;-0.129358063636364
52;Y ~ X1 + X2 + X3 + X1:X2;0.5;1;1;1;1;0.338909090909091;0.921652803863697;0.866885485047411;73;585;12.7235494880546;12.2369034700806;15;0.927597061909759;0.83454443823365;-0.1168886
53;Y ~ X1 + X2 + X3 + X1:X2;0.5;1;1;1;1;0.226181818181818;0.929232006433454;0.880695652173913;100;353;14.0564971751412;14.3952791796652;11;0.930408472012103;0.865853658536585;0.103014281818182
54;Y ~ X1 + X2 + X3 + X1:X2;0.5;1;1;1;1;0.139818181818182;0.886215864759428;0.857406723309937;12;350;8.78857142857143;8.40333032738408;4;0.889502762430939;0.852452025586354;0.0900390727272727
55;Y ~ X1 + X2 + X3 + X1:X2;0.5;1;1;1;1;0.312090909090909;0.907342657342657;0.836511299435028;6;637;10.7617554858934;10.9291447841819;4;0.891111111111111;0.811076604554865;0.132480863636364
56;Y ~ X1 + X2 + X3 + X1:X2;0.5;1;1;1;1;0.206545454545455;0.928697183098592;0.902828136330674;2;324;14.0246913580247;13.1677899017997;2;0.926994906621392;0.896265560165975;0.0603811636363636
57;Y ~ X1 + X2 + X3 + X1:X2;0.5;1;1;1;1;0.268454545454545;0.92753132407721;0.881982981871994;34;428;13.7990654205607;14.4625726795799;8;0.930232558139535;0.864097363083164;0.122481418181818
58;Y ~ X1 + X2 + X3 + X1:X2;0.5;1;1;1;1;0.228909090909091;0.925764192139738;0.879443019421033;143;373;13.4652406417112;15.2686557956937;14;0.928571428571429;0.865950490425035;-0.0296659
59;Y ~ X1 + X2 + X3 + X1:X2;0.5;1;1;1;1;0.360363636363636;0.898309361594751;0.845792704947634;1;807;9.81188118811881;9.72445472905355;1;0.883554647599591;0.825139664804469;0.0997788727272727
60;Y ~ X1 + X2 + X3 + X1:X2;0.5;1;1;1;1;0.214272727272727;0.924904539669071;0.903782592728608;44;354;13.316384180791;11.7980840330778;9;0.930272108843537;0.896487119437939;0.0631028636363636
61;Y ~ X1 + X2 + X3 + X1:X2;0.5;1;1;1;1;0.215363636363636;0.925675675675676;0.886647101980924;122;353;13.3841807909605;12.1505414456177;14;0.926298157453936;0.875528417097229;0.0724170545454546
62;Y ~ X1 + X2 + X3 + X1:X2;0.5;1;1;1;1;0.338909090909091;0.881169527896996;0.843137254901961;13;886;8.41534988713318;8.87693330173013;5;0.867256637168142;0.831351351351351;0.1545824
63;Y ~ X1 + X2 + X3 + X1:X2;0.5;1;1;1;1;0.350636363636364;0.88929219600726;0.851634226955564;2;854;9.0327868852459;9.44710266631039;1;0.882921589688507;0.835379464285714;0.153193945454545
64;Y ~ X1 + X2 + X3 + X1:X2;0.5;1;1;1;1;0.202636363636364;0.905338716913414;0.855647780584627;3;422;10.563981042654;11.4171730000874;2;0.906854130052724;0.842415985467757;-0.0658557727272727
65;Y ~ X1 + X2 + X3 + X1:X2;0.5;1;1;1;1;0.357727272727273;0.917936991869919;0.860807242549981;39;645;12.1826625386997;12.4337028096894;3;0.915983606557377;0.82865671641791;0.0683146818181818
66;Y ~ X1 + X2 + X3 + X1:X2;0.5;1;1;1;1;0.297636363636364;0.92944410507025;0.894385964912281;88;462;14.1731601731602;13.680686734777;10;0.935217903415783;0.877061469265367;-0.0351838363636364
67;Y ~ X1 + X2 + X3 + X1:X2;0.5;1;1;1;1;0.317454545454545;0.9123460326554;0.858922682301209;8;613;11.3745928338762;11.1337562770586;2;0.908665105386417;0.836266666666667;-0.0893912181818182
68;Y ~ X1 + X2 + X3 + X1:X2;0.5;1;1;1;1;0.334454545454545;0.885294917097037;0.848035581912528;8;844;8.71800947867299;9.55039678174399;4;0.857142857142857;0.843454038997214;-0.176781763636364
69;Y ~ X1 + X2 + X3 + X1:X2;0.5;1;1;1;1;0.196363636363636;0.922222222222222;0.899963623135686;46;336;12.8571428571429;11.9094818131317;3;0.915384615384615;0.896366083445491;0.0581463454545455
70;Y ~ X1 + X2 + X3 + X1:X2;0.5;1;1;1;1;0.213272727272727;0.933475479744136;0.924023154848046;109;313;14.9426751592357;16.1766062644037;9;0.952212389380531;0.916780354706685;-0.0754627090909091
71;Y ~ X1 + X2 + X3 + X1:X2;0.5;1;1;1;1;0.236363636363636;0.934590227010389;0.9090573012939;40;341;15.2046783625731;15.6498141799361;8;0.952095808383233;0.894943544428081;0.0496693272727273
72;Y ~ X1 + X2 + X3 + X1:X2;0.5;1;1;1;1;0.221909090909091;0.849303849303849;0.884083658277207;16;735;6.63315217391304;7.52207931560057;3;0.852986217457887;0.893450184501845;0.149620472727273
73;Y ~ X1 + X2 + X3 + X1:X2;0.5;1;1;1;1;0.295818181818182;0.924708051628765;0.880276564774381;77;490;13.2816326530612;12.2684400098113;9;0.925427872860636;0.861139896373057;0.157484245454545
74;Y ~ X1 + X2 + X3 + X1:X2;0.5;1;1;1;1;0.234090909090909;0.935145631067961;0.911634756995582;59;334;15.4191616766467;18.2935663657286;3;0.950617283950617;0.899419729206963;-0.0255768727272727
75;Y ~ X1 + X2 + X3 + X1:X2;0.5;1;1;1;1;0.245636363636364;0.937453737971873;0.905797101449275;73;338;15.9881656804734;16.333936395213;7;0.932153392330384;0.897214217098943;0.0395653909090909
76;Y ~ X1 + X2 + X3 + X1:X2;0.5;1;1;1;1;0.328454545454545;0.90589537780238;0.860200207110804;19;680;10.6264705882353;9.96832176617211;5;0.906350914962325;0.838414634146341;0.115911209090909
77;Y ~ X1 + X2 + X3 + X1:X2;0.5;1;1;1;1;0.371545454545455;0.914628180039139;0.85828488372093;7;697;11.7442528735632;11.1593434709413;2;0.921471172962227;0.821878579610538;-0.112355863636364
78;Y ~ X1 + X2 + X3 + X1:X2;0.5;1;1;1;1;0.237363636363636;0.932592876292608;0.898026315789474;29;352;14.8352272727273;15.7781443035085;5;0.915178571428571;0.892441860465116;-0.0961144363636364
79;Y ~ X1 + X2 + X3 + X1:X2;0.5;1;1;1;1;0.269454545454545;0.92681281618887;0.883025830258303;55;433;13.6589861751152;13.6104475422645;5;0.917861799217731;0.869274318064848;0.0714192
80;Y ~ X1 + X2 + X3 + X1:X2;0.5;1;1;1;1;0.253181818181818;0.933572710951526;0.911007862759114;1;370;15.0540540540541;14.6375521124568;1;0.937333333333333;0.9013671875;-0.136186009090909
81;Y ~ X1 + X2 + X3 + X1:X2;0.5;1;1;1;1;0.226545454545455;0.935794542536116;0.895616641901932;17;320;15.575;15.5258153858735;5;0.939739413680782;0.882579403272377;0.0431217272727273
82;Y ~ X1 + X2 + X3 + X1:X2;0.5;1;1;1;1;0.310545454545455;0.918032786885246;0.876118868600072;11;560;12.2;11.6611046649607;3;0.92080378250591;0.856702619414484;0.136580527272727
83;Y ~ X1 + X2 + X3 + X1:X2;0.5;1;1;1;1;0.250090909090909;0.93202471828426;0.906295754026354;1;374;14.7112299465241;14.2983581313832;1;0.941926345609065;0.893879565646594;0.0624777636363636
84;Y ~ X1 + X2 + X3 + X1:X2;0.5;1;1;1;1;0.295727272727273;0.872118044881648;0.867600700525394;20;832;7.81971153846154;7.5998538929178;5;0.87396937573616;0.864905284147557;-0.117183190909091
85;Y ~ X1 + X2 + X3 + X1:X2;0.5;1;1;1;1;0.187;0.83373845405931;0.887685084868183;35;684;6.01461988304094;6.34051509526388;5;0.817097415506958;0.903353927625772;-0.145169663636364
86;Y ~ X1 + X2 + X3 + X1:X2;0.5;1;1;1;1;0.264636363636364;0.92680412371134;0.886553098948895;138;427;13.6028037383178;12.0689020154285;20;0.930758988015979;0.870019920318725;-0.00848027272727273
87;Y ~ X1 + X2 + X3 + X1:X2;0.5;1;1;1;1;0.218181818181818;0.923301375573156;0.873363990095508;92;369;12.972972972973;11.8818606874515;9;0.919327731092437;0.861111111111111;-0.0917289090909091
88;Y ~ X1 + X2 + X3 + X1:X2;0.5;1;1;1;1;0.276636363636364;0.935568704799474;0.902100391598434;4;393;15.4467005076142;16.1754869900083;1;0.936855670103093;0.888834235120512;0.0251444
89;Y ~ X1 + X2 + X3 + X1:X2;0.5;1;1;1;1;0.220181818181818;0.909578860445913;0.843920145190563;12;438;11.0593607305936;10.4368411313227;6;0.907766990291262;0.825456247075339;0.0389113454545454
90;Y ~ X1 + X2 + X3 + X1:X2;0.5;1;1;1;1;0.240090909090909;0.932979931843999;0.910539659543644;5;354;14.9209039548023;13.7293010845102;3;0.941441441441441;0.900715990453461;0.0870142818181818
91;Y ~ X1 + X2 + X3 + X1:X2;0.5;1;1;1;1;0.316181818181818;0.927257044278321;0.873112868439971;9;506;13.7470355731225;13.8852740135465;2;0.932183908045977;0.846234309623431;0.112914509090909
92;Y ~ X1 + X2 + X3 + X1:X2;0.5;1;1;1;1;0.333636363636364;0.920435967302452;0.87050623624358;80;584;12.5684931506849;11.429393308421;10;0.914606741573034;0.849128540305011;0.0746778090909091
93;Y ~ X1 + X2 + X3 + X1:X2;0.5;1;1;1;1;0.223454545454545;0.901139137510171;0.836181277860327;177;486;10.1152263374486;9.48177322018265;22;0.894736842105263;0.819097888675624;0.0799667363636364
94;Y ~ X1 + X2 + X3 + X1:X2;0.5;1;1;1;1;0.075;0.781818181818182;0.772775991425509;99;360;4.58333333333333;4.54016833296081;21;0.781115879828326;0.772018706157444;0.152097063636364
95;Y ~ X1 + X2 + X3 + X1:X2;0.5;1;1;1;1;0.265636363636364;0.921286789869952;0.879696394686907;87;460;12.704347826087;11.8803892670287;6;0.935988620199147;0.859213250517598;-0.183449445454545
96;Y ~ X1 + X2 + X3 + X1:X2;0.5;1;1;1;1;0.183;0.887288977159881;0.834808259587021;42;453;8.86784140969163;8.68628133167283;2;0.880412371134021;0.824876515491693;-0.0994919909090909
97;Y ~ X1 + X2 + X3 + X1:X2;0.5;1;1;1;1;0.280363636363636;0.930285343709468;0.889880952380952;168;430;14.3441860465116;14.5143387422267;21;0.93048128342246;0.874226804123711;-0.0978484181818182
98;Y ~ X1 + X2 + X3 + X1:X2;0.5;1;1;1;1;0.23;0.931225296442688;0.883737776168055;19;348;14.5402298850575;12.8182534206535;3;0.942903752039152;0.866852886405959;0.0926068
99;Y ~ X1 + X2 + X3 + X1:X2;0.5;1;1;1;1;0.280545454545455;0.922204213938412;0.883859649122807;4;481;12.804979253112;12.3311654668324;2;0.927518427518428;0.866404715127701;0.161826354545455
100;Y ~ X1 + X2 + X3 + X1:X2;0.5;1;1;1;1;0.230363636363636;0.937253354380426;0.916129032258065;24;318;15.937106918239;18.3098111399918;4;0.938176197836167;0.909472701819879;-0.0178713818181818
1;Y ~ X1 + X2 + X3 + X1:X2;0.5;300;1;1;1;0.295090909090909;0.914637904468413;0.859096750504865;1681;555;11.6762589928058;37.139645894188;224;0.914232442510876;0.83598228243877;0.182532227272727
2;Y ~ X1 + X2 + X3 + X1:X2;0.5;300;1;1;1;0.299090909090909;0.944984802431611;0.88980564723139;2620;362;18.1767955801105;56.1019083920521;148;0.945092024539877;0.866239539748954;-0.166819063636364
3;Y ~ X1 + X2 + X3 + X1:X2;0.5;300;1;1;1;0.147181818181818;0.927688504326329;0.908498531571219;9245;235;13.7203389830508;50.6197295398497;771;0.927057356608479;0.905294877313818;0.112729
4;Y ~ X1 + X2 + X3 + X1:X2;0.5;300;1;1;1;0.0280909090909091;0.433656957928803;0.850142240983757;1900;350;1.76571428571429;2.21202861815876;257;0.433224755700326;0.862228517469311;-0.0859104363636363
5;Y ~ X1 + X2 + X3 + X1:X2;0.5;300;1;1;1;0.320363636363636;0.908059023836549;0.878496102705181;2729;648;10.8765432098765;45.7568977265898;83;0.907868383404864;0.864642375168691;-0.0894138454545455
6;Y ~ X1 + X2 + X3 + X1:X2;0.5;300;1;1;1;0.265727272727273;0.944900752908966;0.849788952101303;6193;323;18.0432098765432;61.7701961104293;988;0.944674965421853;0.815513364976268;0.0943600727272727
7;Y ~ X1 + X2 + X3 + X1:X2;0.5;300;1;1;1;0.141727272727273;0.918537524053881;0.906089508437271;6484;254;12.2755905511811;26.1966546892993;522;0.917692806221646;0.904176904176904;0.125941118181818
8;Y ~ X1 + X2 + X3 + X1:X2;0.5;300;1;1;1;0.425545454545455;0.926297799615467;0.845044548544135;74;690;13.568115942029;36.94089596105;1;0.926966292134832;0.784470362677744;-0.0354966
9;Y ~ X1 + X2 + X3 + X1:X2;0.5;300;1;1;1;0.612181818181818;0.91966141966142;0.865968970898742;222;1082;12.4243542435424;37.9735387614878;2;0.919381474253115;0.781899810964083;-0.0408396181818182
10;Y ~ X1 + X2 + X3 + X1:X2;0.5;300;1;1;1;0.0922727272727273;0.922090729783038;0.863840719332049;708;159;12.6875;19.4777339609402;119;0.922233300099701;0.857922392886015;0.103653790909091
11;Y ~ X1 + X2 + X3 + X1:X2;0.5;300;1;1;1;0.552181818181818;0.927548164004611;0.874242702404994;1150;881;13.7732426303855;47.7789732247983;3;0.927738927738928;0.808510638297872;-0.0456138727272727
12;Y ~ X1 + X2 + X3 + X1:X2;0.5;300;1;1;1;0.187;0.894506562955761;0.923832247407543;3500;434;9.47926267281106;23.3838893457721;97;0.894348894348894;0.930602572782668;0.155148309090909
13;Y ~ X1 + X2 + X3 + X1:X2;0.5;300;1;1;1;0.0681818181818182;0.933333333333333;0.91649077727815;1057;100;15;35.7685302340205;181;0.935135135135135;0.91513242099045;-0.0696244818181818
14;Y ~ X1 + X2 + X3 + X1:X2;0.5;300;1;1;1;0.347181818181818;0.932443047918303;0.908414477310307;1607;516;14.8023255813953;68.2427835327535;100;0.932136255611302;0.895759966192421;0.0993613272727273
15;Y ~ X1 + X2 + X3 + X1:X2;0.5;300;1;1;1;0.0943636363636364;0.950867052023121;0.832659437603382;542;102;20.3529411764706;58.156968122285;17;0.9501953125;0.820450395617772;0.144583845454545
16;Y ~ X1 + X2 + X3 + X1:X2;0.5;300;1;1;1;0.344727272727273;0.856540084388186;0.810805843976845;312;1088;6.97058823529412;29.074601745997;1;0.855585106382979;0.787168327951706;-0.118971118181818
17;Y ~ X1 + X2 + X3 + X1:X2;0.5;300;1;1;1;0.578272727272727;0.950487268154668;0.916712630998345;619;629;20.1936507936508;79.7253483513887;2;0.950731087094723;0.870039249890972;0.0429176818181818
18;Y ~ X1 + X2 + X3 + X1:X2;0.5;300;1;1;1;0.424;0.901586620926244;0.881969919295671;2;918;10.161220043573;31.2807427721472;1;0.901277332756008;0.867780429594272;-0.0294945454545455
19;Y ~ X1 + X2 + X3 + X1:X2;0.5;300;1;1;1;0.144909090909091;0.917816813048933;0.929109966899595;8222;262;12.1679389312977;39.0593537840427;380;0.918471337579618;0.93090479260692;0.0671977909090909
20;Y ~ X1 + X2 + X3 + X1:X2;0.5;300;1;1;1;0.243818181818182;0.931767337807606;0.878245710615653;699;366;14.5760869565217;62.8537610015193;2;0.931852409638554;0.860972946742691;0.0947739727272727
21;Y ~ X1 + X2 + X3 + X1:X2;0.5;300;1;1;1;0.143090909090909;0.912960609911055;0.870715795277038;1729;274;11.4890510948905;29.9585784602285;120;0.912540192926045;0.863743567753002;0.0526357909090909
22;Y ~ X1 + X2 + X3 + X1:X2;0.5;300;1;1;1;0.594545454545455;0.913302752293578;0.831501831501832;468;1134;11.5343915343915;47.1976724168019;7;0.912956401170852;0.712124633100023;-0.0735599
23;Y ~ X1 + X2 + X3 + X1:X2;0.5;300;1;1;1;0.162181818181818;0.905269058295964;0.897676127491504;7495;338;10.5562130177515;23.4675201045853;448;0.905031091011871;0.896249177451195;-0.0897815818181818
24;Y ~ X1 + X2 + X3 + X1:X2;0.5;300;1;1;1;0.339545454545455;0.905756358768407;0.878665318503539;731;704;10.6107954545455;66.8294951468861;145;0.905200433369447;0.865034089327953;-0.0600009181818182
25;Y ~ X1 + X2 + X3 + X1:X2;0.5;300;1;1;1;0.428090909090909;0.916135881104034;0.848537636380306;14;789;11.9215189873418;61.7966734580325;2;0.915667808219178;0.798235765838011;0.0953241727272727
26;Y ~ X1 + X2 + X3 + X1:X2;0.5;300;1;1;1;0.148636363636364;0.88868501529052;0.850294442399706;5436;364;8.98351648351648;20.7586699652518;757;0.887856257744734;0.843743246163821;0.0655178545454545
27;Y ~ X1 + X2 + X3 + X1:X2;0.5;300;1;1;1;0.112636363636364;0.957223567393059;0.881002662749059;506;106;23.377358490566;84.6204708855265;49;0.958401305057096;0.871184687015003;0.1243285
28;Y ~ X1 + X2 + X3 + X1:X2;0.5;300;1;1;1;0.410545454545455;0.928919397697077;0.849977032613689;2227;642;14.0685358255452;48.4361206968724;381;0.92858741884934;0.795263321907136;-0.191862572727273
29;Y ~ X1 + X2 + X3 + X1:X2;0.5;300;1;1;1;0.355454545454545;0.89846547314578;0.893168271435121;679;794;9.84886649874055;60.8308827233655;59;0.898916967509025;0.889995730752811;0.0972864636363636
30;Y ~ X1 + X2 + X3 + X1:X2;0.5;300;1;1;1;0.200636363636364;0.952424105120072;0.96453835553514;93;210;21.0190476190476;98.1888859597018;2;0.952925045703839;0.967460043693228;0.0812465181818182
31;Y ~ X1 + X2 + X3 + X1:X2;0.5;300;1;1;1;0.171363636363636;0.902387267904509;0.793290441176471;78;368;10.1891891891892;29.3089222928692;2;0.902308105206656;0.770766330265055;0.103505054545455
32;Y ~ X1 + X2 + X3 + X1:X2;0.5;300;1;1;1;0.366454545454545;0.91166253101737;0.891589470787857;1818;713;11.2913165266106;53.0513770241713;280;0.91150664326899;0.880098351171536;0.120712054545455
33;Y ~ X1 + X2 + X3 + X1:X2;0.5;300;1;1;1;0.377545454545455;0.937635444257163;0.92551432770022;793;518;16.034749034749;70.5308412187049;14;0.937515195720885;0.918228782287823;-0.0683585818181818
34;Y ~ X1 + X2 + X3 + X1:X2;0.5;300;1;1;1;0.425545454545455;0.926297799615467;0.845044548544135;74;690;13.568115942029;36.94089596105;1;0.926966292134832;0.784470362677744;-0.0354966
35;Y ~ X1 + X2 + X3 + X1:X2;0.5;300;1;1;1;0.587545454545455;0.900649953574745;0.851872246696035;850;1285;10.0513219284603;44.1274934673833;26;0.90147012824523;0.781430475344291;-0.0987053454545455
36;Y ~ X1 + X2 + X3 + X1:X2;0.5;300;1;1;1;0.046;0.596837944664032;0.925201908957416;1873;408;2.48039215686275;6.96469689226462;76;0.593625498007968;0.941216086203579;-0.151001427272727
37;Y ~ X1 + X2 + X3 + X1:X2;0.5;300;1;1;1;0.282181818181818;0.891717692555591;0.899834437086093;1945;673;9.2106824925816;50.8115695470081;44;0.892682926829268;0.902654867256637;0.0857362454545455
38;Y ~ X1 + X2 + X3 + X1:X2;0.5;300;1;1;1;0.00636363636363636;0.842857142857143;0.853490929081913;6683;22;6.36363636363636;5.90377383158819;806;0.842857142857143;0.853559572113611;0.0990864454545454
39;Y ~ X1 + X2 + X3 + X1:X2;0.5;300;1;1;1;0.201181818181818;0.882060551287845;0.811708570379886;237;522;8.47892720306513;27.0719223053373;54;0.882915717539863;0.793749281856831;0.0980990090909091
40;Y ~ X1 + X2 + X3 + X1:X2;0.5;300;1;1;1;0.00190909090909091;0.761904761904762;0.907813791203746;6591;10;4.2;3.96232255123179;674;0.761904761904762;0.908095676172953;-0.128863645454545
41;Y ~ X1 + X2 + X3 + X1:X2;0.5;300;1;1;1;0.269;0.932386747802569;0.88553332109418;165;401;14.7213930348259;56.2228778172174;1;0.932151380838732;0.868358246451451;0.0665027909090909
42;Y ~ X1 + X2 + X3 + X1:X2;0.5;300;1;1;1;0.313;0.871914028463549;0.808539944903581;3115;882;7.80725623582766;24.6090622988235;260;0.871809914931065;0.779708595107606;-0.0755415909090909
43;Y ~ X1 + X2 + X3 + X1:X2;0.5;300;1;1;1;0.451909090909091;0.897404948702474;0.831113968224814;1246;1020;9.74705882352941;44.5776594515378;336;0.8979633401222;0.776216758655293;0.134955836363636
44;Y ~ X1 + X2 + X3 + X1:X2;0.5;300;1;1;1;0.0424545454545455;0.895074946466809;0.891278375149343;4734;98;9.53061224489796;13.1562755000803;428;0.894849785407725;0.891118578972636;0.0817795818181818
45;Y ~ X1 + X2 + X3 + X1:X2;0.5;300;1;1;1;0.236363636363636;0.872692307692308;0.83348623853211;1;662;7.85498489425982;17.8299237132687;1;0.871655680496316;0.821656050955414;0.111465281818182
46;Y ~ X1 + X2 + X3 + X1:X2;0.5;300;1;1;1;0.0898181818181818;0.967611336032389;0.898706303330581;3932;64;30.875;120.54680525864;428;0.968399592252803;0.891812865497076;-0.0976437363636364
47;Y ~ X1 + X2 + X3 + X1:X2;0.5;300;1;1;1;0.108727272727273;0.773411371237458;0.743634525232098;412;542;4.41328413284133;6.83122248620308;78;0.773569023569024;0.739964915901352;-0.175039727272727
48;Y ~ X1 + X2 + X3 + X1:X2;0.5;300;1;1;1;0.147454545454545;0.93711467324291;0.909474843922145;5205;204;15.9019607843137;68.5072099701881;505;0.936527691350342;0.90479267635972;-0.107246654545455
49;Y ~ X1 + X2 + X3 + X1:X2;0.5;300;1;1;1;0.477090909090909;0.940537449971412;0.87629813436265;823;625;16.7667731629393;65.1110484943109;2;0.940712223291627;0.817446359479423;0.0197357909090909
50;Y ~ X1 + X2 + X3 + X1:X2;0.5;300;1;1;1;0.0221818181818182;0.319672131147541;0.800734618916437;432;332;1.46987951807229;0.791429077931895;56;0.320987654320988;0.811684042453273;-0.131111
51;Y ~ X1 + X2 + X3 + X1:X2;0.5;300;1;1;1;0.14;0.944155844155844;0.895492180312787;2307;172;17.906976744186;86.3407242072635;342;0.943532501641497;0.887664491280625;-0.129095618181818
52;Y ~ X1 + X2 + X3 + X1:X2;0.5;300;1;1;1;0.585090909090909;0.921212121212121;0.858703635695924;359;1015;12.6692913385827;39.0342599973434;45;0.920841840741322;0.771270718232044;-0.116773981818182
53;Y ~ X1 + X2 + X3 + X1:X2;0.5;300;1;1;1;0.331636363636364;0.915296052631579;0.884449738843581;1186;618;11.8058252427184;40.1789968035315;166;0.915586206896552;0.868962678375412;0.103321854545455
54;Y ~ X1 + X2 + X3 + X1:X2;0.5;300;1;1;1;0.177454545454545;0.870389344262295;0.842854518736223;1932;506;7.71541501976285;26.4346686356887;266;0.86918304033092;0.837167746258655;0.0878719909090909
55;Y ~ X1 + X2 + X3 + X1:X2;0.5;300;1;1;1;0.323363636363636;0.897919010123735;0.833593678213728;5518;727;9.77197802197802;27.2605060585274;782;0.897669130187607;0.802987101154107;0.133139236363636
56;Y ~ X1 + X2 + X3 + X1:X2;0.5;300;1;1;1;0.614818181818182;0.937444543034605;0.868491137845532;1766;847;15.9504716981132;62.9997553356662;337;0.937238493723849;0.75887538718132;0.0566372272727273
57;Y ~ X1 + X2 + X3 + X1:X2;0.5;300;1;1;1;0.0121818181818182;0.828358208955224;0.913489736070381;539;46;5.82608695652174;4.93274931557207;50;0.828358208955224;0.914548153646317;0.123372536363636
58;Y ~ X1 + X2 + X3 + X1:X2;0.5;300;1;1;1;0.337545454545455;0.894184168012924;0.873161764705882;228;785;9.44783715012723;31.3777665932675;2;0.89372111986953;0.862657964171643;-0.0310052636363636
59;Y ~ X1 + X2 + X3 + X1:X2;0.5;300;1;1;1;0.256363636363636;0.853848882582476;0.859563942836204;369;825;6.82808716707022;45.8762792258051;58;0.853380782918149;0.861707377251419;0.0975666090909091
60;Y ~ X1 + X2 + X3 + X1:X2;0.5;300;1;1;1;0.276;0.922240527182867;0.876242178873758;1;473;12.8101265822785;38.2710258869753;1;0.921043827367012;0.859246097220459;0.0627085727272727
61;Y ~ X1 + X2 + X3 + X1:X2;0.5;300;1;1;1;0.0478181818181818;0.878095238095238;0.878169790518192;640;129;8.09230769230769;12.2292209953801;65;0.877629063097514;0.878197085223434;0.0726505363636364
62;Y ~ X1 + X2 + X3 + X1:X2;0.5;300;1;1;1;0.166272727272727;0.823851203501094;0.853073601029128;3031;645;5.6625386996904;30.7343969765171;258;0.822847682119205;0.859111454084445;0.158958127272727
63;Y ~ X1 + X2 + X3 + X1:X2;0.5;300;1;1;1;0.350454545454545;0.875486381322957;0.817489447605065;372;960;8.03125;42.8119774094555;93;0.875589313776847;0.786158192090396;0.155644118181818
64;Y ~ X1 + X2 + X3 + X1:X2;0.5;300;1;1;1;0.218909090909091;0.845099667774086;0.777624563338849;1011;746;6.45576407506702;30.9645357369775;310;0.844798657718121;0.758770897103838;-0.0740285636363636
65;Y ~ X1 + X2 + X3 + X1:X2;0.5;300;1;1;1;0.194;0.940983606557377;0.876354951313614;250;251;16.9365079365079;48.4391157692617;2;0.940284360189574;0.86098450319052;0.0713387909090909
66;Y ~ X1 + X2 + X3 + X1:X2;0.5;300;1;1;1;0.0397272727272727;0.874141876430206;0.891561840051419;9137;110;7.94545454545455;6.96131687685115;1009;0.874141876430206;0.892290032523436;-0.0325727090909091
67;Y ~ X1 + X2 + X3 + X1:X2;0.5;300;1;1;1;0.320363636363636;0.908059023836549;0.878496102705181;2729;648;10.8765432098765;45.7568977265898;83;0.907868383404864;0.864642375168691;-0.0894138454545455
68;Y ~ X1 + X2 + X3 + X1:X2;0.5;300;1;1;1;0.413454545454545;0.869364416098527;0.807339449541284;2182;1189;7.6436974789916;33.2983772232157;479;0.869497554468653;0.763667603873789;-0.1792145
69;Y ~ X1 + X2 + X3 + X1:X2;0.5;300;1;1;1;0.107272727272727;0.967769296013571;0.965007347538575;1252;77;30.2564102564103;92.6100250196654;192;0.967604433077579;0.964693772516727;0.0564888454545455
70;Y ~ X1 + X2 + X3 + X1:X2;0.5;300;1;1;1;0.104272727272727;0.897994768962511;0.921154199595663;912;234;9.8034188034188;23.6177312540882;118;0.896916299559471;0.923976608187134;-0.0751845454545454
71;Y ~ X1 + X2 + X3 + X1:X2;0.5;300;1;1;1;0.117090909090909;0.943278943278943;0.911899944822512;9035;147;17.4054054054054;72.9983897211999;791;0.942789968652038;0.907793290268806;0.0515201636363636
72;Y ~ X1 + X2 + X3 + X1:X2;0.5;300;1;1;1;0.302818181818182;0.85594237695078;0.881704628949302;95;959;6.93958333333333;29.1771369267356;2;0.855801272341715;0.892974825359167;0.150968863636364
73;Y ~ X1 + X2 + X3 + X1:X2;0.5;300;1;1;1;0.538363636363636;0.925531914893617;0.875896304467733;299;882;13.4285714285714;48.5846964307973;1;0.924863387978142;0.818797291915571;0.157552572727273
74;Y ~ X1 + X2 + X3 + X1:X2;0.5;300;1;1;1;0.193181818181818;0.916195856873823;0.933621006243114;4215;357;11.8715083798883;50.1533628149159;126;0.916429249762583;0.937741862053267;-0.0265262090909091
75;Y ~ X1 + X2 + X3 + X1:X2;0.5;300;1;1;1;0.0105454545454545;0.843478260869565;0.915353609380726;10863;37;6.10526315789474;5.58663819445912;898;0.843478260869565;0.916118877881678;0.0395416
76;Y ~ X1 + X2 + X3 + X1:X2;0.5;300;1;1;1;0.450090909090909;0.914949494949495;0.861511617228396;2283;843;11.7322274881517;46.6564932790471;327;0.914629176854116;0.817923424176559;0.115027054545455
77;Y ~ X1 + X2 + X3 + X1:X2;0.5;300;1;1;1;0.435545454545455;0.94991652754591;0.899844079611116;344;479;19.9625;75.1624367174551;2;0.949484319090718;0.861508452535761;-0.110708136363636
78;Y ~ X1 + X2 + X3 + X1:X2;0.5;300;1;1;1;0.125909090909091;0.926353790613718;0.900376112283277;1322;204;13.578431372549;46.5427380037035;194;0.927166788055353;0.896515533165407;-0.0965541636363636
79;Y ~ X1 + X2 + X3 + X1:X2;0.5;300;1;1;1;0.521272727272727;0.922406277244987;0.844550546322652;61;889;12.885393258427;36.7604601481906;2;0.921869488536155;0.760582263934112;0.0719048
80;Y ~ X1 + X2 + X3 + X1:X2;0.5;300;1;1;1;0.258636363636364;0.928998242530756;0.880227962128872;759;404;14.0841584158416;39.059310004715;170;0.928520625889047;0.863394074625015;-0.1360717
81;Y ~ X1 + X2 + X3 + X1:X2;0.5;300;1;1;1;0.0216363636363636;0.864978902953586;0.919819985304923;10728;65;7.21212121212121;12.0461549253215;825;0.863829787234043;0.921055101849244;0.0399505454545455
82;Y ~ X1 + X2 + X3 + X1:X2;0.5;300;1;1;1;0.343454545454545;0.929062996294336;0.890695324699183;478;536;14.0970149253731;52.1884900426197;2;0.92958500669344;0.870385906040268;0.136744254545455
83;Y ~ X1 + X2 + X3 + X1:X2;0.5;300;1;1;1;0.242272727272727;0.909193245778612;0.876172953081877;3035;484;11.0123966942149;27.5926927311804;490;0.908469426509685;0.865849216947918;0.0624199909090909
84;Y ~ X1 + X2 + X3 + X1:X2;0.5;300;1;1;1;0.387454545454545;0.839943675193616;0.806543516220936;349;1365;6.24011713030747;20.9991139594754;25;0.839192399049881;0.785939139559287;-0.119786436363636
85;Y ~ X1 + X2 + X3 + X1:X2;0.5;300;1;1;1;0.356636363636364;0.908975012748598;0.90257116620753;1;715;10.9581005586592;34.6464484583886;1;0.909582689335394;0.898687214611872;-0.148634054545455
86;Y ~ X1 + X2 + X3 + X1:X2;0.5;300;1;1;1;0.403272727272727;0.929425028184893;0.882704142555341;4305;627;14.1273885350318;62.8833014313757;458;0.929564622749031;0.851076923076923;-0.00876385454545454
87;Y ~ X1 + X2 + X3 + X1:X2;0.5;300;1;1;1;0;NA;0.899816513761468;NA;NA;NA;NA;0;NA;0.899816513761468;-0.0921505090909091
88;Y ~ X1 + X2 + X3 + X1:X2;0.5;300;1;1;1;0.373454545454545;0.929649464459591;0.928289413277018;4502;578;14.2145328719723;49.9588962632289;24;0.929677895254487;0.927461899179367;0.0268225090909091
89;Y ~ X1 + X2 + X3 + X1:X2;0.5;300;1;1;1;0.130454545454545;0.865505226480836;0.836582674268898;2357;386;7.43523316062176;11.868077020263;483;0.867884750527055;0.831869643423976;0.0371997818181818
90;Y ~ X1 + X2 + X3 + X1:X2;0.5;300;1;1;1;0.133181818181818;0.92901023890785;0.91433293545129;5632;208;14.0865384615385;67.7598716452234;112;0.929063360881543;0.912066956245365;0.0877112636363636
91;Y ~ X1 + X2 + X3 + X1:X2;0.5;300;1;1;1;0.260727272727273;0.920823160097663;0.876964072406506;351;455;12.5789473684211;49.0109930556072;4;0.920225908930462;0.861739130434783;0.111648981818182
92;Y ~ X1 + X2 + X3 + X1:X2;0.5;300;1;1;1;0;NA;0.854365370506236;NA;NA;NA;NA;0;NA;0.854365370506236;0.0746534181818182
93;Y ~ X1 + X2 + X3 + X1:X2;0.5;300;1;1;1;0.371090909090909;0.936060754532092;0.85907087770841;98;522;15.639846743295;59.8860503081885;6;0.936217552533993;0.813494961296918;0.0803765272727273
94;Y ~ X1 + X2 + X3 + X1:X2;0.5;300;1;1;1;0.00336363636363636;0.810810810810811;0.768495542689091;283;14;5.28571428571429;4.68025233344976;140;0.805555555555556;0.768372521899493;0.151686890909091
95;Y ~ X1 + X2 + X3 + X1:X2;0.5;300;1;1;1;0.186363636363636;0.922926829268293;0.891743119266055;1424;316;12.9746835443038;29.3383402478386;28;0.922244094488189;0.884754172304917;-0.181044909090909
96;Y ~ X1 + X2 + X3 + X1:X2;0.5;300;1;1;1;0.348363636363636;0.908141962421712;0.866648311306902;2;704;10.8863636363636;31.2760639817765;2;0.907915567282322;0.84463833380242;-0.0982148545454546
97;Y ~ X1 + X2 + X3 + X1:X2;0.5;300;1;1;1;0.408090909090909;0.946969696969697;0.918886643395186;780;477;18.7824267782427;63.1367958008796;24;0.947309164602567;0.899301784328937;-0.0959673636363636
98;Y ~ X1 + X2 + X3 + X1:X2;0.5;300;1;1;1;0.186;0.919354838709677;0.901359294636297;2092;330;12.4;51.0342782938645;168;0.918639053254438;0.897404063205418;0.0930061818181818
99;Y ~ X1 + X2 + X3 + X1:X2;0.5;300;1;1;1;0.426272727272727;0.940285775218597;0.894175025305972;3663;560;16.7464285714286;76.9144895119028;366;0.940340297221624;0.859736503856041;0.161016990909091
100;Y ~ X1 + X2 + X3 + X1:X2;0.5;300;1;1;1;0.420909090909091;0.949449125081011;0.921275032151387;1817;469;19.7021276595745;81.1375098722794;229;0.949967227441556;0.900459660802029;-0.0186055454545455
1;Y ~ X1 + X2 + X3 + X1:X2;0.5;1;300;1;1;0.567454545454545;0.994071462906585;0.973684210526316;496;75;164.263157894737;143.605631940023;30;1;0.941176470588235;0.195448145454545
2;Y ~ X1 + X2 + X3 + X1:X2;0.5;1;300;1;1;0.283272727272727;0.997753530166881;0.977272727272727;892;14;445.142857142857;479.17200411106;40;1;0.972222222222222;-0.170971290909091
3;Y ~ X1 + X2 + X3 + X1:X2;0.5;1;300;1;1;0.166545454545455;0.999453850354997;1;2418;3;916;670.337228564847;2;1;1;0.112803945454545
4;Y ~ X1 + X2 + X3 + X1:X2;0.5;1;300;1;1;0.436454545454545;0.999583420120808;1;572;4;2400.5;3052.57997438233;2;1;1;-0.0876622
5;Y ~ X1 + X2 + X3 + X1:X2;0.5;1;300;1;1;0.879272727272727;0.959673249922449;0.931818181818182;332;781;24.7365728900256;24.4875618352473;45;1;0.4;-0.0888888909090909
6;Y ~ X1 + X2 + X3 + X1:X2;0.5;1;300;1;1;0.083;0.989047097480832;0.926829268292683;287;20;91.3;100.034494050802;10;NA;0.926829268292683;0.0982798090909091
7;Y ~ X1 + X2 + X3 + X1:X2;0.5;1;300;1;1;0.968272727272727;0.994553990610329;1;149;117;180.525423728814;185.87132701027;7;1;NA;0.128967236363636
8;Y ~ X1 + X2 + X3 + X1:X2;0.5;1;300;1;1;0.926;0.978497790868925;0.976744186046512;78;439;46.3;44.2103832924753;17;1;0;-0.0339348090909091
9;Y ~ X1 + X2 + X3 + X1:X2;0.5;1;300;1;1;0.411;0.999115435647943;1;2480;7;1130.25;749.988611024639;3;1;1;-0.0387551363636364
10;Y ~ X1 + X2 + X3 + X1:X2;0.5;1;300;1;1;0.0597272727272727;0.990867579908676;0.875;2537;12;109.5;126.193105992364;266;1;0.863636363636364;0.0947697818181818
11;Y ~ X1 + X2 + X3 + X1:X2;0.5;1;300;1;1;0.948909090909091;0.978729519977005;0.916666666666667;1;445;46.8071748878924;44.537195130485;1;1;0.25;-0.0409669090909091
12;Y ~ X1 + X2 + X3 + X1:X2;0.5;1;300;1;1;0.111909090909091;0.997562956945573;1;567;6;410.333333333333;322.664428366892;35;1;1;0.149859281818182
13;Y ~ X1 + X2 + X3 + X1:X2;0.5;1;300;1;1;0.864727272727273;0.997581747450321;1;14;47;396.333333333333;499.218229414462;2;1;1;-0.0692463181818182
14;Y ~ X1 + X2 + X3 + X1:X2;0.5;1;300;1;1;0.799363636363636;0.999658780709736;1;872;7;2198.25;1145.08293003898;4;1;1;0.0991052636363636
15;Y ~ X1 + X2 + X3 + X1:X2;0.5;1;300;1;1;0.810363636363636;0.998092673622798;0.96875;884;35;495.222222222222;399.234938285357;2;1;0.857142857142857;0.144117663636364
16;Y ~ X1 + X2 + X3 + X1:X2;0.5;1;300;1;1;0.119;0.998472116119175;1;82;4;654.5;333.047293938864;2;1;1;-0.118793127272727
17;Y ~ X1 + X2 + X3 + X1:X2;0.5;1;300;1;1;0.298727272727273;0.999087313659872;1;4345;5;1095.33333333333;676.330047634536;4;1;1;0.0433392363636364
18;Y ~ X1 + X2 + X3 + X1:X2;0.5;1;300;1;1;0.560363636363636;0.999675535366645;1;937;4;3082;403.050865276332;1;1;1;-0.0294047
19;Y ~ X1 + X2 + X3 + X1:X2;0.5;1;300;1;1;0.697363636363636;0.999348109517601;1;100;11;1278.5;1298.16543629847;15;1;1;0.0669796
20;Y ~ X1 + X2 + X3 + X1:X2;0.5;1;300;1;1;0.458181818181818;0.999801626661377;1;NA;1;5040;NA;0;1;1;0.0961920090909091
21;Y ~ X1 + X2 + X3 + X1:X2;0.5;1;300;1;1;0.911090909090909;0.971759305458537;0.977777777777778;10;567;35.2887323943662;32.9507783649177;2;1;0.666666666666667;0.0572855727272727
22;Y ~ X1 + X2 + X3 + X1:X2;0.5;1;300;1;1;0.634;0.872651656388929;0.909090909090909;4;1777;7.84476940382452;7.28541197720633;1;0.944444444444444;0.75;-0.0761873454545454
23;Y ~ X1 + X2 + X3 + X1:X2;0.5;1;300;1;1;0.047;0.996131528046422;1;121;4;258.5;28.9913780286484;1;1;1;-0.0894742727272727
24;Y ~ X1 + X2 + X3 + X1:X2;0.5;1;300;1;1;0.457363636363636;0.829854899622341;0.833333333333333;53;1712;5.87733644859813;5.74488028642751;10;0.857142857142857;0.8125;-0.0566002818181818
25;Y ~ X1 + X2 + X3 + X1:X2;0.5;1;300;1;1;0.323454545454545;0.999718943226532;1;9669;2;1779;632.153462380773;6;1;1;0.0960001363636364
26;Y ~ X1 + X2 + X3 + X1:X2;0.5;1;300;1;1;0.565454545454545;0.9991961414791;1;358;10;1244;1368.6248572929;2;1;1;0.0628637454545454
27;Y ~ X1 + X2 + X3 + X1:X2;0.5;1;300;1;1;0.922454545454545;0.965503646757343;0.902439024390244;1;701;28.9088319088319;28.4136326747307;1;0.948717948717949;0;0.122533454545455
28;Y ~ X1 + X2 + X3 + X1:X2;0.5;1;300;1;1;0.627090909090909;0.931719338938823;0.846153846153846;22;942;14.6454352441614;14.3919146690798;6;0.958333333333333;0.666666666666667;-0.187282027272727
29;Y ~ X1 + X2 + X3 + X1:X2;0.5;1;300;1;1;0.713272727272727;0.894213612031608;0.813953488372093;245;1660;9.45301204819277;8.88348839518609;39;0.9;0.615384615384615;0.0956824636363636
30;Y ~ X1 + X2 + X3 + X1:X2;0.5;1;300;1;1;0;NA;1;NA;NA;NA;NA;0;NA;1;0.0825840636363636
31;Y ~ X1 + X2 + X3 + X1:X2;0.5;1;300;1;1;0.0492727272727273;0.992633517495396;0.794871794871795;1661;7;135.5;141.860259880395;279;1;0.783783783783784;0.0847959363636364
32;Y ~ X1 + X2 + X3 + X1:X2;0.5;1;300;1;1;0.878454545454545;0.954771268888429;0.923076923076923;117;875;22.0616438356164;21.2831695958748;21;0.970588235294118;0.6;0.118415418181818
33;Y ~ X1 + X2 + X3 + X1:X2;0.5;1;300;1;1;0.958636363636364;0.998956752655539;1;2;23;878.75;979.959565492373;1;1;1;-0.0693016818181818
34;Y ~ X1 + X2 + X3 + X1:X2;0.5;1;300;1;1;0.926;0.978497790868925;0.976744186046512;78;439;46.3;44.2103832924753;17;1;0;-0.0339348090909091
35;Y ~ X1 + X2 + X3 + X1:X2;0.5;1;300;1;1;0.727818181818182;0.906933166770768;0.857142857142857;420;1491;10.7319034852547;10.1739488810868;88;0.888888888888889;0.75;-0.0980985
36;Y ~ X1 + X2 + X3 + X1:X2;0.5;1;300;1;1;0.327;0.80038921323325;0.837209302325581;158;1436;5.00974930362117;4.46416566800575;24;0.714285714285714;0.861111111111111;-0.151413627272727
37;Y ~ X1 + X2 + X3 + X1:X2;0.5;1;300;1;1;0.653272727272727;0.868336812804454;0.853658536585366;55;1893;7.58817317845829;7.14567445109963;5;0.875;0.823529411764706;0.0886460363636364
38;Y ~ X1 + X2 + X3 + X1:X2;0.5;1;300;1;1;0.964909090909091;0.991802506360124;1;24;175;120.613636363636;114.145846594043;2;1;1;0.100173209090909
39;Y ~ X1 + X2 + X3 + X1:X2;0.5;1;300;1;1;0.711909090909091;0.930906768837803;0.864864864864865;948;1083;14.4483394833948;14.3103993509997;110;0.92;0.75;0.0999960272727273
40;Y ~ X1 + X2 + X3 + X1:X2;0.5;1;300;1;1;0.938363636363636;0.985854083906598;0.952380952380952;180;293;70.2176870748299;82.59851046841;11;0.975;0.5;-0.126809181818182
41;Y ~ X1 + X2 + X3 + X1:X2;0.5;1;300;1;1;0.682;0.998400213304893;1;1;25;577.076923076923;575.442070866457;1;1;1;0.0674436363636364
42;Y ~ X1 + X2 + X3 + X1:X2;0.5;1;300;1;1;0.0122727272727273;0.955555555555556;0.92;1263;12;22.5;20.2361063448481;140;NA;0.92;-0.0865037909090909
43;Y ~ X1 + X2 + X3 + X1:X2;0.5;1;300;1;1;0.656272727272727;0.999307383294085;1;3;10;1443.8;1418.01435112625;1;1;1;0.134929027272727
44;Y ~ X1 + X2 + X3 + X1:X2;0.5;1;300;1;1;0.933363636363636;0.992791739723359;1;522;149;136.893333333333;129.832488056553;13;1;1;0.0790093272727273
45;Y ~ X1 + X2 + X3 + X1:X2;0.5;1;300;1;1;0.0552727272727273;0.995065789473684;0.870967741935484;2629;6;202.666666666667;143.144449187991;272;0.5;0.896551724137931;0.1081383
46;Y ~ X1 + X2 + X3 + X1:X2;0.5;1;300;1;1;0.00336363636363636;0.972972972972973;0.91304347826087;10421;2;37;NA;1052;1;0.911111111111111;-0.1082953
47;Y ~ X1 + X2 + X3 + X1:X2;0.5;1;300;1;1;0.0358181818181818;0.868020304568528;0.823529411764706;3;104;7.57692307692308;6.50594344817334;2;1;0.8125;-0.179319672727273
48;Y ~ X1 + X2 + X3 + X1:X2;0.5;1;300;1;1;0.700090909090909;0.99948051948052;0.976190476190476;335;9;1540.2;1366.12323748628;1;1;0.888888888888889;-0.105265945454545
49;Y ~ X1 + X2 + X3 + X1:X2;0.5;1;300;1;1;0.828636363636364;0.93010752688172;0.851063829787234;21;1275;14.2868338557994;13.5845806372553;4;0.888888888888889;0.727272727272727;0.0195517
50;Y ~ X1 + X2 + X3 + X1:X2;0.5;1;300;1;1;0.369454545454545;0.855771597341866;0.733333333333333;434;1173;6.92333901192504;6.61515870317192;70;0.733333333333333;0.733333333333333;-0.135907690909091
51;Y ~ X1 + X2 + X3 + X1:X2;0.5;1;300;1;1;0.143181818181818;0.997458703939009;1;4702;9;315;343.977470192453;118;1;1;-0.129060009090909
52;Y ~ X1 + X2 + X3 + X1:X2;0.5;1;300;1;1;0.911818181818182;0.972280386878054;0.96;172;557;35.9498207885305;34.0145598052473;35;1;0.5;-0.117190463636364
53;Y ~ X1 + X2 + X3 + X1:X2;0.5;1;300;1;1;0.450363636363636;0.998788857488898;1;222;12;825.666666666667;822.055391483242;3;1;1;0.102866345454545
54;Y ~ X1 + X2 + X3 + X1:X2;0.5;1;300;1;1;0.0862727272727273;0.993677555321391;1;3113;12;158.166666666667;79.547260585558;9;1;1;0.0893359727272727
55;Y ~ X1 + X2 + X3 + X1:X2;0.5;1;300;1;1;0.874;0.970560699053365;0.951219512195122;6;567;33.8521126760563;31.0120111651958;2;0.947368421052632;1;0.131646618181818
56;Y ~ X1 + X2 + X3 + X1:X2;0.5;1;300;1;1;0.174818181818182;0.999479979199168;0.975609756097561;6255;2;1923;NA;33;1;0.970588235294118;0.0598151818181818
57;Y ~ X1 + X2 + X3 + X1:X2;0.5;1;300;1;1;0.935545454545455;0.996307094266278;1;541;77;263.871794871795;231.10161577781;131;1;1;0.122801472727273
58;Y ~ X1 + X2 + X3 + X1:X2;0.5;1;300;1;1;0.353727272727273;0.999229188078109;1;5616;5;1297;1506.28914886884;3;1;1;-0.0311728909090909
59;Y ~ X1 + X2 + X3 + X1:X2;0.5;1;300;1;1;0.774;0.918242687654176;0.805555555555556;235;1393;12.2152080344333;11.2107372840661;50;0.903225806451613;0.2;0.100345254545455
60;Y ~ X1 + X2 + X3 + X1:X2;0.5;1;300;1;1;0.757454545454545;0.998919827172348;1;181;18;925.777777777778;620.356505925782;6;1;1;0.0642895
61;Y ~ X1 + X2 + X3 + X1:X2;0.5;1;300;1;1;0.226727272727273;0.999599037690457;1;7796;2;2494;NA;7;1;1;0.0730758636363636
62;Y ~ X1 + X2 + X3 + X1:X2;0.5;1;300;1;1;0.696181818181818;0.88716207391929;0.875;30;1729;8.85317919075145;8.25955911950756;4;0.892857142857143;0.833333333333333;0.153274154545455
63;Y ~ X1 + X2 + X3 + X1:X2;0.5;1;300;1;1;0.781727272727273;0.915329146313096;0.923076923076923;3;1457;11.7956104252401;12.0811442603435;1;0.96875;0.714285714285714;0.1564287
64;Y ~ X1 + X2 + X3 + X1:X2;0.5;1;300;1;1;0.686272727272727;0.99827768945416;0.98;356;27;539.214285714286;585.017840434267;7;0.96969696969697;1;-0.0652748454545455
65;Y ~ X1 + X2 + X3 + X1:X2;0.5;1;300;1;1;0.925272727272727;0.970328158773826;0.918918918918919;13;604;33.5907590759076;34.5785052728619;2;0.970588235294118;0.333333333333333;0.0672814272727273
66;Y ~ X1 + X2 + X3 + X1:X2;0.5;1;300;1;1;0.915454545454545;0.99175687754494;0.978260869565217;358;167;119.880952380952;124.81527601537;104;1;0.833333333333333;-0.0339930272727273
67;Y ~ X1 + X2 + X3 + X1:X2;0.5;1;300;1;1;0.879272727272727;0.959673249922449;0.931818181818182;332;781;24.7365728900256;24.4875618352473;45;1;0.4;-0.0888888909090909
68;Y ~ X1 + X2 + X3 + X1:X2;0.5;1;300;1;1;0.576818181818182;0.885718789407314;0.566666666666667;656;1451;8.7396694214876;8.29738617095031;247;0.75;0.444444444444444;-0.1772595
69;Y ~ X1 + X2 + X3 + X1:X2;0.5;1;300;1;1;0.356181818181818;0.999234107735512;0.971428571428571;896;7;979.5;585.46648068015;53;1;0.95;0.05512
70;Y ~ X1 + X2 + X3 + X1:X2;0.5;1;300;1;1;0.222272727272727;0.997546012269939;1;822;12;407.5;426.548355992612;1;1;1;-0.0745743909090909
71;Y ~ X1 + X2 + X3 + X1:X2;0.5;1;300;1;1;0.450818181818182;0.999798305768455;1;757;3;2479.5;1547.85674401735;16;1;1;0.0483156363636364
72;Y ~ X1 + X2 + X3 + X1:X2;0.5;1;300;1;1;0.381454545454545;0.81177031212771;0.852941176470588;15;1579;5.31139240506329;4.93601614122734;2;0.909090909090909;0.826086956521739;0.156887118181818
73;Y ~ X1 + X2 + X3 + X1:X2;0.5;1;300;1;1;0.960272727272727;0.988259799280439;0.976744186046512;1;249;84.504;79.9816132096178;1;1;0.5;0.156804454545455
74;Y ~ X1 + X2 + X3 + X1:X2;0.5;1;300;1;1;0.819818181818182;0.999223774672876;1;98;14;1288.28571428571;1158.64169242634;2;1;1;-0.0250605
75;Y ~ X1 + X2 + X3 + X1:X2;0.5;1;300;1;1;0.032;0.997150997150997;1;429;3;176;69.2964645562817;3;1;1;0.0407444181818182
76;Y ~ X1 + X2 + X3 + X1:X2;0.5;1;300;1;1;0.864363636363636;0.945309213294068;0.906976744186046;56;1040;18.2846153846154;17.377696872698;16;0.926829268292683;0.5;0.115083245454545
77;Y ~ X1 + X2 + X3 + X1:X2;0.5;1;300;1;1;0.884818181818182;0.946470769546902;1;2;1042;18.6813819577735;18.4225566903619;2;1;NA;-0.113106190909091
78;Y ~ X1 + X2 + X3 + X1:X2;0.5;1;300;1;1;0.00309090909090909;0.970588235294118;1;8409;2;34;NA;92;NA;1;-0.0971042090909091
79;Y ~ X1 + X2 + X3 + X1:X2;0.5;1;300;1;1;0.921727272727273;0.994476772857284;1;25;112;177.877192982456;191.563032350734;2;1;1;0.0725514727272727
80;Y ~ X1 + X2 + X3 + X1:X2;0.5;1;300;1;1;0.884272727272727;0.999383096853794;1;4;13;1389.57142857143;1564.48243381455;1;1;1;-0.135932609090909
81;Y ~ X1 + X2 + X3 + X1:X2;0.5;1;300;1;1;0.352818181818182;0.998969072164948;1;2566;9;776.2;639.554297929425;8;1;1;0.0411298545454545
82;Y ~ X1 + X2 + X3 + X1:X2;0.5;1;300;1;1;0.914727272727273;0.969287347182189;0.95;142;619;32.458064516129;33.5900930666891;58;1;0.5;0.137939945454545
83;Y ~ X1 + X2 + X3 + X1:X2;0.5;1;300;1;1;0.155545454545455;0.998246639392168;1;2;6;570.333333333333;415.516947107255;1;1;1;0.0625265090909091
84;Y ~ X1 + X2 + X3 + X1:X2;0.5;1;300;1;1;0.654454545454545;0.871353153653793;0.88;74;1853;7.76591154261057;7.25084360957276;11;0.9375;0.777777777777778;-0.116158954545455
85;Y ~ X1 + X2 + X3 + X1:X2;0.5;1;300;1;1;0.372454545454545;0.802978515625;0.853658536585366;9;1615;5.07054455445545;4.56821882653218;2;0.85;0.857142857142857;-0.146310454545455
86;Y ~ X1 + X2 + X3 + X1:X2;0.5;1;300;1;1;0.927727272727273;0.985691885535084;0.971428571428571;141;293;69.421768707483;73.158855602139;5;1;0;-0.0102155181818182
87;Y ~ X1 + X2 + X3 + X1:X2;0.5;1;300;1;1;0.118;0.99922898997687;1;7421;3;649;63.6396103067893;12;1;1;-0.0922907818181818
88;Y ~ X1 + X2 + X3 + X1:X2;0.5;1;300;1;1;0.542;0.99949681314995;1;453;6;1987.33333333333;1997.33230418309;2;1;1;0.0259511727272727
89;Y ~ X1 + X2 + X3 + X1:X2;0.5;1;300;1;1;0.916727272727273;0.997917286521869;0.974358974358974;51;43;458.363636363636;337.029537416098;3;0.970588235294118;1;0.0417551727272727
90;Y ~ X1 + X2 + X3 + X1:X2;0.5;1;300;1;1;0.617909090909091;0.999558628806827;1;181;6;2265.66666666667;2561.2202820791;6;1;1;0.0885185818181818
91;Y ~ X1 + X2 + X3 + X1:X2;0.5;1;300;1;1;0.866363636363636;0.98509812152377;0.931034482758621;1121;285;66.6433566433566;70.4104071207313;357;1;0.333333333333333;0.117361090909091
92;Y ~ X1 + X2 + X3 + X1:X2;0.5;1;300;1;1;0.797;0.974903034451289;0.942857142857143;1726;441;39.6696832579185;38.4135917516555;194;0.933333333333333;1;0.0721590636363636
93;Y ~ X1 + X2 + X3 + X1:X2;0.5;1;300;1;1;0.350909090909091;0.998963730569948;1;2136;8;965;849.393901555692;7;1;1;0.0822085818181818
94;Y ~ X1 + X2 + X3 + X1:X2;0.5;1;300;1;1;0.00181818181818182;0.8;0.763157894736842;2382;8;5;4.32049379893857;334;NA;0.763157894736842;0.153141945454545
95;Y ~ X1 + X2 + X3 + X1:X2;0.5;1;300;1;1;0.784818181818182;0.994555143651529;1;4;95;179.854166666667;189.209552813505;1;1;1;-0.182159909090909
96;Y ~ X1 + X2 + X3 + X1:X2;0.5;1;300;1;1;0.851636363636364;0.996904355251921;1;90;58;312.266666666667;254.312315908979;2;1;1;-0.101443554545455
97;Y ~ X1 + X2 + X3 + X1:X2;0.5;1;300;1;1;0.905727272727273;0.993174061433447;1;574;137;144.391304347826;126.591656795906;8;1;1;-0.0974971272727273
98;Y ~ X1 + X2 + X3 + X1:X2;0.5;1;300;1;1;0.129272727272727;0.99789029535865;0.933333333333333;6614;6;474;4.35889894354067;83;1;0.918918918918919;0.104982981818182
99;Y ~ X1 + X2 + X3 + X1:X2;0.5;1;300;1;1;0.928636363636364;0.983062463285686;0.941176470588235;245;347;58.7068965517241;57.7255842200833;29;1;0.333333333333333;0.162837690909091
100;Y ~ X1 + X2 + X3 + X1:X2;0.5;1;300;1;1;0.137090909090909;0.999336429993364;1;8474;3;754;568.513852073984;36;1;1;-0.0192655454545455
1;Y ~ X1 + X2 + X3 + X1:X2;0.5;1;1;300;1;0.000818181818181818;0.777777777777778;1;3518;4;4.5;2.12132034355964;10;NA;1;0.178878609090909
2;Y ~ X1 + X2 + X3 + X1:X2;0.5;1;1;300;1;0.00118181818181818;0.769230769230769;0.977272727272727;95;6;4.33333333333333;4.04145188432738;2;NA;0.977272727272727;-0.169495245454545
3;Y ~ X1 + X2 + X3 + X1:X2;0.5;1;1;300;1;0.000272727272727273;0.666666666666667;1;49;2;3;NA;1;NA;1;0.112508772727273
4;Y ~ X1 + X2 + X3 + X1:X2;0.5;1;1;300;1;0.00163636363636364;0.888888888888889;1;3689;4;9;9.89949493661167;10;NA;1;-0.0876086181818182
5;Y ~ X1 + X2 + X3 + X1:X2;0.5;1;1;300;1;0.00236363636363636;0.807692307692308;1;204;10;5.2;4.26614580154031;2;NA;1;-0.0920919454545455
6;Y ~ X1 + X2 + X3 + X1:X2;0.5;1;1;300;1;0.00181818181818182;0.9;1;1308;4;10;11.3137084989848;4;NA;1;0.0907043181818182
7;Y ~ X1 + X2 + X3 + X1:X2;0.5;1;1;300;1;0.00127272727272727;0.857142857142857;1;935;4;7;4.24264068711928;2;NA;1;0.119541754545455
8;Y ~ X1 + X2 + X3 + X1:X2;0.5;1;1;300;1;0.00563636363636364;0.935483870967742;0.976744186046512;2;8;15.5;15.52417469626;1;NA;0.976744186046512;-0.0301556636363636
9;Y ~ X1 + X2 + X3 + X1:X2;0.5;1;1;300;1;0.002;0.782608695652174;1;3045;9;4.4;4.39317652729776;10;NA;1;-0.0407235636363636
10;Y ~ X1 + X2 + X3 + X1:X2;0.5;1;1;300;1;0.000272727272727273;0.666666666666667;1;3627;2;3;NA;14;NA;1;0.105701345454545
11;Y ~ X1 + X2 + X3 + X1:X2;0.5;1;1;300;1;0.00327272727272727;0.916666666666667;1;537;6;12;11.3578166916005;1;NA;1;-0.0477287
12;Y ~ X1 + X2 + X3 + X1:X2;0.5;1;1;300;1;0.00418181818181818;0.91304347826087;1;3940;8;11.5;13.7719521734091;15;NA;1;0.154203036363636
13;Y ~ X1 + X2 + X3 + X1:X2;0.5;1;1;300;1;0.000818181818181818;0.666666666666667;1;2883;6;3;2.64575131106459;9;NA;1;-0.0722624454545455
14;Y ~ X1 + X2 + X3 + X1:X2;0.5;1;1;300;1;0.00218181818181818;0.875;1;619;6;8;7.93725393319377;5;NA;1;0.0998850545454546
15;Y ~ X1 + X2 + X3 + X1:X2;0.5;1;1;300;1;0.00227272727272727;0.76;1;798;12;4.16666666666667;1.94079021706795;7;NA;1;0.143341218181818
16;Y ~ X1 + X2 + X3 + X1:X2;0.5;1;1;300;1;0.00190909090909091;0.761904761904762;0.976744186046512;3124;10;4.2;3.42052627529741;4;NA;0.976744186046512;-0.115729118181818
17;Y ~ X1 + X2 + X3 + X1:X2;0.5;1;1;300;1;0.00263636363636364;0.833333333333333;1;3447;9;5.8;3.89871773792359;7;NA;1;0.0455183454545455
18;Y ~ X1 + X2 + X3 + X1:X2;0.5;1;1;300;1;0.000181818181818182;0.5;1;1764;2;2;NA;3;NA;1;-0.0296850090909091
19;Y ~ X1 + X2 + X3 + X1:X2;0.5;1;1;300;1;0;NA;0.972972972972973;NA;NA;NA;NA;0;NA;0.972972972972973;0.0668502
20;Y ~ X1 + X2 + X3 + X1:X2;0.5;1;1;300;1;0.00190909090909091;0.863636363636364;1;911;5;7;5.19615242270663;5;NA;1;0.0940719727272727
21;Y ~ X1 + X2 + X3 + X1:X2;0.5;1;1;300;1;0.00390909090909091;0.86046511627907;1;2753;12;7.16666666666667;3.37144874893074;5;1;1;0.0491069818181818
22;Y ~ X1 + X2 + X3 + X1:X2;0.5;1;1;300;1;0.00245454545454545;0.777777777777778;1;519;12;4.5;4.46094160463909;1;NA;1;-0.0798243909090909
23;Y ~ X1 + X2 + X3 + X1:X2;0.5;1;1;300;1;0.00327272727272727;0.916666666666667;1;6;6;12;7.81024967590665;1;NA;1;-0.0891716272727273
24;Y ~ X1 + X2 + X3 + X1:X2;0.5;1;1;300;1;0.00381818181818182;0.857142857142857;1;1106;12;7;9.38083151964686;5;NA;1;-0.0585897636363636
25;Y ~ X1 + X2 + X3 + X1:X2;0.5;1;1;300;1;0.00109090909090909;0.923076923076923;1;NA;1;12;NA;0;NA;1;0.0934058545454546
26;Y ~ X1 + X2 + X3 + X1:X2;0.5;1;1;300;1;0.00309090909090909;0.823529411764706;1;2272;12;5.66666666666667;7.63326055278258;10;NA;1;0.0561669909090909
27;Y ~ X1 + X2 + X3 + X1:X2;0.5;1;1;300;1;0.00354545454545455;0.871794871794872;1;5;10;7.8;2.77488738510232;1;1;1;0.128122427272727
28;Y ~ X1 + X2 + X3 + X1:X2;0.5;1;1;300;1;0.00281818181818182;0.806451612903226;1;312;12;5.16666666666667;2.56255081250434;2;1;1;-0.183715936363636
29;Y ~ X1 + X2 + X3 + X1:X2;0.5;1;1;300;1;0.00390909090909091;0.813953488372093;1;1067;16;5.375;5.52752850997364;3;NA;1;0.0884608818181818
30;Y ~ X1 + X2 + X3 + X1:X2;0.5;1;1;300;1;0.003;0.878787878787879;1;4850;8;8.25;8.22090830342568;9;NA;1;0.0809363727272727
31;Y ~ X1 + X2 + X3 + X1:X2;0.5;1;1;300;1;0.00290909090909091;0.848484848484849;1;1848;9;6.4;2.88097205817759;8;NA;1;0.107108872727273
32;Y ~ X1 + X2 + X3 + X1:X2;0.5;1;1;300;1;0.005;0.890909090909091;1;1013;12;9.16666666666667;6.735478206235;10;NA;1;0.1180056
33;Y ~ X1 + X2 + X3 + X1:X2;0.5;1;1;300;1;0.00154545454545455;0.764705882352941;1;23;8;4.25;2.98607881119482;1;NA;1;-0.0677742363636364
34;Y ~ X1 + X2 + X3 + X1:X2;0.5;1;1;300;1;0.00563636363636364;0.935483870967742;0.976744186046512;2;8;15.5;15.52417469626;1;NA;0.976744186046512;-0.0301556636363636
35;Y ~ X1 + X2 + X3 + X1:X2;0.5;1;1;300;1;0.00209090909090909;0.782608695652174;1;1722;10;4.6;1.67332005306815;4;NA;1;-0.104537172727273
36;Y ~ X1 + X2 + X3 + X1:X2;0.5;1;1;300;1;0.00354545454545455;0.871794871794872;0.976744186046512;118;10;7.8;6.26099033699941;2;1;0.976190476190476;-0.151699981818182
37;Y ~ X1 + X2 + X3 + X1:X2;0.5;1;1;300;1;0.00127272727272727;0.714285714285714;1;1979;8;3.5;3;6;NA;1;0.0837658090909091
38;Y ~ X1 + X2 + X3 + X1:X2;0.5;1;1;300;1;0.000454545454545455;0.6;1;2183;4;2.5;2.12132034355964;5;NA;1;0.102334327272727
39;Y ~ X1 + X2 + X3 + X1:X2;0.5;1;1;300;1;0.00290909090909091;0.84375;1;2911;10;6.4;1.14017542509914;5;NA;1;0.0993789363636364
40;Y ~ X1 + X2 + X3 + X1:X2;0.5;1;1;300;1;0.002;0.772727272727273;1;1096;10;4.4;2.50998007960223;5;NA;1;-0.137191163636364
41;Y ~ X1 + X2 + X3 + X1:X2;0.5;1;1;300;1;0.00127272727272727;0.714285714285714;1;4113;8;3.5;1.73205080756888;6;NA;1;0.0677466545454545
42;Y ~ X1 + X2 + X3 + X1:X2;0.5;1;1;300;1;0.000181818181818182;0.5;1;3911;2;2;NA;10;NA;1;-0.0748413
43;Y ~ X1 + X2 + X3 + X1:X2;0.5;1;1;300;1;0.00581818181818182;0.90625;1;51;12;10.6666666666667;7.52772652709081;1;NA;1;0.137600127272727
44;Y ~ X1 + X2 + X3 + X1:X2;0.5;1;1;300;1;0.000363636363636364;0.25;1;3125;6;1.33333333333333;0.577350269189626;5;NA;1;0.0777620363636364
45;Y ~ X1 + X2 + X3 + X1:X2;0.5;1;1;300;1;9.09090909090909e-05;0;1;862;2;1;NA;4;NA;1;0.110999827272727
46;Y ~ X1 + X2 + X3 + X1:X2;0.5;1;1;300;1;0.00218181818181818;0.875;1;1139;6;8;12.1243556529821;8;NA;1;-0.0977316
47;Y ~ X1 + X2 + X3 + X1:X2;0.5;1;1;300;1;0.00181818181818182;0.8;1;3115;8;5;4.83045891539648;20;NA;1;-0.168634709090909
48;Y ~ X1 + X2 + X3 + X1:X2;0.5;1;1;300;1;0.000909090909090909;0.8;1;4858;4;5;4.24264068711928;13;NA;1;-0.1054078
49;Y ~ X1 + X2 + X3 + X1:X2;0.5;1;1;300;1;0.00309090909090909;0.882352941176471;0.957446808510638;1498;8;8.5;2.38047614284762;10;NA;0.957446808510638;0.0137649363636364
50;Y ~ X1 + X2 + X3 + X1:X2;0.5;1;1;300;1;0.00118181818181818;0.769230769230769;1;8785;6;4.33333333333333;3.05505046330389;24;NA;1;-0.126839981818182
51;Y ~ X1 + X2 + X3 + X1:X2;0.5;1;1;300;1;0.00181818181818182;0.85;0.96969696969697;2795;6;6.66666666666667;9.81495457622364;8;NA;0.96969696969697;-0.128636654545455
52;Y ~ X1 + X2 + X3 + X1:X2;0.5;1;1;300;1;0.00181818181818182;0.85;1;359;6;6.66666666666667;4.04145188432738;4;NA;1;-0.115684563636364
53;Y ~ X1 + X2 + X3 + X1:X2;0.5;1;1;300;1;0;NA;1;NA;NA;NA;NA;0;NA;1;0.101030063636364
54;Y ~ X1 + X2 + X3 + X1:X2;0.5;1;1;300;1;0.000727272727272727;0.625;1;830;6;2.66666666666667;2.88675134594813;6;NA;1;0.0877039272727273
55;Y ~ X1 + X2 + X3 + X1:X2;0.5;1;1;300;1;0.00836363636363636;0.902173913043478;1;1834;18;10.2222222222222;6.74124947205223;7;NA;1;0.144126063636364
56;Y ~ X1 + X2 + X3 + X1:X2;0.5;1;1;300;1;0.00318181818181818;0.885714285714286;1;246;8;8.75;7.63216876123687;2;NA;1;0.0595388363636364
57;Y ~ X1 + X2 + X3 + X1:X2;0.5;1;1;300;1;0.000454545454545455;0.4;0.974358974358974;368;6;1.66666666666667;0.577350269189626;3;NA;0.974358974358974;0.123991418181818
58;Y ~ X1 + X2 + X3 + X1:X2;0.5;1;1;300;1;0.00354545454545455;0.85;1;3072;11;6.5;6.4730209330729;5;NA;1;-0.0304822
59;Y ~ X1 + X2 + X3 + X1:X2;0.5;1;1;300;1;0.00263636363636364;0.724137931034483;1;5289;16;3.625;3.29230705042615;7;NA;1;0.106426518181818
60;Y ~ X1 + X2 + X3 + X1:X2;0.5;1;1;300;1;0.00209090909090909;0.782608695652174;1;3537;10;4.6;4.82700735445887;7;NA;1;0.0643663818181818
61;Y ~ X1 + X2 + X3 + X1:X2;0.5;1;1;300;1;0.000181818181818182;0.5;1;4348;2;2;NA;11;NA;1;0.0734205181818182
62;Y ~ X1 + X2 + X3 + X1:X2;0.5;1;1;300;1;0.00290909090909091;0.8125;0.975;3078;12;5.33333333333333;3.07679486912382;6;0;1;0.163537954545455
63;Y ~ X1 + X2 + X3 + X1:X2;0.5;1;1;300;1;0.00790909090909091;0.931034482758621;1;3018;12;14.5;21.2579396932064;4;NA;1;0.149929472727273
64;Y ~ X1 + X2 + X3 + X1:X2;0.5;1;1;300;1;0.00518181818181818;0.894736842105263;1;1460;12;9.5;8.40832920383116;9;NA;1;-0.0636650727272727
65;Y ~ X1 + X2 + X3 + X1:X2;0.5;1;1;300;1;0.000454545454545455;0.666666666666667;1;6068;3;2.5;0.707106781186548;22;NA;1;0.0693678
66;Y ~ X1 + X2 + X3 + X1:X2;0.5;1;1;300;1;0.00190909090909091;0.952380952380952;1;7362;2;21;NA;9;NA;1;-0.0363364272727273
67;Y ~ X1 + X2 + X3 + X1:X2;0.5;1;1;300;1;0.00236363636363636;0.807692307692308;1;204;10;5.2;4.26614580154031;2;NA;1;-0.0920919454545455
68;Y ~ X1 + X2 + X3 + X1:X2;0.5;1;1;300;1;0.00154545454545455;0.705882352941176;1;2849;10;3.4;2.30217288664427;3;NA;1;-0.174722045454545
69;Y ~ X1 + X2 + X3 + X1:X2;0.5;1;1;300;1;0.000454545454545455;0.6;1;1683;4;2.5;0.707106781186548;9;NA;1;0.0572665909090909
70;Y ~ X1 + X2 + X3 + X1:X2;0.5;1;1;300;1;0.00109090909090909;0.75;1;6545;6;4;2.64575131106459;2;NA;1;-0.0755763272727273
71;Y ~ X1 + X2 + X3 + X1:X2;0.5;1;1;300;1;0.000636363636363636;0.714285714285714;1;5669;4;3.5;2.12132034355964;4;NA;1;0.0482082272727273
72;Y ~ X1 + X2 + X3 + X1:X2;0.5;1;1;300;1;0.00363636363636364;0.878048780487805;1;991;9;8;6.51920240520265;6;NA;1;0.150380927272727
73;Y ~ X1 + X2 + X3 + X1:X2;0.5;1;1;300;1;0.000545454545454545;0.666666666666667;1;629;4;3;1.4142135623731;1;NA;1;0.160917027272727
74;Y ~ X1 + X2 + X3 + X1:X2;0.5;1;1;300;1;0.000636363636363636;0.714285714285714;1;1486;4;3.5;3.53553390593274;4;NA;1;-0.0256725454545455
75;Y ~ X1 + X2 + X3 + X1:X2;0.5;1;1;300;1;0;NA;1;NA;NA;NA;NA;0;NA;1;0.0392120363636364
76;Y ~ X1 + X2 + X3 + X1:X2;0.5;1;1;300;1;0.00127272727272727;0.785714285714286;1;1785;6;4.66666666666667;3.51188458428425;9;NA;1;0.1214241
77;Y ~ X1 + X2 + X3 + X1:X2;0.5;1;1;300;1;0.00245454545454545;0.75;0.973684210526316;1875;13;3.85714285714286;3.07834216359885;3;NA;0.973684210526316;-0.110476918181818
78;Y ~ X1 + X2 + X3 + X1:X2;0.5;1;1;300;1;9.09090909090909e-05;0;1;10526;2;1;NA;16;NA;1;-0.0973662727272727
79;Y ~ X1 + X2 + X3 + X1:X2;0.5;1;1;300;1;0.00309090909090909;0.771428571428571;1;390;15;4.25;4.86239212146215;3;NA;1;0.0758285727272727
80;Y ~ X1 + X2 + X3 + X1:X2;0.5;1;1;300;1;0.00127272727272727;0.928571428571429;1;6600;2;14;NA;19;NA;1;-0.136540145454545
81;Y ~ X1 + X2 + X3 + X1:X2;0.5;1;1;300;1;0.000727272727272727;0.75;1;5058;4;4;0;13;NA;1;0.0413133
82;Y ~ X1 + X2 + X3 + X1:X2;0.5;1;1;300;1;0.00209090909090909;0.869565217391304;1;4851;6;7.66666666666667;3.21455025366432;13;NA;1;0.140588936363636
83;Y ~ X1 + X2 + X3 + X1:X2;0.5;1;1;300;1;0.00209090909090909;0.826086956521739;1;2462;8;5.75;8.18026079453868;6;NA;1;0.0638543090909091
84;Y ~ X1 + X2 + X3 + X1:X2;0.5;1;1;300;1;0.002;0.818181818181818;1;347;8;5.5;5.25991127935317;5;NA;1;-0.118636390909091
85;Y ~ X1 + X2 + X3 + X1:X2;0.5;1;1;300;1;0.00390909090909091;0.883720930232558;1;920;10;8.6;5.12835256198323;5;NA;1;-0.146157354545455
86;Y ~ X1 + X2 + X3 + X1:X2;0.5;1;1;300;1;0.00281818181818182;0.870967741935484;1;3;8;7.75;7.67571929311297;1;NA;1;-0.0116689909090909
87;Y ~ X1 + X2 + X3 + X1:X2;0.5;1;1;300;1;0.000363636363636364;0.75;1;257;2;4;NA;2;NA;1;-0.0947178090909091
88;Y ~ X1 + X2 + X3 + X1:X2;0.5;1;1;300;1;0.00372727272727273;0.951219512195122;1;4502;4;20.5;13.4350288425444;4;NA;1;0.0257299090909091
89;Y ~ X1 + X2 + X3 + X1:X2;0.5;1;1;300;1;0.000545454545454545;0.666666666666667;1;5731;4;3;2.82842712474619;27;NA;1;0.0369364909090909
90;Y ~ X1 + X2 + X3 + X1:X2;0.5;1;1;300;1;0.000545454545454545;0.666666666666667;1;945;4;3;2.82842712474619;4;NA;1;0.0902211454545454
91;Y ~ X1 + X2 + X3 + X1:X2;0.5;1;1;300;1;0.00172727272727273;0.789473684210526;1;626;8;4.75;4.5;3;NA;1;0.114897381818182
92;Y ~ X1 + X2 + X3 + X1:X2;0.5;1;1;300;1;0.00109090909090909;0.75;1;263;6;4;2.64575131106459;2;NA;1;0.0758181818181818
93;Y ~ X1 + X2 + X3 + X1:X2;0.5;1;1;300;1;0.00109090909090909;0.833333333333333;1;3629;4;6;0;17;NA;1;0.0787265272727273
94;Y ~ X1 + X2 + X3 + X1:X2;0.5;1;1;300;1;0.002;0.863636363636364;1;5605;6;7.33333333333333;4.93288286231625;28;NA;1;0.1521752
95;Y ~ X1 + X2 + X3 + X1:X2;0.5;1;1;300;1;0.002;0.818181818181818;1;196;8;5.5;5.91607978309962;1;NA;1;-0.177619227272727
96;Y ~ X1 + X2 + X3 + X1:X2;0.5;1;1;300;1;0.00581818181818182;0.923076923076923;1;2617;9;12.8;6.18061485614498;13;NA;1;-0.100167118181818
97;Y ~ X1 + X2 + X3 + X1:X2;0.5;1;1;300;1;0.00263636363636364;0.896551724137931;1;3849;6;9.66666666666667;10.785793124909;8;NA;1;-0.0947495818181818
98;Y ~ X1 + X2 + X3 + X1:X2;0.5;1;1;300;1;0.00609090909090909;0.940298507462687;0.977777777777778;921;8;16.75;11.5289490703475;5;NA;0.977777777777778;0.0923451636363637
99;Y ~ X1 + X2 + X3 + X1:X2;0.5;1;1;300;1;0.00172727272727273;0.736842105263158;1;1932;10;3.8;2.38746727726266;14;NA;1;0.159466109090909
100;Y ~ X1 + X2 + X3 + X1:X2;0.5;1;1;300;1;0.00209090909090909;0.869565217391304;1;1945;6;7.66666666666667;9.07377172587747;6;NA;1;-0.0188094363636364
1;Y ~ X1 + X2 + X3 + X1:X2;0.5;1;1;1;300;0.529545454545455;0.947467811158798;0.921052631578947;15;612;19.0359477124183;17.8237826545122;7;0.866666666666667;0.956521739130435;0.178229772727273
2;Y ~ X1 + X2 + X3 + X1:X2;0.5;1;1;1;300;0.514636363636364;0.943639575971731;0.931818181818182;5;639;17.690625;15.8779012726636;2;0.928571428571429;0.9375;-0.165484190909091
3;Y ~ X1 + X2 + X3 + X1:X2;0.5;1;1;1;300;0.557090909090909;0.957075240737718;0.847826086956522;18;527;23.2121212121212;21.2699578577491;3;0.875;0.818181818181818;0.111493054545455
4;Y ~ X1 + X2 + X3 + X1:X2;0.5;1;1;1;300;0.153818181818182;0.80662329982259;0.789473684210526;14;655;5.15853658536585;4.59748505162123;5;0.6;0.818181818181818;-0.0835880363636363
5;Y ~ X1 + X2 + X3 + X1:X2;0.5;1;1;1;300;0.482363636363636;0.93950245005654;0.863636363636364;24;642;16.5295950155763;16.4120733805322;6;0.961538461538462;0.722222222222222;-0.0889322454545455
6;Y ~ X1 + X2 + X3 + X1:X2;0.5;1;1;1;300;0.422090909090909;0.92677148395434;0.804878048780488;75;680;13.6558823529412;12.4763774708197;17;0.933333333333333;0.730769230769231;0.0953391818181818
7;Y ~ X1 + X2 + X3 + X1:X2;0.5;1;1;1;300;0.538090909090909;0.952525764487244;0.903225806451613;36;562;21.0640569395018;20.5607850544158;3;1;0.8;0.126457354545455
8;Y ~ X1 + X2 + X3 + X1:X2;0.5;1;1;1;300;0.533090909090909;0.946955483540849;0.906976744186046;6;623;18.7948717948718;18.0745928333901;2;0.954545454545455;0.857142857142857;-0.0333576545454545
9;Y ~ X1 + X2 + X3 + X1:X2;0.5;1;1;1;300;0.452909090909091;0.928342031312726;0.870967741935484;49;714;13.9162011173184;14.355186848301;9;0.866666666666667;0.875;-0.0396489
10;Y ~ X1 + X2 + X3 + X1:X2;0.5;1;1;1;300;0.516909090909091;0.945831867745339;0.958333333333333;24;616;18.461038961039;15.6282685146886;6;1;0.923076923076923;0.103890172727273
11;Y ~ X1 + X2 + X3 + X1:X2;0.5;1;1;1;300;0.541181818181818;0.946077607928775;0.888888888888889;1;642;18.5451713395639;18.3583764103386;1;1;0.764705882352941;-0.0409209545454545
12;Y ~ X1 + X2 + X3 + X1:X2;0.5;1;1;1;300;0.598818181818182;0.953393046910581;0.888888888888889;19;614;21.4560260586319;19.6636884045827;3;0.954545454545455;0.785714285714286;0.154742645454545
13;Y ~ X1 + X2 + X3 + X1:X2;0.5;1;1;1;300;0.571727272727273;0.9529262086514;0.875;7;593;21.1750841750842;21.4476811276423;2;0.956521739130435;0.764705882352941;-0.0694234545454545
14;Y ~ X1 + X2 + X3 + X1:X2;0.5;1;1;1;300;0.542272727272727;0.950704225352113;0.9375;50;589;20.2203389830508;20.8805053407732;5;0.888888888888889;1;0.0983058181818182
15;Y ~ X1 + X2 + X3 + X1:X2;0.5;1;1;1;300;0.417090909090909;0.917829119442023;0.84375;10;754;12.1697612732095;12.9576986972211;2;1;0.75;0.145718745454545
16;Y ~ X1 + X2 + X3 + X1:X2;0.5;1;1;1;300;0.337363636363636;0.890296495956873;0.883720930232558;20;815;9.09558823529412;8.35415006091898;8;0.941176470588235;0.846153846153846;-0.119513954545455
17;Y ~ X1 + X2 + X3 + X1:X2;0.5;1;1;1;300;0.555909090909091;0.954708960104644;0.95;46;553;22.0758122743682;21.460902092673;2;1;0.882352941176471;0.0432939545454545
18;Y ~ X1 + X2 + X3 + X1:X2;0.5;1;1;1;300;0.589727272727273;0.954832742407893;0.891891891891892;7;586;22.1399317406143;19.9692625787867;2;0.88;0.916666666666667;-0.0296530363636364
19;Y ~ X1 + X2 + X3 + X1:X2;0.5;1;1;1;300;0.573181818181818;0.957494052339413;0.918918918918919;14;536;23.5261194029851;21.6044468619405;2;0.916666666666667;0.923076923076923;0.0655052181818182
20;Y ~ X1 + X2 + X3 + X1:X2;0.5;1;1;1;300;0.378363636363636;0.902474177276003;0.9375;78;811;10.2512315270936;9.91847937173322;16;1;0.9;0.0957357727272727
21;Y ~ X1 + X2 + X3 + X1:X2;0.5;1;1;1;300;0.503454545454545;0.941845764854614;0.911111111111111;33;645;17.1455108359133;17.6288654622662;7;1;0.8;0.0576624090909091
22;Y ~ X1 + X2 + X3 + X1:X2;0.5;1;1;1;300;0.360909090909091;0.910579345088161;0.863636363636364;32;710;11.1830985915493;11.2562723997649;6;0.9;0.833333333333333;-0.0761500636363636
23;Y ~ X1 + X2 + X3 + X1:X2;0.5;1;1;1;300;0.437;0.924901185770751;0.794871794871795;36;722;13.3157894736842;11.7907685170315;8;0.833333333333333;0.761904761904762;-0.0895406181818182
24;Y ~ X1 + X2 + X3 + X1:X2;0.5;1;1;1;300;0.284181818181818;0.90722968650032;0.9;9;580;10.7793103448276;10.4834481275884;3;1;0.869565217391304;-0.0571451454545455
25;Y ~ X1 + X2 + X3 + X1:X2;0.5;1;1;1;300;0.417363636363636;0.915940766550523;0.956521739130435;42;771;11.8937823834197;11.4907806159072;9;0.916666666666667;1;0.097066
26;Y ~ X1 + X2 + X3 + X1:X2;0.5;1;1;1;300;0.372090909090909;0.902492668621701;0.825;7;799;10.2325;8.71281968234409;2;0.842105263157895;0.80952380952381;0.0624259363636364
27;Y ~ X1 + X2 + X3 + X1:X2;0.5;1;1;1;300;0.502272727272727;0.942251991310644;0.975609756097561;4;639;17.265625;17.2128862818995;1;1;0.947368421052632;0.121809227272727
28;Y ~ X1 + X2 + X3 + X1:X2;0.5;1;1;1;300;0.444454545454545;0.924713584288052;0.923076923076923;16;737;13.2493224932249;13.9968030443973;6;1;0.875;-0.188225590909091
29;Y ~ X1 + X2 + X3 + X1:X2;0.5;1;1;1;300;0.391363636363636;0.9198606271777;0.813953488372093;5;690;12.4782608695652;10.3800018702839;3;0.9375;0.740740740740741;0.0976505545454545
30;Y ~ X1 + X2 + X3 + X1:X2;0.5;1;1;1;300;0.577;0.95289112966756;0.92;86;598;21.2274247491639;20.0575125356471;8;0.882352941176471;1;0.0811419727272727
31;Y ~ X1 + X2 + X3 + X1:X2;0.5;1;1;1;300;0.533272727272727;0.944605420146583;0.846153846153846;33;649;18.0492307692308;16.3578059581498;5;0.954545454545455;0.705882352941177;0.106436290909091
32;Y ~ X1 + X2 + X3 + X1:X2;0.5;1;1;1;300;0.490818181818182;0.937939977769544;0.897435897435897;1;671;16.0684523809524;15.7508043476429;1;0.916666666666667;0.866666666666667;0.119307581818182
33;Y ~ X1 + X2 + X3 + X1:X2;0.5;1;1;1;300;0.590272727272727;0.959180529882933;0.95;16;531;24.4097744360902;25.0077976206567;3;1;0.866666666666667;-0.0701921545454545
34;Y ~ X1 + X2 + X3 + X1:X2;0.5;1;1;1;300;0.533090909090909;0.946955483540849;0.906976744186046;6;623;18.7948717948718;18.0745928333901;2;0.954545454545455;0.857142857142857;-0.0333576545454545
35;Y ~ X1 + X2 + X3 + X1:X2;0.5;1;1;1;300;0.432454545454545;0.921168803867984;0.942857142857143;16;750;12.6853333333333;12.474451895339;4;0.941176470588235;0.944444444444444;-0.0982296272727273
36;Y ~ X1 + X2 + X3 + X1:X2;0.5;1;1;1;300;0.223272727272727;0.894543973941368;0.837209302325581;47;518;9.48262548262548;9.0880003972083;3;0.714285714285714;0.861111111111111;-0.151260318181818
37;Y ~ X1 + X2 + X3 + X1:X2;0.5;1;1;1;300;0.377727272727273;0.917930204572804;0.804878048780488;21;682;12.1847507331378;12.1562572490603;4;0.857142857142857;0.777777777777778;0.0912942818181818
38;Y ~ X1 + X2 + X3 + X1:X2;0.5;1;1;1;300;0.514727272727273;0.950008832361774;0.892857142857143;8;567;19.9366197183099;19.6626009691633;3;1;0.842105263157895;0.0995478272727272
39;Y ~ X1 + X2 + X3 + X1:X2;0.5;1;1;1;300;0.307272727272727;0.861538461538462;0.783783783783784;2;936;7.22222222222222;6.80107197887661;2;0.888888888888889;0.75;0.0978905636363636
40;Y ~ X1 + X2 + X3 + X1:X2;0.5;1;1;1;300;0.541;0.951268694337086;0.880952380952381;6;580;20.5206896551724;20.8473091093451;2;0.956521739130435;0.789473684210526;-0.126453036363636
41;Y ~ X1 + X2 + X3 + X1:X2;0.5;1;1;1;300;0.575090909090909;0.952892823269048;0.96969696969697;4;596;21.2281879194631;22.0448336573766;2;1;0.933333333333333;0.0671996454545455
42;Y ~ X1 + X2 + X3 + X1:X2;0.5;1;1;1;300;0.284545454545455;0.866134185303514;0.76;19;838;7.47016706443914;6.86304455719415;6;1;0.7;-0.0788558454545455
43;Y ~ X1 + X2 + X3 + X1:X2;0.5;1;1;1;300;0.196363636363636;0.836574074074074;0.838709677419355;18;706;6.11898016997167;6.11002409254967;5;0.666666666666667;0.88;0.134304409090909
44;Y ~ X1 + X2 + X3 + X1:X2;0.5;1;1;1;300;0.571909090909091;0.95691573926868;0.925925925925926;27;543;23.1286764705882;21.5988670199247;3;1;0.8;0.0779909363636364
45;Y ~ X1 + X2 + X3 + X1:X2;0.5;1;1;1;300;0.532636363636364;0.951186209250725;0.935483870967742;15;572;20.486013986014;20.5278966420618;5;0.928571428571429;0.941176470588235;0.111271245454545
46;Y ~ X1 + X2 + X3 + X1:X2;0.5;1;1;1;300;0.448909090909091;0.921004658699615;0.847826086956522;2;781;12.6291560102302;12.7546097872227;2;0.909090909090909;0.791666666666667;-0.0972916
47;Y ~ X1 + X2 + X3 + X1:X2;0.5;1;1;1;300;0.177363636363636;0.771399282419272;0.676470588235294;8;892;4.37443946188341;3.79013165994239;2;0.833333333333333;0.642857142857143;-0.178399136363636
48;Y ~ X1 + X2 + X3 + X1:X2;0.5;1;1;1;300;0.550272727272727;0.950594844679445;0.928571428571429;3;599;20.1766666666667;20.1098685126035;1;1;0.863636363636364;-0.1063853
49;Y ~ X1 + X2 + X3 + X1:X2;0.5;1;1;1;300;0.423545454545455;0.925289823958781;0.872340425531915;20;697;13.3495702005731;13.1198446290573;6;0.95;0.814814814814815;0.0205275181818182
50;Y ~ X1 + X2 + X3 + X1:X2;0.5;1;1;1;300;0.0945454545454545;0.7125;0.8;55;598;3.47826086956522;3.18058745557974;18;0.714285714285714;0.815789473684211;-0.135818263636364
51;Y ~ X1 + X2 + X3 + X1:X2;0.5;1;1;1;300;0.548545454545455;0.952096800928228;0.909090909090909;15;579;20.8068965517241;19.719590158267;5;1;0.8125;-0.128899081818182
52;Y ~ X1 + X2 + X3 + X1:X2;0.5;1;1;1;300;0.522454545454546;0.94884287454324;0.92;1;588;19.547619047619;19.9395702533558;1;1;0.818181818181818;-0.118070972727273
53;Y ~ X1 + X2 + X3 + X1:X2;0.5;1;1;1;300;0.469545454545455;0.932042594385286;0.962962962962963;15;702;14.7150997150997;13.3388273174337;4;0.916666666666667;1;0.103647927272727
54;Y ~ X1 + X2 + X3 + X1:X2;0.5;1;1;1;300;0.132727272727273;0.802054794520548;0.838709677419355;124;578;5.05190311418685;5.25800363905906;16;0.666666666666667;0.88;0.0886450181818182
55;Y ~ X1 + X2 + X3 + X1:X2;0.5;1;1;1;300;0.412272727272727;0.912218791354213;0.780487804878049;18;797;11.3659147869674;11.1342398748505;5;0.944444444444444;0.652173913043478;0.132760636363636
56;Y ~ X1 + X2 + X3 + X1:X2;0.5;1;1;1;300;0.625545454545455;0.957703488372093;0.878048780487805;18;583;23.5650684931507;24.0670429356287;4;0.925925925925926;0.785714285714286;0.0596346909090909
57;Y ~ X1 + X2 + X3 + X1:X2;0.5;1;1;1;300;0.546727272727273;0.949950116395078;1;21;602;19.9800664451827;22.8229329402592;6;1;1;0.123613518181818
58;Y ~ X1 + X2 + X3 + X1:X2;0.5;1;1;1;300;0.510454545454545;0.94284188034188;0.838709677419355;73;641;17.4922118380062;18.4834580207542;5;0.933333333333333;0.75;-0.0311234636363636
59;Y ~ X1 + X2 + X3 + X1:X2;0.5;1;1;1;300;0.441727272727273;0.928571428571429;0.916666666666667;2;695;13.9626436781609;13.5770312025909;1;0.928571428571429;0.909090909090909;0.0988017363636364
60;Y ~ X1 + X2 + X3 + X1:X2;0.5;1;1;1;300;0.563909090909091;0.957439948412059;0.957446808510638;42;528;23.4962121212121;23.519104459371;3;1;0.894736842105263;0.0642815090909091
61;Y ~ X1 + X2 + X3 + X1:X2;0.5;1;1;1;300;0.489090909090909;0.943122676579926;0.966666666666667;1;612;17.5816993464052;18.5492218489379;1;1;0.944444444444444;0.0738087636363636
62;Y ~ X1 + X2 + X3 + X1:X2;0.5;1;1;1;300;0.407181818181818;0.921634293369056;0.85;5;702;12.7606837606838;12.1556450655532;1;0.904761904761905;0.789473684210526;0.152983327272727
63;Y ~ X1 + X2 + X3 + X1:X2;0.5;1;1;1;300;0.410909090909091;0.923655676034521;0.769230769230769;54;691;13.0635838150289;13.0164445774521;8;0.857142857142857;0.666666666666667;0.156896254545455
64;Y ~ X1 + X2 + X3 + X1:X2;0.5;1;1;1;300;0.272909090909091;0.860759493670886;0.8;2;836;7.18181818181818;6.51583237249327;1;0.8;0.8;-0.0688845181818182
65;Y ~ X1 + X2 + X3 + X1:X2;0.5;1;1;1;300;0.527909090909091;0.943870523415978;0.675675675675676;41;651;17.8128834355828;15.5024152847296;3;0.928571428571429;0.521739130434783;0.0672276090909091
66;Y ~ X1 + X2 + X3 + X1:X2;0.5;1;1;1;300;0.582909090909091;0.955545156761816;0.891304347826087;6;571;22.4195804195804;22.9018998943473;2;0.904761904761905;0.88;-0.0354946272727273
67;Y ~ X1 + X2 + X3 + X1:X2;0.5;1;1;1;300;0.482363636363636;0.93950245005654;0.863636363636364;24;642;16.5295950155763;16.4120733805322;6;0.961538461538462;0.722222222222222;-0.0889322454545455
68;Y ~ X1 + X2 + X3 + X1:X2;0.5;1;1;1;300;0.416818181818182;0.922774869109948;0.766666666666667;82;709;12.9154929577465;12.4196246188999;13;0.9375;0.571428571428571;-0.177701427272727
69;Y ~ X1 + X2 + X3 + X1:X2;0.5;1;1;1;300;0.546181818181818;0.950224737805893;0.914285714285714;16;599;20.0266666666667;17.7498209201637;1;0.9375;0.894736842105263;0.0570760454545455
70;Y ~ X1 + X2 + X3 + X1:X2;0.5;1;1;1;300;0.565454545454545;0.955459077022029;0.973684210526316;7;555;22.3741007194245;20.6431860879045;2;1;0.952380952380952;-0.0740728636363636
71;Y ~ X1 + X2 + X3 + X1:X2;0.5;1;1;1;300;0.561181818181818;0.950907323395982;0.885714285714286;3;607;20.3059210526316;19.1727038282595;2;0.947368421052632;0.8125;0.0511954
72;Y ~ X1 + X2 + X3 + X1:X2;0.5;1;1;1;300;0.268636363636364;0.896820027063599;0.882352941176471;36;609;9.68852459016393;8.43305874068833;2;1;0.833333333333333;0.148929127272727
73;Y ~ X1 + X2 + X3 + X1:X2;0.5;1;1;1;300;0.557909090909091;0.950138504155125;0.930232558139535;1;612;20.0555555555556;18.7880373132424;1;1;0.85;0.155564372727273
74;Y ~ X1 + X2 + X3 + X1:X2;0.5;1;1;1;300;0.565272727272727;0.956899324541653;0.918918918918919;91;536;23.2014925373134;22.3753408446397;15;1;0.85;-0.0253778272727273
75;Y ~ X1 + X2 + X3 + X1:X2;0.5;1;1;1;300;0.555272727272727;0.954485920104781;0.95;51;556;21.9712230215827;20.8400968858115;6;1;0.882352941176471;0.0401686272727273
76;Y ~ X1 + X2 + X3 + X1:X2;0.5;1;1;1;300;0.484090909090909;0.935774647887324;0.930232558139535;8;684;15.5701754385965;15.5847711016784;4;0.952380952380952;0.909090909090909;0.115674072727273
77;Y ~ X1 + X2 + X3 + X1:X2;0.5;1;1;1;300;0.498;0.944880452637343;0.894736842105263;7;603;18.1993355481728;17.9296811523155;2;0.941176470588235;0.857142857142857;-0.1138238
78;Y ~ X1 + X2 + X3 + X1:X2;0.5;1;1;1;300;0.551272727272727;0.953323437242289;0.96551724137931;21;567;21.3521126760563;19.4773392596996;4;0.944444444444444;1;-0.0951792090909091
79;Y ~ X1 + X2 + X3 + X1:X2;0.5;1;1;1;300;0.576727272727273;0.953814627994956;0.956521739130435;16;586;21.578231292517;20.9005201594621;3;0.96969696969697;0.923076923076923;0.0718931909090909
80;Y ~ X1 + X2 + X3 + X1:X2;0.5;1;1;1;300;0.562363636363636;0.953928225024248;0.948717948717949;23;570;21.7052631578947;22.8902188737669;2;0.956521739130435;0.9375;-0.135663590909091
81;Y ~ X1 + X2 + X3 + X1:X2;0.5;1;1;1;300;0.505636363636364;0.944983818770227;0.933333333333333;23;612;18.1764705882353;18.9420575152819;5;0.933333333333333;0.933333333333333;0.0425416181818182
82;Y ~ X1 + X2 + X3 + X1:X2;0.5;1;1;1;300;0.511090909090909;0.947874043764455;0.9;4;587;19.1224489795918;18.4264604069471;2;0.952380952380952;0.842105263157895;0.137670863636364
83;Y ~ X1 + X2 + X3 + X1:X2;0.5;1;1;1;300;0.594818181818182;0.958422500764292;0.861111111111111;4;545;23.967032967033;22.6960983379807;2;0.956521739130435;0.692307692307692;0.0627054454545455
84;Y ~ X1 + X2 + X3 + X1:X2;0.5;1;1;1;300;0.365272727272727;0.91984067712223;0.92;3;645;12.4396284829721;11.7369688220012;3;1;0.882352941176471;-0.115630063636364
85;Y ~ X1 + X2 + X3 + X1:X2;0.5;1;1;1;300;0.262454545454545;0.901593901593902;0.878048780487805;9;569;10.1298245614035;9.38762229927801;1;1;0.857142857142857;-0.147192027272727
86;Y ~ X1 + X2 + X3 + X1:X2;0.5;1;1;1;300;0.537727272727273;0.945383834967873;0.8;1;647;18.2561728395062;17.5050401989347;1;0.875;0.636363636363636;-0.0089828
87;Y ~ X1 + X2 + X3 + X1:X2;0.5;1;1;1;300;0.480727272727273;0.930219364599092;0.775;1;738;14.3306233062331;12.6340275469102;1;0.947368421052632;0.619047619047619;-0.0911671181818182
88;Y ~ X1 + X2 + X3 + X1:X2;0.5;1;1;1;300;0.555545454545455;0.953682487725041;0.918918918918919;24;567;21.5176056338028;22.3827065984161;3;0.944444444444444;0.894736842105263;0.0268508090909091
89;Y ~ X1 + X2 + X3 + X1:X2;0.5;1;1;1;300;0.458545454545455;0.920896114195083;0.794871794871795;18;798;12.6416040100251;13.152540440301;2;0.952380952380952;0.611111111111111;0.0400748272727273
90;Y ~ X1 + X2 + X3 + X1:X2;0.5;1;1;1;300;0.536454545454545;0.950177935943061;0.916666666666667;17;588;20.0714285714286;19.6057994484706;5;0.952380952380952;0.866666666666667;0.0876174636363636
91;Y ~ X1 + X2 + X3 + X1:X2;0.5;1;1;1;300;0.563454545454545;0.950467892868667;0.827586206896552;16;614;20.1889250814332;21.4482994698406;4;0.875;0.769230769230769;0.112720418181818
92;Y ~ X1 + X2 + X3 + X1:X2;0.5;1;1;1;300;0.556181818181818;0.952754618276933;0.971428571428571;40;579;21.0965517241379;21.424309233451;7;1;0.923076923076923;0.0771897454545454
93;Y ~ X1 + X2 + X3 + X1:X2;0.5;1;1;1;300;0.345272727272727;0.889913089281011;0.875;58;837;9.06443914081146;9.01610204225524;17;0.933333333333333;0.84;0.0813616818181818
94;Y ~ X1 + X2 + X3 + X1:X2;0.5;1;1;1;300;0.217454545454545;0.832357859531773;0.815789473684211;34;802;5.96508728179551;5.41421998582094;10;1;0.730769230769231;0.152508381818182
95;Y ~ X1 + X2 + X3 + X1:X2;0.5;1;1;1;300;0.525090909090909;0.944771468144044;0.923076923076923;58;638;18.1065830721003;16.9626278238486;16;0.954545454545455;0.882352941176471;-0.182436454545455
96;Y ~ X1 + X2 + X3 + X1:X2;0.5;1;1;1;300;0.235818181818182;0.856592135697764;0.774193548387097;24;744;6.9544235924933;5.7089406397938;6;1;0.695652173913043;-0.102995836363636
97;Y ~ X1 + X2 + X3 + X1:X2;0.5;1;1;1;300;0.542363636363636;0.948868398994132;0.92;13;611;19.4967320261438;21.1816884055913;3;1;0.777777777777778;-0.0983237363636364
98;Y ~ X1 + X2 + X3 + X1:X2;0.5;1;1;1;300;0.515272727272727;0.943885653785071;0.844444444444444;2;637;17.7680250783699;15.3464020587991;2;0.964285714285714;0.647058823529412;0.0909371272727273
99;Y ~ X1 + X2 + X3 + X1:X2;0.5;1;1;1;300;0.533818181818182;0.950102179836512;0.970588235294118;2;586;20.0409556313993;19.1616687626254;2;1;0.941176470588235;0.163819081818182
100;Y ~ X1 + X2 + X3 + X1:X2;0.5;1;1;1;300;0.591818181818182;0.956989247311828;0.911764705882353;16;560;23.25;22.1785278315355;2;0.944444444444444;0.875;-0.0179149272727273
1;Y ~ X1 + X2 + X3 + X1:X2;0.8;1;1;1;1;0.0475454545454545;0.640535372848948;0.704210147535085;45;376;2.78191489361702;2.19632472619114;11;0.618320610687023;0.708459214501511;0.0329601
2;Y ~ X1 + X2 + X3 + X1:X2;0.8;1;1;1;1;0.0502727272727273;0.66003616636528;0.708140774973338;59;376;2.94148936170213;2.49315252935828;15;0.652482269503546;0.711077844311377;-0.0313599909090909
3;Y ~ X1 + X2 + X3 + X1:X2;0.8;1;1;1;1;0.0897272727272727;0.720364741641337;0.691830780452225;16;552;3.57608695652174;3.24143748914697;5;0.765182186234818;0.684569138276553;0.0225251090909091
4;Y ~ X1 + X2 + X3 + X1:X2;0.8;1;1;1;1;0.0554545454545455;0.642622950819672;0.67329650092081;249;436;2.79816513761468;2.45992700245282;66;0.583333333333333;0.678780773739742;-0.0349662181818182
5;Y ~ X1 + X2 + X3 + X1:X2;0.8;1;1;1;1;0.0995454545454545;0.743144424131627;0.73616709417369;74;563;3.88297872340426;3.87304688368819;20;0.72108843537415;0.737987679671458;-0.00690659090909091
6;Y ~ X1 + X2 + X3 + X1:X2;0.8;1;1;1;1;0.0509090909090909;0.683928571428571;0.71278140885984;130;354;3.1638418079096;3.37120880293922;41;0.695945945945946;0.713737528779739;0.0053787090909091
7;Y ~ X1 + X2 + X3 + X1:X2;0.8;1;1;1;1;0.072;0.674242424242424;0.681735985533454;83;516;3.06976744186047;2.77477813888342;18;0.623809523809524;0.686497064579256;0.0198120727272727
8;Y ~ X1 + X2 + X3 + X1:X2;0.8;1;1;1;1;0.107727272727273;0.746835443037975;0.729759299781182;3;600;3.95;3.43124050034932;1;0.75;0.72734693877551;-0.0100334272727273
9;Y ~ X1 + X2 + X3 + X1:X2;0.8;1;1;1;1;0.0902727272727273;0.709255533199195;0.681422351233672;98;577;3.43598615916955;2.91849094374073;33;0.695473251028807;0.680063668921608;-0.0058501
10;Y ~ X1 + X2 + X3 + X1:X2;0.8;1;1;1;1;0.0510909090909091;0.641711229946524;0.727706422018349;70;403;2.78217821782178;2.35041632978166;18;0.685483870967742;0.729719338715878;0.0308656
11;Y ~ X1 + X2 + X3 + X1:X2;0.8;1;1;1;1;0.144272727272727;0.781978575929427;0.771896420411272;33;692;4.58670520231214;4.31844672959163;3;0.79155672823219;0.768580329327993;-0.0187911545454545
12;Y ~ X1 + X2 + X3 + X1:X2;0.8;1;1;1;1;0.0712727272727273;0.701530612244898;0.701161946259986;5;468;3.35042735042735;2.91014575484491;2;0.711340206185567;0.700390625;0.00966181818181818
13;Y ~ X1 + X2 + X3 + X1:X2;0.8;1;1;1;1;0.102636363636364;0.712134632418069;0.672155140870838;35;650;3.47384615384615;3.36513885956576;14;0.703971119133574;0.6685667752443;-0.00520944545454546
14;Y ~ X1 + X2 + X3 + X1:X2;0.8;1;1;1;1;0.096;0.696969696969697;0.666169895678092;16;640;3.3;2.90993326362411;4;0.675889328063241;0.665158371040724;0.0214725454545454
15;Y ~ X1 + X2 + X3 + X1:X2;0.8;1;1;1;1;0.0636363636363636;0.678571428571429;0.687766714082504;5;450;3.11111111111111;2.50376700320721;2;0.645161290322581;0.690784463061691;0.0302539363636364
16;Y ~ X1 + X2 + X3 + X1:X2;0.8;1;1;1;1;0.0794545454545455;0.707093821510298;0.699889258028793;131;512;3.4140625;2.86432374046582;37;0.715;0.698684734954165;-0.00510730909090909
17;Y ~ X1 + X2 + X3 + X1:X2;0.8;1;1;1;1;0.115727272727273;0.76138147566719;0.682109764789736;19;607;4.2013201320132;3.91241844886644;9;0.748427672955975;0.673633440514469;0.00915044545454546
18;Y ~ X1 + X2 + X3 + X1:X2;0.8;1;1;1;1;0.107909090909091;0.750631844987363;0.674608819345661;61;592;4.01013513513514;3.51412143688889;16;0.769230769230769;0.663895486935867;-0.0065957
19;Y ~ X1 + X2 + X3 + X1:X2;0.8;1;1;1;1;0.104272727272727;0.749782040104621;0.708015959376133;38;574;3.99651567944251;3.93433714824772;12;0.716262975778547;0.707050243111831;0.0292367727272727
20;Y ~ X1 + X2 + X3 + X1:X2;0.8;1;1;1;1;0.0703636363636364;0.685161290322581;0.66144668158091;67;487;3.17213114754098;2.74331997641865;26;0.657608695652174;0.661729383506805;0.0211918
21;Y ~ X1 + X2 + X3 + X1:X2;0.8;1;1;1;1;0.0939090909090909;0.723136495643756;0.713347921225383;15;572;3.61188811188811;3.48224548467039;4;0.657587548638132;0.719114688128773;0.00220669090909091
22;Y ~ X1 + X2 + X3 + X1:X2;0.8;1;1;1;1;0.0820909090909091;0.700996677740864;0.721966749204103;61;540;3.34444444444444;3.20719837824581;10;0.686440677966102;0.725202624469317;-0.0264879181818182
23;Y ~ X1 + X2 + X3 + X1:X2;0.8;1;1;1;1;0.0670909090909091;0.68970189701897;0.682650073206442;15;458;3.22270742358079;2.58847133763887;8;0.656410256410256;0.684666929444225;-0.0179621454545454
24;Y ~ X1 + X2 + X3 + X1:X2;0.8;1;1;1;1;0.0984545454545455;0.735674676524954;0.749069247952346;99;573;3.77351916376307;3.53220881470015;26;0.711026615969582;0.753198514238547;-0.0156614545454545
25;Y ~ X1 + X2 + X3 + X1:X2;0.8;1;1;1;1;0.0684545454545454;0.70159151193634;0.684489950701555;24;449;3.34666666666667;3.32801957411826;9;0.658823529411765;0.686258613700851;0.0233317
26;Y ~ X1 + X2 + X3 + X1:X2;0.8;1;1;1;1;0.09;0.695959595959596;0.669787540511343;60;602;3.2890365448505;2.98320511117266;20;0.666666666666667;0.67009900990099;0.0345244181818182
27;Y ~ X1 + X2 + X3 + X1:X2;0.8;1;1;1;1;0.0810909090909091;0.705156950672646;0.703581871345029;3;526;3.39163498098859;3.11770467349588;1;0.668202764976959;0.706629614926558;0.0172050454545454
28;Y ~ X1 + X2 + X3 + X1:X2;0.8;1;1;1;1;0.0355454545454545;0.585677749360614;0.720363636363636;96;324;2.41358024691358;2.00200229499684;32;0.566037735849057;0.726550680786687;-0.0327639181818182
29;Y ~ X1 + X2 + X3 + X1:X2;0.8;1;1;1;1;0.107090909090909;0.753820033955857;0.754834002188982;16;580;4.06206896551724;3.8765030609283;2;0.752442996742671;0.755135579293344;0.0119631818181818
30;Y ~ X1 + X2 + X3 + X1:X2;0.8;1;1;1;1;0.0831818181818182;0.715846994535519;0.693218514531755;102;520;3.51923076923077;3.07995377174971;30;0.649122807017544;0.697147323173114;0.0257505636363636
31;Y ~ X1 + X2 + X3 + X1:X2;0.8;1;1;1;1;0.0651818181818182;0.724233983286908;0.7302679217958;5;395;3.63959390862944;3.15534141196878;2;0.73469387755102;0.729929851909587;0.0187991818181818
32;Y ~ X1 + X2 + X3 + X1:X2;0.8;1;1;1;1;0.0780909090909091;0.693830034924331;0.707074428887251;8;526;3.26615969581749;3.15464568442277;2;0.668292682926829;0.710243124750897;0.000528881818181823
33;Y ~ X1 + X2 + X3 + X1:X2;0.8;1;1;1;1;0.126636363636364;0.738693467336683;0.689257390050469;3;728;3.82692307692308;3.65980932297953;1;0.703504043126685;0.687057844361215;-0.012644
34;Y ~ X1 + X2 + X3 + X1:X2;0.8;1;1;1;1;0.107727272727273;0.746835443037975;0.729759299781182;3;600;3.95;3.43124050034932;1;0.75;0.72734693877551;-0.0100334272727273
35;Y ~ X1 + X2 + X3 + X1:X2;0.8;1;1;1;1;0.0713636363636364;0.677295918367347;0.71259418729817;96;507;3.09055118110236;2.73385835645895;40;0.607655502392344;0.721101629169899;-0.0252999363636364
36;Y ~ X1 + X2 + X3 + X1:X2;0.8;1;1;1;1;0.0710909090909091;0.681585677749361;0.7309963099631;58;498;3.14056224899598;3.02415032140804;12;0.626943005181347;0.738974970202622;-0.0214707454545454
37;Y ~ X1 + X2 + X3 + X1:X2;0.8;1;1;1;1;0.0849090909090909;0.728051391862955;0.735546038543897;14;508;3.67716535433071;3.26650721771435;3;0.737068965517241;0.735408560311284;0.0181336181818182
38;Y ~ X1 + X2 + X3 + X1:X2;0.8;1;1;1;1;0.0853636363636364;0.723109691160809;0.729593671341244;49;520;3.61153846153846;3.60596105815844;13;0.69620253164557;0.732704402515723;0.048693
39;Y ~ X1 + X2 + X3 + X1:X2;0.8;1;1;1;1;0.0705454545454546;0.710051546391752;0.741423828845444;44;450;3.44888888888889;3.11079788672673;9;0.723404255319149;0.742766547760602;0.0209891818181818
40;Y ~ X1 + X2 + X3 + X1:X2;0.8;1;1;1;1;0.0538181818181818;0.665540540540541;0.708489857250188;210;396;2.98989898989899;2.42237853281493;62;0.655629139072848;0.711668657905217;-0.0481623363636364
41;Y ~ X1 + X2 + X3 + X1:X2;0.8;1;1;1;1;0.100909090909091;0.721621621621622;0.670579603815114;2;618;3.59223300970874;3.5977181437175;1;0.67595818815331;0.669946699466995;0.0342987181818182
42;Y ~ X1 + X2 + X3 + X1:X2;0.8;1;1;1;1;0.0528181818181818;0.707401032702238;0.738644556596972;328;340;3.41764705882353;2.96063628498564;82;0.736434108527132;0.73875236294896;-0.00962477272727272
43;Y ~ X1 + X2 + X3 + X1:X2;0.8;1;1;1;1;0.0596363636363636;0.649390243902439;0.691083980762116;51;460;2.85217391304348;2.28816388036812;16;0.635802469135803;0.694608421881149;0.0224867090909091
44;Y ~ X1 + X2 + X3 + X1:X2;0.8;1;1;1;1;0.0896363636363636;0.706896551724138;0.679408582762351;111;578;3.41176470588235;3.07769755210323;35;0.66793893129771;0.680605336519315;0.0345909818181818
45;Y ~ X1 + X2 + X3 + X1:X2;0.8;1;1;1;1;0.0870909090909091;0.719958202716823;0.688693098384728;20;537;3.56133828996283;3.20926708412099;7;0.732;0.684316895715441;0.0172873181818182
46;Y ~ X1 + X2 + X3 + X1:X2;0.8;1;1;1;1;0.0578181818181818;0.677672955974843;0.691033489377026;26;410;3.10243902439024;2.76962585114531;9;0.660377358490566;0.692895339954164;-0.0390038272727273
47;Y ~ X1 + X2 + X3 + X1:X2;0.8;1;1;1;1;0.0285454545454545;0.624203821656051;0.754392386530015;328;236;2.66101694915254;2.26538553154819;81;0.582278481012658;0.759517527327554;-0.0459475272727273
48;Y ~ X1 + X2 + X3 + X1:X2;0.8;1;1;1;1;0.0660909090909091;0.669876203576341;0.683389074693422;9;480;3.02916666666667;2.49081646587352;4;0.605555555555556;0.688968538430904;-0.0491043363636364
49;Y ~ X1 + X2 + X3 + X1:X2;0.8;1;1;1;1;0.0995454545454545;0.726027397260274;0.745019920318725;1;600;3.65;3.05153615572534;1;0.667844522968198;0.753833736884584;0.0149522545454545
50;Y ~ X1 + X2 + X3 + X1:X2;0.8;1;1;1;1;0.052;0.673076923076923;0.738060781476122;130;374;3.05882352941176;3.18966150930777;35;0.660493827160494;0.742890084550346;-0.0159322272727273
51;Y ~ X1 + X2 + X3 + X1:X2;0.8;1;1;1;1;0.0703636363636364;0.691214470284238;0.678821362799263;51;478;3.23849372384937;2.76488018320531;19;0.68075117370892;0.678657074340528;-0.0174996181818182
52;Y ~ X1 + X2 + X3 + X1:X2;0.8;1;1;1;1;0.0803636363636364;0.707013574660633;0.721371261852662;65;518;3.41312741312741;3.27001610051945;11;0.691304347826087;0.724124203821656;-0.0103533454545455
53;Y ~ X1 + X2 + X3 + X1:X2;0.8;1;1;1;1;0.0752727272727273;0.706521739130435;0.685217391304348;25;486;3.40740740740741;2.63688605064328;8;0.683962264150943;0.685317311303042;0.0471021363636364
54;Y ~ X1 + X2 + X3 + X1:X2;0.8;1;1;1;1;0.0541818181818182;0.660504201680672;0.710011082379017;7;405;2.935960591133;2.89260536205986;3;0.627118644067797;0.715810276679842;0.0226865909090909
55;Y ~ X1 + X2 + X3 + X1:X2;0.8;1;1;1;1;0.0633636363636364;0.66571018651363;0.716101694915254;23;466;2.99141630901288;2.64736599138069;9;0.676470588235294;0.718632607062359;0.0270175909090909
56;Y ~ X1 + X2 + X3 + X1:X2;0.8;1;1;1;1;0.115272727272727;0.766561514195584;0.697969543147208;10;592;4.28378378378378;3.94717756367683;2;0.766025641025641;0.689288634505315;0.0149617363636364
57;Y ~ X1 + X2 + X3 + X1:X2;0.8;1;1;1;1;0.0937272727272727;0.717749757516974;0.724010358860525;59;582;3.54295532646048;3.08288549253234;23;0.72;0.724419078679168;0.0139391636363636
58;Y ~ X1 + X2 + X3 + X1:X2;0.8;1;1;1;1;0.0740909090909091;0.699754901960784;0.679369732502748;69;489;3.3265306122449;3.04601160281931;27;0.707070707070707;0.677202686685105;0.000785427272727271
59;Y ~ X1 + X2 + X3 + X1:X2;0.8;1;1;1;1;0.0884545454545455;0.723535457348407;0.72733838931022;3;538;3.61710037174721;3.41941413890169;1;0.746987951807229;0.725396825396825;0.0303297818181818
60;Y ~ X1 + X2 + X3 + X1:X2;0.8;1;1;1;1;0.109272727272727;0.733777038269551;0.690047741461623;23;640;3.75625;3.46906955445804;10;0.729824561403509;0.685397867104184;0.0127863454545455
61;Y ~ X1 + X2 + X3 + X1:X2;0.8;1;1;1;1;0.0703636363636364;0.686934023285899;0.66984592809978;19;485;3.18518518518519;2.70495922477835;6;0.669950738916256;0.669837495045581;0.0285642454545455
62;Y ~ X1 + X2 + X3 + X1:X2;0.8;1;1;1;1;0.068;0.704545454545455;0.749455337690632;91;442;3.38461538461538;3.05577522696978;21;0.708994708994709;0.752436647173489;0.0188431090909091
63;Y ~ X1 + X2 + X3 + X1:X2;0.8;1;1;1;1;0.059;0.627118644067797;0.728608152772677;8;484;2.68181818181818;2.39856457765786;1;0.642857142857143;0.734246575342466;0.0259742545454546
64;Y ~ X1 + X2 + X3 + X1:X2;0.8;1;1;1;1;0.069;0.669301712779974;0.695416817033562;156;502;3.02390438247012;2.63351975402136;49;0.628140703517588;0.700622083981338;-0.0154319636363636
65;Y ~ X1 + X2 + X3 + X1:X2;0.8;1;1;1;1;0.118909090909091;0.750764525993884;0.725763862693323;28;652;4;4.00076679766831;9;0.714285714285714;0.727390180878553;0.00174479090909091
66;Y ~ X1 + X2 + X3 + X1:X2;0.8;1;1;1;1;0.124818181818182;0.770575382374363;0.748421052631579;38;630;4.35873015873016;4.04688426665727;9;0.755102040816326;0.747506980454727;-0.0016026
67;Y ~ X1 + X2 + X3 + X1:X2;0.8;1;1;1;1;0.0995454545454545;0.743144424131627;0.73616709417369;74;563;3.88297872340426;3.87304688368819;20;0.72108843537415;0.737987679671458;-0.00690659090909091
68;Y ~ X1 + X2 + X3 + X1:X2;0.8;1;1;1;1;0.0351818181818182;0.630490956072351;0.761675315048184;19;286;2.70629370629371;2.34320163731787;3;0.608695652173913;0.767075978511128;-0.0348342545454546
69;Y ~ X1 + X2 + X3 + X1:X2;0.8;1;1;1;1;0.0921818181818182;0.747534516765286;0.737722808293925;30;512;3.9609375;3.49206909562618;9;0.79295154185022;0.732751784298176;0.0134986
70;Y ~ X1 + X2 + X3 + X1:X2;0.8;1;1;1;1;0.110909090909091;0.745081967213115;0.706222865412446;140;622;3.92282958199357;3.48367062161397;35;0.712418300653595;0.705451586655818;-0.0169003909090909
71;Y ~ X1 + X2 + X3 + X1:X2;0.8;1;1;1;1;0.102181818181818;0.751779359430605;0.689463955637708;32;558;4.02867383512545;3.32840976208053;7;0.802768166089965;0.67591059602649;-0.0114718363636364
72;Y ~ X1 + X2 + X3 + X1:X2;0.8;1;1;1;1;0.0359090909090909;0.578282828282828;0.771357674583481;84;333;2.36526946107784;2.54207789363638;11;0.541666666666667;0.779449541284404;0.0569072818181818
73;Y ~ X1 + X2 + X3 + X1:X2;0.8;1;1;1;1;0.0542727272727273;0.673366834170854;0.756550218340611;6;390;3.06153846153846;2.69713626142402;3;0.711656441717791;0.759381044487427;0.0404324272727273
74;Y ~ X1 + X2 + X3 + X1:X2;0.8;1;1;1;1;0.124545454545455;0.751824817518248;0.718335787923417;93;680;4.02941176470588;3.69712711649132;23;0.787425149700599;0.708648194794291;0.0152689181818182
75;Y ~ X1 + X2 + X3 + X1:X2;0.8;1;1;1;1;0.117090909090909;0.742236024844721;0.691304347826087;74;664;3.87951807228916;3.52769822291225;24;0.726153846153846;0.686652977412731;0.0122336818181818
76;Y ~ X1 + X2 + X3 + X1:X2;0.8;1;1;1;1;0.0808181818181818;0.68503937007874;0.738350017259234;19;560;3.175;2.94417899662329;9;0.680365296803653;0.743091859596714;0.0406238818181818
77;Y ~ X1 + X2 + X3 + X1:X2;0.8;1;1;1;1;0.0934545454545455;0.701652089407191;0.715479651162791;15;613;3.35947712418301;3.41666960666587;2;0.662790697674419;0.720930232558139;-0.0134935818181818
78;Y ~ X1 + X2 + X3 + X1:X2;0.8;1;1;1;1;0.0846363636363636;0.730397422126745;0.721856725146199;90;502;3.70916334661355;3.32491739705081;21;0.733050847457627;0.7208;-0.0139961636363636
79;Y ~ X1 + X2 + X3 + X1:X2;0.8;1;1;1;1;0.0807272727272727;0.696287964004499;0.677859778597786;46;539;3.28888888888889;3.15136523590363;16;0.623255813953488;0.682565130260521;0.0399553636363636
80;Y ~ X1 + X2 + X3 + X1:X2;0.8;1;1;1;1;0.0836363636363636;0.682608695652174;0.669406719085061;1;584;3.15068493150685;2.58954404497622;1;0.672727272727273;0.669123351435221;-0.0214839545454545
81;Y ~ X1 + X2 + X3 + X1:X2;0.8;1;1;1;1;0.100181818181818;0.725952813067151;0.659732540861813;13;604;3.64900662251656;3.1129323550524;3;0.691756272401434;0.656029838375466;-0.0148720454545455
82;Y ~ X1 + X2 + X3 + X1:X2;0.8;1;1;1;1;0.0852727272727273;0.714285714285714;0.738632295023272;13;536;3.5;3.69177646711527;3;0.730769230769231;0.739351309105119;0.0327447181818182
83;Y ~ X1 + X2 + X3 + X1:X2;0.8;1;1;1;1;0.105727272727273;0.705932932072227;0.659224011713031;1;684;3.40058479532164;2.97009527333238;1;0.652027027027027;0.660098522167488;0.0132590818181818
84;Y ~ X1 + X2 + X3 + X1:X2;0.8;1;1;1;1;0.0879090909090909;0.712512926577042;0.716987740805604;70;556;3.47841726618705;3.26637529904533;10;0.681992337164751;0.720508866615266;-0.0178800181818182
85;Y ~ X1 + X2 + X3 + X1:X2;0.8;1;1;1;1;0.065;0.658741258741259;0.73383893102203;39;488;2.93032786885246;2.49593543971396;11;0.614634146341463;0.743369734789392;-0.0111684818181818
86;Y ~ X1 + X2 + X3 + X1:X2;0.8;1;1;1;1;0.101272727272727;0.718132854578097;0.699891264951069;28;628;3.54777070063694;3.43715065119512;9;0.625429553264605;0.708670988654781;-0.0126278818181818
87;Y ~ X1 + X2 + X3 + X1:X2;0.8;1;1;1;1;0.0690909090909091;0.685526315789474;0.667845772904139;67;478;3.17991631799163;2.73574502344499;25;0.663157894736842;0.668183541903678;-0.0139078454545455
88;Y ~ X1 + X2 + X3 + X1:X2;0.8;1;1;1;1;0.132;0.788567493112948;0.704521181915272;4;614;4.72964169381108;4.45036543281293;1;0.785714285714286;0.691896338955162;0.00225048181818182
89;Y ~ X1 + X2 + X3 + X1:X2;0.8;1;1;1;1;0.083;0.713033953997809;0.711433756805808;28;524;3.48473282442748;3.69810914266003;10;0.698630136986301;0.712539432176656;-0.00669368181818182
90;Y ~ X1 + X2 + X3 + X1:X2;0.8;1;1;1;1;0.084;0.692307692307692;0.688156465048895;6;569;3.24210526315789;2.64461633365994;2;0.649606299212598;0.69206222576785;0.0488998
91;Y ~ X1 + X2 + X3 + X1:X2;0.8;1;1;1;1;0.0926363636363636;0.732090284592738;0.741912293314162;9;546;3.73260073260073;3.61953434478631;5;0.727272727272727;0.743447180301827;0.0351742
92;Y ~ X1 + X2 + X3 + X1:X2;0.8;1;1;1;1;0.124363636363636;0.777046783625731;0.745781364636831;84;610;4.48524590163934;4.51393442231262;19;0.771186440677966;0.741989881956155;0.00531250909090909
93;Y ~ X1 + X2 + X3 + X1:X2;0.8;1;1;1;1;0.071;0.686299615877081;0.685364041604755;15;490;3.18775510204082;2.94996753615516;4;0.671794871794872;0.68642370845014;0.00406227272727273
94;Y ~ X1 + X2 + X3 + X1:X2;0.8;1;1;1;1;0.0371818181818182;0.667481662591687;0.759914255091104;170;272;3.00735294117647;2.96522142956671;29;0.650485436893204;0.764094955489614;0.0205923727272727
95;Y ~ X1 + X2 + X3 + X1:X2;0.8;1;1;1;1;0.0722727272727273;0.691823899371069;0.698671726755218;45;490;3.24489795918367;2.89523783844857;17;0.681818181818182;0.700041034058268;-0.0160579272727273
96;Y ~ X1 + X2 + X3 + X1:X2;0.8;1;1;1;1;0.061;0.672619047619048;0.689896755162242;8;439;3.05;2.47217390885359;4;0.635135135135135;0.693057722308892;-0.0227293545454545
97;Y ~ X1 + X2 + X3 + X1:X2;0.8;1;1;1;1;0.101545454545455;0.713518352730528;0.681547619047619;16;640;3.490625;2.9615995185818;4;0.685185185185185;0.681141439205955;-0.00199307272727273
98;Y ~ X1 + X2 + X3 + X1:X2;0.8;1;1;1;1;0.0574545454545455;0.665610142630745;0.700833031510322;19;423;2.9811320754717;2.63041319831083;6;0.680722891566265;0.702119460500963;0.0418564727272727
99;Y ~ X1 + X2 + X3 + X1:X2;0.8;1;1;1;1;0.064;0.670454545454545;0.730175438596491;5;464;3.03448275862069;2.79588762472512;2;0.661458333333333;0.735139202407825;0.0213543181818182
100;Y ~ X1 + X2 + X3 + X1:X2;0.8;1;1;1;1;0.0733636363636364;0.73729863692689;0.691397849462366;41;424;3.80660377358491;3.14354130211295;10;0.8;0.683011583011583;-0.00681240909090909
1;Y ~ X1 + X2 + X3 + X1:X2;0.8;300;1;1;1;0.0322727272727273;0.422535211267606;0.687626216265834;5565;410;1.73170731707317;1.96319555232327;1816;0.420454545454545;0.696547144754316;0.0307817181818182
2;Y ~ X1 + X2 + X3 + X1:X2;0.8;300;1;1;1;0.0425454545454545;0.67948717948718;0.676384305097176;3217;300;3.12;8.2745830609291;993;0.67755991285403;0.676332663412767;-0.0345033727272727
3;Y ~ X1 + X2 + X3 + X1:X2;0.8;300;1;1;1;0.0379090909090909;0.808153477218225;0.718245227606461;3344;160;5.2125;5.59767978606688;1186;0.808716707021792;0.714680911952685;0.0248093636363636
4;Y ~ X1 + X2 + X3 + X1:X2;0.8;300;1;1;1;0.00372727272727273;0.268292682926829;0.707717720473525;1577;60;1.36666666666667;0.964305479332802;446;0.268292682926829;0.709377302873987;-0.0365801
5;Y ~ X1 + X2 + X3 + X1:X2;0.8;300;1;1;1;0.097;0.559512652296157;0.749656121045392;902;940;2.27021276595745;8.74206103185617;344;0.558601134215501;0.770183812328628;-0.0195687181818182
6;Y ~ X1 + X2 + X3 + X1:X2;0.8;300;1;1;1;0.0505454545454545;0.778776978417266;0.736098366672784;2932;246;4.52032520325203;4.34260176130743;582;0.78;0.733764978739853;0.00312481818181819
7;Y ~ X1 + X2 + X3 + X1:X2;0.8;300;1;1;1;0.0730909090909091;0.798507462686567;0.616746148202495;4799;324;4.96296296296296;14.2514634266051;1884;0.798488664987406;0.602472799208704;0.0258469181818182
8;Y ~ X1 + X2 + X3 + X1:X2;0.8;300;1;1;1;0.145909090909091;0.774454828660436;0.770276476531643;74;724;4.43370165745856;8.30694213563675;1;0.773787019533711;0.769677419354839;-0.00256382727272727
9;Y ~ X1 + X2 + X3 + X1:X2;0.8;300;1;1;1;0.122909090909091;0.722838137472284;0.690718810245112;3;749;3.61497326203209;4.06665514244084;2;0.72172619047619;0.686354592103885;-0.00693965454545455
10;Y ~ X1 + X2 + X3 + X1:X2;0.8;300;1;1;1;0.0329090909090909;0.853591160220994;0.737131846958437;718;106;6.83018867924528;16.2855951558148;214;0.856741573033708;0.733093047519681;0.0302530454545455
11;Y ~ X1 + X2 + X3 + X1:X2;0.8;300;1;1;1;0.0292727272727273;0.428571428571429;0.773728657976868;1150;368;1.75;2.28142894537325;121;0.428571428571429;0.784006049721146;-0.0207816636363636
12;Y ~ X1 + X2 + X3 + X1:X2;0.8;300;1;1;1;0.0134545454545455;0.560810810810811;0.718821694044232;1737;130;2.27692307692308;2.110299832871;740;0.551724137931034;0.721075148809524;0.0115662
13;Y ~ X1 + X2 + X3 + X1:X2;0.8;300;1;1;1;0.120636363636364;0.638009049773756;0.667339634761861;1057;961;2.75883575883576;4.2175291315001;419;0.636225266362253;0.671605968903266;-0.00714499090909091
14;Y ~ X1 + X2 + X3 + X1:X2;0.8;300;1;1;1;0.145090909090909;0.731829573934837;0.621991548778247;674;856;3.72897196261682;5.64453700527297;199;0.730842305256491;0.60352422907489;0.0234561363636364
15;Y ~ X1 + X2 + X3 + X1:X2;0.8;300;1;1;1;0.0963636363636364;0.640566037735849;0.668351405991546;542;762;2.78215223097113;3.27708095204229;254;0.638176638176638;0.671584087903144;0.0344017727272727
16;Y ~ X1 + X2 + X3 + X1:X2;0.8;300;1;1;1;0.00218181818181818;0.333333333333333;0.714508867040338;5018;32;1.5;1.75119007154183;1506;0.333333333333333;0.715351321484483;-0.00887705454545454
17;Y ~ X1 + X2 + X3 + X1:X2;0.8;300;1;1;1;0.160818181818182;0.720338983050848;0.616841331127045;4;989;3.57373737373737;3.63826341818712;2;0.719908727895037;0.597041095890411;0.00465169090909091
18;Y ~ X1 + X2 + X3 + X1:X2;0.8;300;1;1;1;0.0195454545454545;0.609302325581395;0.664159941305943;2;168;2.55952380952381;2.3457276748863;1;0.605633802816901;0.665325975119259;-0.00886023636363636
19;Y ~ X1 + X2 + X3 + X1:X2;0.8;300;1;1;1;0.048;0.696969696969697;0.693637366678926;5673;320;3.3;3.27329580221602;2022;0.697318007662835;0.693451806065289;0.0217201272727273
20;Y ~ X1 + X2 + X3 + X1:X2;0.8;300;1;1;1;0.157727272727273;0.670506912442396;0.675199559592623;2;1143;3.0385288966725;4.55283839831605;2;0.668985507246377;0.676367996511881;0.0247991454545455
21;Y ~ X1 + X2 + X3 + X1:X2;0.8;300;1;1;1;0.0998181818181818;0.77959927140255;0.769089405494808;455;484;4.53719008264463;5.49241849746271;165;0.781048758049678;0.7677623519804;0.000267736363636367
22;Y ~ X1 + X2 + X3 + X1:X2;0.8;300;1;1;1;0.105;0.642424242424242;0.725;2633;826;2.79661016949153;3.61191234822435;834;0.64118158123371;0.734875626983315;-0.0222061454545455
23;Y ~ X1 + X2 + X3 + X1:X2;0.8;300;1;1;1;0.0191818181818182;0.5260663507109;0.68751722237531;5586;200;2.11;2.37790757693491;1697;0.526315789473684;0.690672410563776;-0.0200666545454545
24;Y ~ X1 + X2 + X3 + X1:X2;0.8;300;1;1;1;0.158272727272727;0.664942528735632;0.738578913503079;731;1167;2.98116438356164;4.36907752689895;251;0.665118978525827;0.752402795980778;-0.0160033545454545
25;Y ~ X1 + X2 + X3 + X1:X2;0.8;300;1;1;1;0.0924545454545455;0.736738703339882;0.672687265059136;14;535;3.79477611940298;15.4471083419993;2;0.741071428571429;0.665723810485908;0.0252653090909091
26;Y ~ X1 + X2 + X3 + X1:X2;0.8;300;1;1;1;0.00336363636363636;0.135135135135135;0.663047478836952;8621;64;1.15625;0.447889315243931;2807;0.135135135135135;0.66485089096113;0.0341842454545455
27;Y ~ X1 + X2 + X3 + X1:X2;0.8;300;1;1;1;0.0871818181818182;0.556367432150313;0.660912680194656;1051;851;2.25117370892019;3.53673974599923;386;0.554382259767687;0.671057924376508;0.0170612727272727
28;Y ~ X1 + X2 + X3 + X1:X2;0.8;300;1;1;1;0.00554545454545455;0.278688524590164;0.739549839228296;2227;88;1.38636363636364;0.784023881070465;389;0.278688524590164;0.742147080561715;-0.0333714363636364
29;Y ~ X1 + X2 + X3 + X1:X2;0.8;300;1;1;1;0.174636363636364;0.739198334200937;0.734800550206327;681;1002;3.83433133732535;8.2829040198469;145;0.739539748953975;0.733792950072278;0.0122116181818182
30;Y ~ X1 + X2 + X3 + X1:X2;0.8;300;1;1;1;0.0738181818181818;0.666256157635468;0.67588424437299;93;542;2.99630996309963;3.21051300271531;45;0.66583850931677;0.676686507936508;0.0250076272727273
31;Y ~ X1 + X2 + X3 + X1:X2;0.8;300;1;1;1;0.103090909090909;0.734801762114538;0.715349264705882;4;601;3.78;4.98072539074985;2;0.732797140303843;0.713349042106342;0.0199456
32;Y ~ X1 + X2 + X3 + X1:X2;0.8;300;1;1;1;0.167636363636364;0.835683297180043;0.72044391451894;3090;606;6.08580858085809;40.5899283244065;1186;0.83633387888707;0.697023153252481;0.000495490909090914
33;Y ~ X1 + X2 + X3 + X1:X2;0.8;300;1;1;1;0.110636363636364;0.603618421052632;0.716385011021308;118;965;2.51966873706004;7.35165365807547;47;0.601165695253955;0.730669970062971;-0.00520503636363636
34;Y ~ X1 + X2 + X3 + X1:X2;0.8;300;1;1;1;0.145909090909091;0.774454828660436;0.770276476531643;74;724;4.43370165745856;8.30694213563675;1;0.773787019533711;0.769677419354839;-0.00256382727272727
35;Y ~ X1 + X2 + X3 + X1:X2;0.8;300;1;1;1;0.121181818181818;0.645911477869467;0.697870778267254;2065;944;2.82415254237288;7.80799370739009;776;0.644478063540091;0.70524336745352;-0.0233288545454545
36;Y ~ X1 + X2 + X3 + X1:X2;0.8;300;1;1;1;0.129727272727273;0.811492641906097;0.707874449339207;264;538;5.30483271375465;15.5555100999028;109;0.811881188118812;0.692364480067496;-0.0183871818181818
37;Y ~ X1 + X2 + X3 + X1:X2;0.8;300;1;1;1;0.0520909090909091;0.532286212914485;0.739238410596026;2994;536;2.13805970149254;2.10393940386813;521;0.529203539823009;0.750751916173474;0.0197230272727273
38;Y ~ X1 + X2 + X3 + X1:X2;0.8;300;1;1;1;0.0616363636363636;0.694690265486726;0.761407366684992;4270;414;3.27536231884058;5.01033124296232;1012;0.693907875185735;0.765843179377014;0.0405015545454546
39;Y ~ X1 + X2 + X3 + X1:X2;0.8;300;1;1;1;0.185181818181818;0.804518664047151;0.714167737199486;238;797;5.10526315789474;12.5128656350343;83;0.804077573346594;0.693822437267919;0.0139554
40;Y ~ X1 + X2 + X3 + X1:X2;0.8;300;1;1;1;0.0239090909090909;0.346007604562738;0.682857405196952;8538;344;1.52906976744186;0.907585483747243;2436;0.346007604562738;0.6911930748965;-0.0536158363636364
41;Y ~ X1 + X2 + X3 + X1:X2;0.8;300;1;1;1;0.120545454545455;0.745098039215686;0.687259041674316;166;676;3.92307692307692;38.4875794061668;45;0.745454545454545;0.679235429287654;0.0357321272727273
42;Y ~ X1 + X2 + X3 + X1:X2;0.8;300;1;1;1;0.00827272727272727;0.197802197802198;0.738383838383838;8056;146;1.24657534246575;0.493874194445425;2079;0.197802197802198;0.742939161033429;-0.0111804090909091
43;Y ~ X1 + X2 + X3 + X1:X2;0.8;300;1;1;1;0.0957272727272727;0.652421652421652;0.713931490494995;3011;732;2.87704918032787;3.04463022165513;502;0.650961538461538;0.720580769621281;0.0263345181818182
44;Y ~ X1 + X2 + X3 + X1:X2;0.8;300;1;1;1;0.0295454545454545;0.778461538461538;0.641117544343351;6717;144;4.51388888888889;6.25737436624271;2425;0.775700934579439;0.637026515151515;0.0300176909090909
45;Y ~ X1 + X2 + X3 + X1:X2;0.8;300;1;1;1;0.0725454545454546;0.652882205513784;0.768715596330275;2;554;2.88086642599278;3.06160691920852;1;0.652392947103275;0.777854739758559;0.0224615181818182
46;Y ~ X1 + X2 + X3 + X1:X2;0.8;300;1;1;1;0.0456363636363636;0.50199203187251;0.772731443251674;290;500;2.008;2.11704120267303;53;0.5;0.785679961556944;-0.0427899363636364
47;Y ~ X1 + X2 + X3 + X1:X2;0.8;300;1;1;1;0.00681818181818182;0.213333333333333;0.802923062781506;2628;118;1.27118644067797;0.582222509739582;469;0.213333333333333;0.807015920029619;-0.0421227
48;Y ~ X1 + X2 + X3 + X1:X2;0.8;300;1;1;1;0.162363636363636;0.723404255319149;0.650844656628718;4;988;3.61538461538462;10.3630764301537;2;0.722504230118443;0.636911942098914;-0.0444528545454545
49;Y ~ X1 + X2 + X3 + X1:X2;0.8;300;1;1;1;0.0956363636363636;0.530922930542341;0.755537174892014;2838;987;2.12955465587045;3.12345978336601;656;0.528502415458937;0.7794028031688;0.00718687272727273
50;Y ~ X1 + X2 + X3 + X1:X2;0.8;300;1;1;1;0.101272727272727;0.689407540394973;0.703122130394858;432;692;3.21965317919075;3.55140566511448;121;0.689311594202899;0.704680155323932;-0.0139224
51;Y ~ X1 + X2 + X3 + X1:X2;0.8;300;1;1;1;0.102090909090909;0.709706144256456;0.680036798528059;554;652;3.44478527607362;11.5992713478005;220;0.711711711711712;0.676434426229508;-0.0153480090909091
52;Y ~ X1 + X2 + X3 + X1:X2;0.8;300;1;1;1;0.0707272727272727;0.636246786632391;0.693628351083364;500;566;2.74911660777385;3.74316742991016;212;0.632467532467533;0.698280972139893;-0.0151789454545455
53;Y ~ X1 + X2 + X3 + X1:X2;0.8;300;1;1;1;0.159454545454545;0.691562143671608;0.688170072390727;1186;1082;3.24214417744917;5.59981466504723;422;0.692705341757611;0.687309201918884;0.0438548272727273
54;Y ~ X1 + X2 + X3 + X1:X2;0.8;300;1;1;1;0.07;0.751948051948052;0.706741366642175;4216;382;4.03141361256545;15.6514353668861;1355;0.751651254953765;0.703385648011055;0.0218562818181818
55;Y ~ X1 + X2 + X3 + X1:X2;0.8;300;1;1;1;0.0167272727272727;0.451086956521739;0.692364237802077;1055;202;1.82178217821782;1.13486597978757;106;0.450549450549451;0.696476964769648;0.0254183454545455
56;Y ~ X1 + X2 + X3 + X1:X2;0.8;300;1;1;1;0.0707272727272727;0.629820051413882;0.709798879603269;2662;576;2.70138888888889;2.37019783678931;816;0.62890625;0.715937160359648;0.0171968363636364
57;Y ~ X1 + X2 + X3 + X1:X2;0.8;300;1;1;1;0.103272727272727;0.438380281690141;0.698771994134897;1331;1276;1.78056426332288;4.54478482096371;395;0.436944937833037;0.728898426323319;0.0143964363636364
58;Y ~ X1 + X2 + X3 + X1:X2;0.8;300;1;1;1;0.123;0.651403249630724;0.646966911764706;8;943;2.87261146496815;6.47488711606161;2;0.650521609538003;0.646466764520864;-0.00362983636363637
59;Y ~ X1 + X2 + X3 + X1:X2;0.8;300;1;1;1;0.026;0.517482517482518;0.671124954195676;371;276;2.07246376811594;1.65506381185301;116;0.517482517482518;0.675258701787394;0.0287438181818182
60;Y ~ X1 + X2 + X3 + X1:X2;0.8;300;1;1;1;0.0285454545454545;0.60828025477707;0.693687891056312;1;246;2.55284552845528;2.62773121623872;1;0.601941747572815;0.696372762572213;0.0186530454545455
61;Y ~ X1 + X2 + X3 + X1:X2;0.8;300;1;1;1;0.0206363636363636;0.427312775330396;0.672546857772878;1766;260;1.74615384615385;1.25945440667952;537;0.429203539823009;0.677706886845562;0.0275836727272727
62;Y ~ X1 + X2 + X3 + X1:X2;0.8;300;1;1;1;0.094;0.594777562862669;0.759900762657356;69;838;2.46778042959427;3.62616588603076;32;0.595890410958904;0.776898894635432;0.0251934090909091
63;Y ~ X1 + X2 + X3 + X1:X2;0.8;300;1;1;1;0.104181818181818;0.770506108202443;0.702514222793173;373;526;4.3574144486692;13.2993145438105;99;0.770723104056437;0.694592380172061;0.0263006454545455
64;Y ~ X1 + X2 + X3 + X1:X2;0.8;300;1;1;1;0.00618181818181818;0.25;0.704817061959919;2566;102;1.33333333333333;0.739369100427294;827;0.253731343283582;0.707612616779206;-0.0177906636363636
65;Y ~ X1 + X2 + X3 + X1:X2;0.8;300;1;1;1;0.118181818181818;0.692544196771714;0.760058791107845;4;799;3.25;6.91607404533101;2;0.691530691530692;0.769246796541306;0.00085438181818182
66;Y ~ X1 + X2 + X3 + X1:X2;0.8;300;1;1;1;0.156909090909091;0.771147161066049;0.727848682398311;4687;790;4.36962025316456;7.52762011370383;1270;0.770626097132826;0.71988673491614;-0.00235701818181818
67;Y ~ X1 + X2 + X3 + X1:X2;0.8;300;1;1;1;0.097;0.559512652296157;0.749656121045392;902;940;2.27021276595745;8.74206103185617;344;0.558601134215501;0.770183812328628;-0.0195687181818182
68;Y ~ X1 + X2 + X3 + X1:X2;0.8;300;1;1;1;0.00527272727272727;0.413793103448276;0.747798165137615;2281;68;1.70588235294118;1.11544017034467;400;0.413793103448276;0.749584947426674;-0.0366701909090909
69;Y ~ X1 + X2 + X3 + X1:X2;0.8;300;1;1;1;0.0281818181818182;0.474193548387097;0.735672299779574;1252;326;1.90184049079755;1.18745876563305;478;0.474025974025974;0.743289224952741;0.00822362727272728
70;Y ~ X1 + X2 + X3 + X1:X2;0.8;300;1;1;1;0.126;0.727272727272727;0.68581143172211;6375;756;3.66666666666667;11.0930475036291;1885;0.728332119446468;0.679671889788621;-0.0106345090909091
71;Y ~ X1 + X2 + X3 + X1:X2;0.8;300;1;1;1;0.138909090909091;0.724476439790576;0.63638035681442;2027;842;3.62945368171021;4.14217413993999;611;0.723362011912641;0.622343266047207;-0.0123860727272727
72;Y ~ X1 + X2 + X3 + X1:X2;0.8;300;1;1;1;0.191818181818182;0.799147323543344;0.715282880235121;3;847;4.97641509433962;16.3829586366497;2;0.800095877277085;0.695182912974324;0.0459643272727273
73;Y ~ X1 + X2 + X3 + X1:X2;0.8;300;1;1;1;0.0288181818181818;0.694006309148265;0.759422687994117;3100;194;3.2680412371134;4.24390608185609;758;0.692063492063492;0.761431411530815;0.0419735454545455
74;Y ~ X1 + X2 + X3 + X1:X2;0.8;300;1;1;1;0.133727272727273;0.769544527532291;0.717958134410577;2338;678;4.33923303834808;21.4551953819462;725;0.769389155799588;0.710015898251192;0.0159301181818182
75;Y ~ X1 + X2 + X3 + X1:X2;0.8;300;1;1;1;0.0118181818181818;0.792307692307692;0.736258702821546;1494;54;4.81481481481481;6.83338544904037;550;0.798449612403101;0.735514971725225;0.00955184545454545
76;Y ~ X1 + X2 + X3 + X1:X2;0.8;300;1;1;1;0.0408181818181818;0.552338530066815;0.707043805675452;2691;402;2.23383084577114;2.32164806791292;910;0.553571428571429;0.713628962743032;0.0415363363636364
77;Y ~ X1 + X2 + X3 + X1:X2;0.8;300;1;1;1;0.0606363636363636;0.691616766467066;0.687242043474273;4;411;3.25365853658537;6.32486912059333;2;0.689393939393939;0.687103387679391;-0.0137896818181818
78;Y ~ X1 + X2 + X3 + X1:X2;0.8;300;1;1;1;0.13;0.647552447552448;0.672415374736263;1323;1008;2.83730158730159;3.51329729923905;488;0.647141848976711;0.676191480388022;-0.0162594818181818
79;Y ~ X1 + X2 + X3 + X1:X2;0.8;300;1;1;1;0.253454545454545;0.811401936177842;0.720135892020935;5;1051;5.30038022813688;14.3300244192099;2;0.81195652173913;0.688968146599434;0.0393870636363636
80;Y ~ X1 + X2 + X3 + X1:X2;0.8;300;1;1;1;0.134636363636364;0.719108710330858;0.68112878021877;759;832;3.56009615384615;5.56419222991577;313;0.71937029431896;0.675196432363559;-0.0268006909090909
81;Y ~ X1 + X2 + X3 + X1:X2;0.8;300;1;1;1;0.064;0.615056818181818;0.63078618662748;767;542;2.59778597785978;2.83572361369795;296;0.614942528735632;0.631868131868132;-0.00331854545454545
82;Y ~ X1 + X2 + X3 + X1:X2;0.8;300;1;1;1;0.0138181818181818;0.348684210526316;0.731330945163957;479;198;1.53535353535354;0.972196453997825;51;0.348684210526316;0.736748952026083;0.0312873181818182
83;Y ~ X1 + X2 + X3 + X1:X2;0.8;300;1;1;1;0.116;0.818181818181818;0.684636614535419;257;464;5.5;6.3300287573805;67;0.817102137767221;0.667221817424794;0.0134950818181818
84;Y ~ X1 + X2 + X3 + X1:X2;0.8;300;1;1;1;0.101818181818182;0.677678571428571;0.738718867751126;349;722;3.10249307479224;5.59990271647461;117;0.678667866786679;0.745547594677584;-0.0218552545454545
85;Y ~ X1 + X2 + X3 + X1:X2;0.8;300;1;1;1;0.114909090909091;0.674050632911392;0.736179981634527;1;824;3.06796116504854;4.07117249303865;1;0.674121405750799;0.744241543888774;-0.0105783818181818
86;Y ~ X1 + X2 + X3 + X1:X2;0.8;300;1;1;1;0.163363636363636;0.776169265033408;0.727197575089556;261;805;4.4590570719603;22.5668754321542;85;0.774971941638608;0.717847336628226;-0.00736682727272727
87;Y ~ X1 + X2 + X3 + X1:X2;0.8;300;1;1;1;0.0854545454545454;0.659574468085106;0.631926605504587;258;640;2.9375;3.37367180413363;116;0.659459459459459;0.62937343358396;-0.0162764545454545
88;Y ~ X1 + X2 + X3 + X1:X2;0.8;300;1;1;1;0.0800909090909091;0.77639046538025;0.724543200808007;1451;394;4.47208121827411;17.6492319955908;330;0.776887871853547;0.719976040730758;0.00258653636363637
89;Y ~ X1 + X2 + X3 + X1:X2;0.8;300;1;1;1;0.0687272727272727;0.624338624338624;0.658175464410521;1313;568;2.66197183098592;2.68324818701624;511;0.623828647925033;0.660708995753925;-0.00892335454545455
90;Y ~ X1 + X2 + X3 + X1:X2;0.8;300;1;1;1;0.119272727272727;0.801067073170732;0.697823891286383;3712;522;5.02681992337165;14.6695409529847;982;0.800308404009252;0.683969147383782;0.0468453363636364
91;Y ~ X1 + X2 + X3 + X1:X2;0.8;300;1;1;1;0.00809090909090909;0.269662921348315;0.752641734815768;351;130;1.36923076923077;0.601280684488086;39;0.269662921348315;0.756624050398369;0.0398333545454545
92;Y ~ X1 + X2 + X3 + X1:X2;0.8;300;1;1;1;0.0254545454545455;0.885714285714286;0.773661041819516;7737;64;8.75;9.07317919172554;1821;0.884892086330935;0.770750988142292;0.000859509090909088
93;Y ~ X1 + X2 + X3 + X1:X2;0.8;300;1;1;1;0.173818181818182;0.683054393305439;0.662229159015791;914;1212;3.15511551155116;5.95123699092653;246;0.683571051241416;0.657739748860985;0.0103981
94;Y ~ X1 + X2 + X3 + X1:X2;0.8;300;1;1;1;0.0131818181818182;0.337931034482759;0.743773550225163;283;192;1.51041666666667;0.917603189856644;120;0.340277777777778;0.749185061004005;0.0239168363636364
95;Y ~ X1 + X2 + X3 + X1:X2;0.8;300;1;1;1;0.082;0.567627494456763;0.687798165137615;2396;780;2.31282051282051;2.42196243776896;849;0.567597765363128;0.698550724637681;-0.0124575181818182
96;Y ~ X1 + X2 + X3 + X1:X2;0.8;300;1;1;1;0.0324545454545455;0.418994413407821;0.696861233480176;2;415;1.72463768115942;1.43009326165109;2;0.418539325842697;0.706261859582543;-0.0259123727272727
97;Y ~ X1 + X2 + X3 + X1:X2;0.8;300;1;1;1;0.0725454545454546;0.771929824561403;0.63154510380305;1699;364;4.38461538461539;24.1332714241203;601;0.772151898734177;0.620542789223455;-0.00217986363636363
98;Y ~ X1 + X2 + X3 + X1:X2;0.8;300;1;1;1;0.0105454545454545;0.353448275862069;0.682770022042616;5724;150;1.54666666666667;0.904841830785215;2041;0.345132743362832;0.68631090487239;0.0440259909090909
99;Y ~ X1 + X2 + X3 + X1:X2;0.8;300;1;1;1;0.0316363636363636;0.402298850574713;0.712340112266495;310;416;1.67307692307692;1.12882571357973;80;0.404624277456647;0.722459842220321;0.0218335545454546
100;Y ~ X1 + X2 + X3 + X1:X2;0.8;300;1;1;1;0.035;0.524675324675325;0.684732684181518;1938;366;2.10382513661202;1.56722496124357;364;0.526178010471204;0.690498857578066;-0.00801116363636364
1;Y ~ X1 + X2 + X3 + X1:X2;0.8;1;300;1;1;0.000545454545454545;0;0.789473684210526;770;12;1;0;282;NA;0.789473684210526;0.0364013181818182
2;Y ~ X1 + X2 + X3 + X1:X2;0.8;1;300;1;1;0.000909090909090909;0.8;0.613636363636364;1582;4;5;5.65685424949238;535;NA;0.613636363636364;-0.0329290545454545
3;Y ~ X1 + X2 + X3 + X1:X2;0.8;1;300;1;1;0.000454545454545455;0.2;0.652173913043478;1858;8;1.25;0.5;607;NA;0.652173913043478;0.0224278363636364
4;Y ~ X1 + X2 + X3 + X1:X2;0.8;1;300;1;1;0.00172727272727273;0.526315789473684;0.605263157894737;1166;18;2.11111111111111;1.90029237516523;430;NA;0.605263157894737;-0.0330718181818182
5;Y ~ X1 + X2 + X3 + X1:X2;0.8;1;300;1;1;0.00227272727272727;0.64;0.704545454545455;332;18;2.77777777777778;2.86259400621961;86;1;0.697674418604651;0.00187742727272728
6;Y ~ X1 + X2 + X3 + X1:X2;0.8;1;300;1;1;0.000545454545454545;0.5;0.780487804878049;925;6;2;1.73205080756888;291;NA;0.780487804878049;0.00647303636363637
7;Y ~ X1 + X2 + X3 + X1:X2;0.8;1;300;1;1;0.00145454545454545;0.375;0.612903225806452;154;20;1.6;0.843274042711568;51;NA;0.612903225806452;0.0289944363636364
8;Y ~ X1 + X2 + X3 + X1:X2;0.8;1;300;1;1;0.00336363636363636;0.675675675675676;0.790697674418605;88;24;3.08333333333333;3.02890119090115;31;NA;0.790697674418605;-0.0180151818181818
9;Y ~ X1 + X2 + X3 + X1:X2;0.8;1;300;1;1;0.00254545454545455;0.482758620689655;0.612903225806452;4659;29;1.86666666666667;1.55226409142382;1571;NA;0.612903225806452;-0.00382715454545455
10;Y ~ X1 + X2 + X3 + X1:X2;0.8;1;300;1;1;0.000818181818181818;0.555555555555556;0.708333333333333;2175;8;2.25;1.89296944860009;708;NA;0.708333333333333;0.0315241545454545
11;Y ~ X1 + X2 + X3 + X1:X2;0.8;1;300;1;1;0.00263636363636364;0.724137931034483;0.75;21;16;3.625;3.58319490319543;1;NA;0.75;-0.0294589
12;Y ~ X1 + X2 + X3 + X1:X2;0.8;1;300;1;1;0.000454545454545455;0;0.75;389;10;1;0;143;NA;0.75;0.00764776363636363
13;Y ~ X1 + X2 + X3 + X1:X2;0.8;1;300;1;1;0.00381818181818182;0.571428571428571;0.65;3;36;2.33333333333333;2.72245563891909;2;NA;0.65;0.00259779090909091
14;Y ~ X1 + X2 + X3 + X1:X2;0.8;1;300;1;1;0.00145454545454545;0.6875;0.625;1488;10;3.2;2.16794833886788;592;NA;0.625;0.0223447090909091
15;Y ~ X1 + X2 + X3 + X1:X2;0.8;1;300;1;1;0.00254545454545455;0.75;0.625;922;14;4;2.94392028877595;331;NA;0.625;0.0319093272727273
16;Y ~ X1 + X2 + X3 + X1:X2;0.8;1;300;1;1;0.00127272727272727;0.785714285714286;0.511627906976744;745;6;4.66666666666667;2.3094010767585;268;NA;0.511627906976744;-0.00610819090909091
17;Y ~ X1 + X2 + X3 + X1:X2;0.8;1;300;1;1;0.00309090909090909;0.657142857142857;0.65;886;23;3.09090909090909;1.86839746598765;341;NA;0.65;0.00326099090909091
18;Y ~ X1 + X2 + X3 + X1:X2;0.8;1;300;1;1;0.00172727272727273;0.631578947368421;0.72972972972973;2;14;2.71428571428571;2.87020822207993;2;NA;0.72972972972973;-0.00725071818181818
19;Y ~ X1 + X2 + X3 + X1:X2;0.8;1;300;1;1;0.00309090909090909;0.676470588235294;0.702702702702703;408;22;3.09090909090909;2.21153998175685;119;NA;0.702702702702703;0.0356147
20;Y ~ X1 + X2 + X3 + X1:X2;0.8;1;300;1;1;0.00427272727272727;0.666666666666667;0.6875;6;31;2.9375;1.842778698958;2;NA;0.6875;0.0223408545454545
21;Y ~ X1 + X2 + X3 + X1:X2;0.8;1;300;1;1;0.00418181818181818;0.717391304347826;0.755555555555556;216;26;3.53846153846154;3.12557686983231;74;NA;0.755555555555556;0.000270336363636367
22;Y ~ X1 + X2 + X3 + X1:X2;0.8;1;300;1;1;0.00145454545454545;0.4375;0.590909090909091;4;18;1.77777777777778;1.092906420717;1;NA;0.590909090909091;-0.0293459090909091
23;Y ~ X1 + X2 + X3 + X1:X2;0.8;1;300;1;1;0.00127272727272727;0.428571428571429;0.641025641025641;741;16;1.75;0.886405260427918;300;NA;0.641025641025641;-0.0185147636363636
24;Y ~ X1 + X2 + X3 + X1:X2;0.8;1;300;1;1;0.00190909090909091;0.571428571428571;0.6;1553;18;2.33333333333333;1.5;363;NA;0.6;-0.0134396454545455
25;Y ~ X1 + X2 + X3 + X1:X2;0.8;1;300;1;1;0.00190909090909091;0.590909090909091;0.565217391304348;672;17;2.33333333333333;1.5;260;NA;0.565217391304348;0.0208057363636364
26;Y ~ X1 + X2 + X3 + X1:X2;0.8;1;300;1;1;0.00181818181818182;0.6;0.7;2119;16;2.5;1.30930734141595;756;NA;0.7;0.0392946
27;Y ~ X1 + X2 + X3 + X1:X2;0.8;1;300;1;1;0.00218181818181818;0.541666666666667;0.682926829268293;3;22;2.18181818181818;1.53741222957161;1;NA;0.682926829268293;0.0134090454545454
28;Y ~ X1 + X2 + X3 + X1:X2;0.8;1;300;1;1;0.001;0.272727272727273;0.82051282051282;173;16;1.375;0.517549169506766;61;NA;0.82051282051282;-0.0321673545454546
29;Y ~ X1 + X2 + X3 + X1:X2;0.8;1;300;1;1;0.00290909090909091;0.53125;0.674418604651163;722;30;2.13333333333333;1.4573295865416;231;NA;0.674418604651163;-0.00085549090909091
30;Y ~ X1 + X2 + X3 + X1:X2;0.8;1;300;1;1;0.00245454545454545;0.666666666666667;0.76;1687;18;3;2.73861278752583;522;NA;0.76;0.0234773727272727
31;Y ~ X1 + X2 + X3 + X1:X2;0.8;1;300;1;1;0.00109090909090909;0.461538461538462;0.769230769230769;3541;13;2;1.54919333848297;980;NA;0.769230769230769;0.0162544909090909
32;Y ~ X1 + X2 + X3 + X1:X2;0.8;1;300;1;1;0.00245454545454545;0.518518518518519;0.641025641025641;201;26;2.07692307692308;1.03774904332554;66;NA;0.641025641025641;-0.0109459636363636
33;Y ~ X1 + X2 + X3 + X1:X2;0.8;1;300;1;1;0.00309090909090909;0.529411764705882;0.625;336;32;2.125;1.45487685618635;116;NA;0.625;-0.0182624545454545
34;Y ~ X1 + X2 + X3 + X1:X2;0.8;1;300;1;1;0.00336363636363636;0.675675675675676;0.790697674418605;88;24;3.08333333333333;3.02890119090115;31;NA;0.790697674418605;-0.0180151818181818
35;Y ~ X1 + X2 + X3 + X1:X2;0.8;1;300;1;1;0.00218181818181818;0.666666666666667;0.685714285714286;5149;16;3;2;1469;NA;0.685714285714286;-0.0177898
36;Y ~ X1 + X2 + X3 + X1:X2;0.8;1;300;1;1;0.000727272727272727;0.75;0.813953488372093;653;4;4;4.24264068711928;185;NA;0.813953488372093;-0.015072
37;Y ~ X1 + X2 + X3 + X1:X2;0.8;1;300;1;1;0.00327272727272727;0.722222222222222;0.75609756097561;441;20;3.6;3.09838667696593;138;NA;0.75609756097561;0.00936773636363636
38;Y ~ X1 + X2 + X3 + X1:X2;0.8;1;300;1;1;0.00127272727272727;0.571428571428571;0.821428571428571;571;12;2.33333333333333;1.36626010212795;157;NA;0.821428571428571;0.0627052090909091
39;Y ~ X1 + X2 + X3 + X1:X2;0.8;1;300;1;1;0.000636363636363636;0.857142857142857;0.756756756756757;8667;2;7;NA;2408;NA;0.756756756756757;0.0230954545454545
40;Y ~ X1 + X2 + X3 + X1:X2;0.8;1;300;1;1;0.00154545454545455;0.529411764705882;0.69047619047619;402;16;2.125;1.35620268186054;142;NA;0.69047619047619;-0.0505532090909091
41;Y ~ X1 + X2 + X3 + X1:X2;0.8;1;300;1;1;0.00218181818181818;0.666666666666667;0.636363636363636;1;16;3;2.39045721866879;1;NA;0.636363636363636;0.0473004909090909
42;Y ~ X1 + X2 + X3 + X1:X2;0.8;1;300;1;1;0.000818181818181818;0.555555555555556;0.8;3522;8;2.25;1.5;869;NA;0.8;-0.00966145454545454
43;Y ~ X1 + X2 + X3 + X1:X2;0.8;1;300;1;1;0.00118181818181818;0.692307692307692;0.709677419354839;10;8;3.25;1.70782512765993;1;NA;0.709677419354839;0.0247284
44;Y ~ X1 + X2 + X3 + X1:X2;0.8;1;300;1;1;0.00281818181818182;0.612903225806452;0.703703703703704;1785;24;2.58333333333333;3.70401093001856;677;NA;0.703703703703704;0.0357244818181818
45;Y ~ X1 + X2 + X3 + X1:X2;0.8;1;300;1;1;0.00172727272727273;0.631578947368421;0.741935483870968;1833;14;2.71428571428571;1.49602648308619;622;NA;0.741935483870968;0.0168517727272727
46;Y ~ X1 + X2 + X3 + X1:X2;0.8;1;300;1;1;0.000363636363636364;0.75;0.717391304347826;8454;2;4;NA;2769;NA;0.717391304347826;-0.0407381090909091
47;Y ~ X1 + X2 + X3 + X1:X2;0.8;1;300;1;1;0;NA;0.617647058823529;NA;NA;NA;NA;0;NA;0.617647058823529;-0.0432565181818182
48;Y ~ X1 + X2 + X3 + X1:X2;0.8;1;300;1;1;0.000454545454545455;0.6;0.738095238095238;2097;4;2.5;0.707106781186548;784;NA;0.738095238095238;-0.0539262909090909
49;Y ~ X1 + X2 + X3 + X1:X2;0.8;1;300;1;1;0.00518181818181818;0.666666666666667;0.723404255319149;610;38;3;1.9436506316151;169;NA;0.723404255319149;0.0303270727272727
50;Y ~ X1 + X2 + X3 + X1:X2;0.8;1;300;1;1;0.000545454545454545;0.666666666666667;0.866666666666667;10442;4;3;1.4142135623731;2747;NA;0.866666666666667;-0.0157011272727273
51;Y ~ X1 + X2 + X3 + X1:X2;0.8;1;300;1;1;0.00181818181818182;0.5;0.606060606060606;1463;20;2;2.16024689946929;474;NA;0.606060606060606;-0.0164394363636364
52;Y ~ X1 + X2 + X3 + X1:X2;0.8;1;300;1;1;0.00218181818181818;0.583333333333333;0.76;1050;20;2.4;1.71269767715535;321;NA;0.76;-0.0148738818181818
53;Y ~ X1 + X2 + X3 + X1:X2;0.8;1;300;1;1;0.000909090909090909;0.7;0.592592592592593;8091;6;3.33333333333333;1.52752523165195;3202;NA;0.592592592592593;0.0506268636363636
54;Y ~ X1 + X2 + X3 + X1:X2;0.8;1;300;1;1;0.000272727272727273;0.333333333333333;0.67741935483871;7322;4;1.5;0.707106781186548;2469;NA;0.67741935483871;0.0200297363636364
55;Y ~ X1 + X2 + X3 + X1:X2;0.8;1;300;1;1;0.00272727272727273;0.6;0.75609756097561;240;24;2.5;1.62368828177198;72;NA;0.75609756097561;0.0316190272727273
56;Y ~ X1 + X2 + X3 + X1:X2;0.8;1;300;1;1;0.00290909090909091;0.65625;0.682926829268293;441;22;2.90909090909091;1.92117388356939;130;NA;0.682926829268293;0.0209460454545455
57;Y ~ X1 + X2 + X3 + X1:X2;0.8;1;300;1;1;0.00127272727272727;0.571428571428571;0.615384615384615;539;12;2.33333333333333;1.96638416050035;151;NA;0.615384615384615;0.00892205454545454
58;Y ~ X1 + X2 + X3 + X1:X2;0.8;1;300;1;1;0.002;0.782608695652174;0.774193548387097;4376;9;4.4;2.88097205817759;1452;NA;0.774193548387097;0.00223341818181818
59;Y ~ X1 + X2 + X3 + X1:X2;0.8;1;300;1;1;0.00236363636363636;0.538461538461538;0.722222222222222;3812;24;2.16666666666667;1.19341628287971;1243;NA;0.722222222222222;0.0305323
60;Y ~ X1 + X2 + X3 + X1:X2;0.8;1;300;1;1;0.00927272727272727;0.813725490196078;0.680851063829787;1882;38;5.36842105263158;4.2191432294535;644;NA;0.680851063829787;0.0155879636363636
61;Y ~ X1 + X2 + X3 + X1:X2;0.8;1;300;1;1;0.00172727272727273;0.736842105263158;0.666666666666667;5583;10;3.8;1.6431676725155;2080;NA;0.666666666666667;0.0281404545454546
62;Y ~ X1 + X2 + X3 + X1:X2;0.8;1;300;1;1;0.000454545454545455;0.6;0.775;319;4;2.5;2.12132034355964;100;NA;0.775;0.0119808909090909
63;Y ~ X1 + X2 + X3 + X1:X2;0.8;1;300;1;1;0.00145454545454545;0.5625;0.641025641025641;1135;14;2.28571428571429;1.49602648308619;345;NA;0.641025641025641;0.0291490363636364
64;Y ~ X1 + X2 + X3 + X1:X2;0.8;1;300;1;1;0.00309090909090909;0.676470588235294;0.68;70;22;3.09090909090909;2.73695251893581;24;NA;0.68;-0.0178225363636364
65;Y ~ X1 + X2 + X3 + X1:X2;0.8;1;300;1;1;0.00618181818181818;0.768115942028985;0.594594594594595;13;31;4.25;3.37638860322683;2;NA;0.594594594594595;-0.0145652818181818
66;Y ~ X1 + X2 + X3 + X1:X2;0.8;1;300;1;1;0.00263636363636364;0.689655172413793;0.543478260869565;3754;18;3.22222222222222;2.58736244937667;1135;NA;0.543478260869565;-0.000920509090909094
67;Y ~ X1 + X2 + X3 + X1:X2;0.8;1;300;1;1;0.00227272727272727;0.64;0.704545454545455;332;18;2.77777777777778;2.86259400621961;86;1;0.697674418604651;0.00187742727272728
68;Y ~ X1 + X2 + X3 + X1:X2;0.8;1;300;1;1;0.000545454545454545;0.333333333333333;0.866666666666667;4310;8;1.5;0.577350269189626;1143;NA;0.866666666666667;-0.0338407
69;Y ~ X1 + X2 + X3 + X1:X2;0.8;1;300;1;1;0.00118181818181818;0.461538461538462;0.714285714285714;1242;14;1.85714285714286;1.4638501094228;313;NA;0.714285714285714;0.0121708
70;Y ~ X1 + X2 + X3 + X1:X2;0.8;1;300;1;1;0.00163636363636364;0.722222222222222;0.763157894736842;9;10;3.6;2.70185121722126;2;NA;0.763157894736842;-0.0112504818181818
71;Y ~ X1 + X2 + X3 + X1:X2;0.8;1;300;1;1;0.00263636363636364;0.620689655172414;0.542857142857143;1882;22;2.63636363636364;2.15743955988237;647;NA;0.542857142857143;-0.0214740090909091
72;Y ~ X1 + X2 + X3 + X1:X2;0.8;1;300;1;1;9.09090909090909e-05;0.5;0.823529411764706;NA;1;1;NA;0;NA;0.823529411764706;0.063965
73;Y ~ X1 + X2 + X3 + X1:X2;0.8;1;300;1;1;0.00145454545454545;0.4375;0.651162790697674;921;18;1.77777777777778;1.30170827931778;252;NA;0.651162790697674;0.0417561727272727
74;Y ~ X1 + X2 + X3 + X1:X2;0.8;1;300;1;1;0.00454545454545455;0.76;0.675675675675676;4;24;4.16666666666667;2.03752672412294;2;1;0.666666666666667;0.0254412545454545
75;Y ~ X1 + X2 + X3 + X1:X2;0.8;1;300;1;1;0.00145454545454545;0.625;0.725;605;12;2.66666666666667;0.816496580927726;221;NA;0.725;0.0160494909090909
76;Y ~ X1 + X2 + X3 + X1:X2;0.8;1;300;1;1;0.000818181818181818;0.333333333333333;0.744186046511628;64;12;1.5;0.547722557505166;23;NA;0.744186046511628;0.0501344636363636
77;Y ~ X1 + X2 + X3 + X1:X2;0.8;1;300;1;1;0.00618181818181818;0.739130434782609;0.763157894736842;6;35;4;2.42383992870816;2;NA;0.763157894736842;-0.0123616636363636
78;Y ~ X1 + X2 + X3 + X1:X2;0.8;1;300;1;1;0.00227272727272727;0.72;0.689655172413793;10;14;3.57142857142857;2.50713268211203;4;NA;0.689655172413793;-0.0176537181818182
79;Y ~ X1 + X2 + X3 + X1:X2;0.8;1;300;1;1;0.00263636363636364;0.6;0.608695652173913;3355;23;2.63636363636364;1.36181696807811;1092;NA;0.608695652173913;0.0477975909090909
80;Y ~ X1 + X2 + X3 + X1:X2;0.8;1;300;1;1;0.00181818181818182;0.5;0.692307692307692;5;20;2;1.05409255338946;1;NA;0.692307692307692;-0.0178433545454545
81;Y ~ X1 + X2 + X3 + X1:X2;0.8;1;300;1;1;0.000818181818181818;0.333333333333333;0.566666666666667;2095;12;1.5;0.547722557505166;774;NA;0.566666666666667;-0.0222633181818182
82;Y ~ X1 + X2 + X3 + X1:X2;0.8;1;300;1;1;0.000454545454545455;0.2;0.625;1146;8;1.25;0.5;343;NA;0.625;0.0383333363636364
83;Y ~ X1 + X2 + X3 + X1:X2;0.8;1;300;1;1;0.00245454545454545;0.555555555555556;0.527777777777778;3;24;2.25;1.60255477852765;1;NA;0.527777777777778;0.0127152181818182
84;Y ~ X1 + X2 + X3 + X1:X2;0.8;1;300;1;1;0.00127272727272727;0.642857142857143;0.68;3008;10;2.8;1.6431676725155;1005;NA;0.68;-0.0147101363636364
85;Y ~ X1 + X2 + X3 + X1:X2;0.8;1;300;1;1;0.00172727272727273;0.526315789473684;0.634146341463415;1926;18;2.11111111111111;1.26929551764398;620;0;0.65;0.000638563636363639
86;Y ~ X1 + X2 + X3 + X1:X2;0.8;1;300;1;1;0.00490909090909091;0.703703703703704;0.714285714285714;758;32;3.375;2.60448331408234;222;NA;0.714285714285714;-0.0104178090909091
87;Y ~ X1 + X2 + X3 + X1:X2;0.8;1;300;1;1;0.001;0.454545454545455;0.75;257;12;1.83333333333333;0.752772652709081;96;NA;0.75;-0.0127848818181818
88;Y ~ X1 + X2 + X3 + X1:X2;0.8;1;300;1;1;0.00490909090909091;0.703703703703704;0.621621621621622;679;32;3.375;2.09364116632563;238;NA;0.621621621621622;0.00153647272727273
89;Y ~ X1 + X2 + X3 + X1:X2;0.8;1;300;1;1;0.00418181818181818;0.695652173913043;0.58974358974359;1714;28;3.28571428571429;3.38386605091712;513;NA;0.58974358974359;-0.00781888181818182
90;Y ~ X1 + X2 + X3 + X1:X2;0.8;1;300;1;1;0.00218181818181818;0.583333333333333;0.666666666666667;181;20;2.4;2.01108041719978;64;NA;0.666666666666667;0.0587476363636364
91;Y ~ X1 + X2 + X3 + X1:X2;0.8;1;300;1;1;0.00309090909090909;0.764705882352941;0.724137931034483;429;16;4.25;3.69362384967083;110;NA;0.724137931034483;0.0422001090909091
92;Y ~ X1 + X2 + X3 + X1:X2;0.8;1;300;1;1;0.00254545454545455;0.535714285714286;0.857142857142857;75;26;2.15384615384615;1.14354374979373;18;NA;0.857142857142857;0.00108021818181818
93;Y ~ X1 + X2 + X3 + X1:X2;0.8;1;300;1;1;0.00136363636363636;0.6;0.875;155;12;2.5;1.97484176581315;53;NA;0.875;0.00419925454545454
94;Y ~ X1 + X2 + X3 + X1:X2;0.8;1;300;1;1;0;NA;0.789473684210526;NA;NA;NA;NA;0;NA;0.789473684210526;0.0224808545454545
95;Y ~ X1 + X2 + X3 + X1:X2;0.8;1;300;1;1;0.000636363636363636;0.428571428571429;0.794871794871795;8;8;1.75;0.5;1;NA;0.794871794871795;-0.0140842454545455
96;Y ~ X1 + X2 + X3 + X1:X2;0.8;1;300;1;1;0.00227272727272727;0.769230769230769;0.645161290322581;45;11;4.16666666666667;2.04124145231932;9;NA;0.645161290322581;-0.0225703363636364
97;Y ~ X1 + X2 + X3 + X1:X2;0.8;1;300;1;1;0.00318181818181818;0.571428571428571;0.64;1286;30;2.33333333333333;2.63673679998231;490;NA;0.64;0.0034634
98;Y ~ X1 + X2 + X3 + X1:X2;0.8;1;300;1;1;0.000272727272727273;0.666666666666667;0.644444444444444;2931;2;3;NA;1013;NA;0.644444444444444;0.0476950090909091
99;Y ~ X1 + X2 + X3 + X1:X2;0.8;1;300;1;1;0.00363636363636364;0.675;0.705882352941177;304;26;3.07692307692308;2.72217861468648;85;NA;0.705882352941177;0.0226331454545455
100;Y ~ X1 + X2 + X3 + X1:X2;0.8;1;300;1;1;0.00190909090909091;0.666666666666667;0.735294117647059;4102;14;3;2.58198889747161;1360;NA;0.735294117647059;-0.0065191
1;Y ~ X1 + X2 + X3 + X1:X2;0.8;1;1;300;1;0.001;0.727272727272727;0.973684210526316;474;6;3.66666666666667;1.52752523165195;5;0;1;0.0257874727272727
2;Y ~ X1 + X2 + X3 + X1:X2;0.8;1;1;300;1;0.000636363636363636;0.714285714285714;1;3337;4;3.5;3.53553390593274;21;NA;1;-0.0288058909090909
3;Y ~ X1 + X2 + X3 + X1:X2;0.8;1;1;300;1;0.0119090909090909;0.908396946564885;1;49;24;10.9166666666667;5.97659576763369;1;1;1;0.0199652363636364
4;Y ~ X1 + X2 + X3 + X1:X2;0.8;1;1;300;1;0.00281818181818182;0.741935483870968;1;1398;16;3.875;3.13676357322093;13;NA;1;-0.0302548090909091
5;Y ~ X1 + X2 + X3 + X1:X2;0.8;1;1;300;1;0.00336363636363636;0.837837837837838;1;976;12;6.16666666666667;5.70672118354022;4;NA;1;-0.00515877272727273
6;Y ~ X1 + X2 + X3 + X1:X2;0.8;1;1;300;1;0.001;0.818181818181818;1;4034;4;5.5;3.53553390593274;21;NA;1;-0.0080150909090909
7;Y ~ X1 + X2 + X3 + X1:X2;0.8;1;1;300;1;0.00118181818181818;0.846153846153846;0.967741935483871;7491;4;6.5;6.36396103067893;28;NA;0.967741935483871;0.0141582909090909
8;Y ~ X1 + X2 + X3 + X1:X2;0.8;1;1;300;1;0.00181818181818182;0.8;1;2;8;5;4;1;NA;1;-0.00932958181818182
9;Y ~ X1 + X2 + X3 + X1:X2;0.8;1;1;300;1;0.00227272727272727;0.769230769230769;1;4456;11;4.16666666666667;3.86867763798777;25;NA;1;-0.00563323636363637
10;Y ~ X1 + X2 + X3 + X1:X2;0.8;1;1;300;1;0.00318181818181818;0.885714285714286;1;1240;8;8.75;6.02079728939615;5;NA;1;0.0333844636363636
11;Y ~ X1 + X2 + X3 + X1:X2;0.8;1;1;300;1;0.001;0.727272727272727;1;1929;6;3.66666666666667;4.61880215351701;5;NA;1;-0.0236082727272727
12;Y ~ X1 + X2 + X3 + X1:X2;0.8;1;1;300;1;0.000545454545454545;0.833333333333333;1;9423;2;6;NA;35;NA;1;0.00712438181818181
13;Y ~ X1 + X2 + X3 + X1:X2;0.8;1;1;300;1;0.00363636363636364;0.85;1;622;12;6.66666666666667;4.7187568984497;8;NA;1;-0.0137214272727273
14;Y ~ X1 + X2 + X3 + X1:X2;0.8;1;1;300;1;0.00736363636363636;0.925925925925926;1;3474;12;13.5;8.06845710157772;23;NA;1;0.0212519181818182
15;Y ~ X1 + X2 + X3 + X1:X2;0.8;1;1;300;1;0.002;0.818181818181818;1;943;8;5.5;2.08166599946613;8;NA;1;0.0237455727272727
16;Y ~ X1 + X2 + X3 + X1:X2;0.8;1;1;300;1;0.00172727272727273;0.684210526315789;1;493;12;3.16666666666667;2.04124145231932;6;NA;1;0.00075148181818182
17;Y ~ X1 + X2 + X3 + X1:X2;0.8;1;1;300;1;0.00181818181818182;0.80952380952381;0.95;2551;7;5;2.16024689946929;12;NA;0.95;0.0166273545454545
18;Y ~ X1 + X2 + X3 + X1:X2;0.8;1;1;300;1;0.00418181818181818;0.847826086956522;1;2387;14;6.57142857142857;4.1576092031015;13;NA;1;-0.00205805454545454
19;Y ~ X1 + X2 + X3 + X1:X2;0.8;1;1;300;1;0.00209090909090909;0.739130434782609;1;939;12;3.83333333333333;2.63944438597722;6;NA;1;0.0277053636363636
20;Y ~ X1 + X2 + X3 + X1:X2;0.8;1;1;300;1;0.000454545454545455;0.666666666666667;0.96875;5957;3;2.5;2.12132034355964;37;NA;0.96875;0.0298731
21;Y ~ X1 + X2 + X3 + X1:X2;0.8;1;1;300;1;0.00345454545454545;0.815789473684211;1;1210;14;5.42857142857143;4.64962876142253;2;NA;1;-0.00160808181818181
22;Y ~ X1 + X2 + X3 + X1:X2;0.8;1;1;300;1;0.00136363636363636;0.8;1;2776;6;5;6.08276253029822;11;NA;1;-0.0229622636363636
23;Y ~ X1 + X2 + X3 + X1:X2;0.8;1;1;300;1;0.002;0.863636363636364;1;3184;6;7.33333333333333;4.50924975282289;17;NA;1;-0.0254812363636364
24;Y ~ X1 + X2 + X3 + X1:X2;0.8;1;1;300;1;0.00190909090909091;0.904761904761905;1;1957;4;10.5;4.94974746830583;16;NA;1;-0.0185963454545455
25;Y ~ X1 + X2 + X3 + X1:X2;0.8;1;1;300;1;0.00309090909090909;0.828571428571429;1;1873;11;5.66666666666667;3.9327683210007;10;NA;1;0.0152162636363636
26;Y ~ X1 + X2 + X3 + X1:X2;0.8;1;1;300;1;0.003;0.757575757575758;0.975;650;16;4.125;1.95940953204931;8;NA;0.975;0.0263437090909091
27;Y ~ X1 + X2 + X3 + X1:X2;0.8;1;1;300;1;0.00109090909090909;0.75;1;62;6;4;3;1;1;1;0.00747463636363636
28;Y ~ X1 + X2 + X3 + X1:X2;0.8;1;1;300;1;0.002;0.772727272727273;1;4073;10;4.4;3.91152144312159;17;NA;1;-0.0324996727272727
29;Y ~ X1 + X2 + X3 + X1:X2;0.8;1;1;300;1;0.00181818181818182;0.85;1;4529;6;6.66666666666667;5.5075705472861;14;NA;1;0.0157344272727273
30;Y ~ X1 + X2 + X3 + X1:X2;0.8;1;1;300;1;0.00636363636363636;0.842857142857143;0.96;402;22;6.36363636363636;3.77551922979416;4;1;0.958333333333333;0.0244919727272727
31;Y ~ X1 + X2 + X3 + X1:X2;0.8;1;1;300;1;0.00336363636363636;0.868421052631579;1;1930;9;7.4;7.95612971236643;16;NA;1;0.0170829727272727
32;Y ~ X1 + X2 + X3 + X1:X2;0.8;1;1;300;1;0.000727272727272727;0.75;0.974358974358974;3;4;4;1.4142135623731;1;NA;0.974358974358974;0.00256085454545455
33;Y ~ X1 + X2 + X3 + X1:X2;0.8;1;1;300;1;0.00254545454545455;0.821428571428571;1;23;10;5.6;4.03732584763727;1;NA;1;-0.0102178727272727
34;Y ~ X1 + X2 + X3 + X1:X2;0.8;1;1;300;1;0.00181818181818182;0.8;1;2;8;5;4;1;NA;1;-0.00932958181818182
35;Y ~ X1 + X2 + X3 + X1:X2;0.8;1;1;300;1;0.00154545454545455;0.882352941176471;1;3975;4;8.5;7.77817459305202;14;NA;1;-0.0350403363636364
36;Y ~ X1 + X2 + X3 + X1:X2;0.8;1;1;300;1;0.000363636363636364;0.25;1;416;6;1.33333333333333;0.577350269189626;6;NA;1;-0.0229482545454545
37;Y ~ X1 + X2 + X3 + X1:X2;0.8;1;1;300;1;0.00381818181818182;0.880952380952381;1;335;10;8.4;6.65582451691749;8;NA;1;0.0204621181818182
38;Y ~ X1 + X2 + X3 + X1:X2;0.8;1;1;300;1;0.000454545454545455;0.4;1;1670;6;1.66666666666667;0.577350269189626;5;NA;1;0.0495031
39;Y ~ X1 + X2 + X3 + X1:X2;0.8;1;1;300;1;0.000909090909090909;0.8;1;3169;4;5;5.65685424949238;17;NA;1;0.0175820090909091
40;Y ~ X1 + X2 + X3 + X1:X2;0.8;1;1;300;1;0.00218181818181818;0.833333333333333;1;1096;8;6;4.96655480858378;8;NA;1;-0.04987
41;Y ~ X1 + X2 + X3 + X1:X2;0.8;1;1;300;1;0.00136363636363636;0.8;1;372;6;5;5.19615242270663;1;NA;1;0.0277024727272727
42;Y ~ X1 + X2 + X3 + X1:X2;0.8;1;1;300;1;0.000181818181818182;0.5;1;4636;2;2;NA;8;NA;1;-0.00996265454545454
43;Y ~ X1 + X2 + X3 + X1:X2;0.8;1;1;300;1;0.00327272727272727;0.888888888888889;1;2278;8;9;9.93310961716756;9;NA;1;0.0319336272727273
44;Y ~ X1 + X2 + X3 + X1:X2;0.8;1;1;300;1;0.00118181818181818;0.769230769230769;1;610;6;4.33333333333333;2.08166599946613;8;NA;1;0.0391180454545455
45;Y ~ X1 + X2 + X3 + X1:X2;0.8;1;1;300;1;0.00309090909090909;0.852941176470588;1;1960;10;6.8;2.48997991959775;10;NA;1;0.0136666727272727
46;Y ~ X1 + X2 + X3 + X1:X2;0.8;1;1;300;1;0.00263636363636364;0.862068965517241;0.978260869565217;2018;8;7.25;9.322910847298;16;NA;0.978260869565217;-0.0459871727272727
47;Y ~ X1 + X2 + X3 + X1:X2;0.8;1;1;300;1;0.00336363636363636;0.918918918918919;0.970588235294118;2112;6;12.3333333333333;5.85946527708232;16;NA;0.970588235294118;-0.0456412272727273
48;Y ~ X1 + X2 + X3 + X1:X2;0.8;1;1;300;1;0.00281818181818182;0.774193548387097;1;1818;14;4.42857142857143;4.27617987059879;12;1;1;-0.0579990363636364
49;Y ~ X1 + X2 + X3 + X1:X2;0.8;1;1;300;1;0.00254545454545455;0.857142857142857;1;1223;8;7;6.78232998312527;2;NA;1;0.0137099909090909
50;Y ~ X1 + X2 + X3 + X1:X2;0.8;1;1;300;1;0.00109090909090909;0.666666666666667;1;4185;8;3;1.82574185835055;22;NA;1;-0.00402150909090909
51;Y ~ X1 + X2 + X3 + X1:X2;0.8;1;1;300;1;0.00154545454545455;0.764705882352941;0.96969696969697;3510;8;4.25;4.03112887414927;19;NA;0.96969696969697;-0.0239514454545455
52;Y ~ X1 + X2 + X3 + X1:X2;0.8;1;1;300;1;0.00109090909090909;0.75;1;1994;6;4;2.64575131106459;12;NA;1;-0.00104005454545455
53;Y ~ X1 + X2 + X3 + X1:X2;0.8;1;1;300;1;0.00145454545454545;0.75;1;4871;8;4;2;21;NA;1;0.0496826909090909
54;Y ~ X1 + X2 + X3 + X1:X2;0.8;1;1;300;1;0.00545454545454545;0.866666666666667;1;830;16;7.5;7.63450812336422;6;NA;1;0.0147182090909091
55;Y ~ X1 + X2 + X3 + X1:X2;0.8;1;1;300;1;0.00245454545454545;0.814814814814815;0.975609756097561;1217;10;5.4;3.64691650576209;4;NA;0.975609756097561;0.0250786727272727
56;Y ~ X1 + X2 + X3 + X1:X2;0.8;1;1;300;1;0.003;0.787878787878788;1;1270;14;4.71428571428571;2.6903708365382;7;NA;1;0.00940611818181819
57;Y ~ X1 + X2 + X3 + X1:X2;0.8;1;1;300;1;0.00227272727272727;0.84;1;368;8;6.25;3.09569593683445;3;NA;1;0.0123051818181818
58;Y ~ X1 + X2 + X3 + X1:X2;0.8;1;1;300;1;0.00254545454545455;0.896551724137931;0.967741935483871;5789;5;9.33333333333333;11.0151410945722;44;NA;0.967741935483871;0.00665674545454545
59;Y ~ X1 + X2 + X3 + X1:X2;0.8;1;1;300;1;0.00190909090909091;0.857142857142857;1;843;6;7;1.73205080756888;7;NA;1;0.0267793545454545
60;Y ~ X1 + X2 + X3 + X1:X2;0.8;1;1;300;1;0.00354545454545455;0.82051282051282;1;78;14;5.57142857142857;2.69920623252731;2;NA;1;0.0195140545454545
61;Y ~ X1 + X2 + X3 + X1:X2;0.8;1;1;300;1;0.00236363636363636;0.730769230769231;1;1675;14;3.71428571428571;2.49761791275112;20;NA;1;0.0320403181818182
62;Y ~ X1 + X2 + X3 + X1:X2;0.8;1;1;300;1;0.00581818181818182;0.90625;1;15;12;10.6666666666667;12.8789233504461;4;1;1;0.0197696090909091
63;Y ~ X1 + X2 + X3 + X1:X2;0.8;1;1;300;1;0.00318181818181818;0.914285714285714;1;5891;6;11.6666666666667;8.02080627701064;18;NA;1;0.0234658090909091
64;Y ~ X1 + X2 + X3 + X1:X2;0.8;1;1;300;1;0.00263636363636364;0.758620689655172;1;1175;14;4.14285714285714;3.4364987719369;11;NA;1;-0.0171017545454545
65;Y ~ X1 + X2 + X3 + X1:X2;0.8;1;1;300;1;0.00163636363636364;0.684210526315789;1;2589;11;3;1.78885438199983;6;NA;1;0.0113727272727273
66;Y ~ X1 + X2 + X3 + X1:X2;0.8;1;1;300;1;0.00136363636363636;0.666666666666667;1;2435;10;3;1.87082869338697;8;NA;1;-0.00340966363636364
67;Y ~ X1 + X2 + X3 + X1:X2;0.8;1;1;300;1;0.00336363636363636;0.837837837837838;1;976;12;6.16666666666667;5.70672118354022;4;NA;1;-0.00515877272727273
68;Y ~ X1 + X2 + X3 + X1:X2;0.8;1;1;300;1;0.00254545454545455;0.892857142857143;1;981;6;9.33333333333333;0.577350269189626;7;NA;1;-0.0348927363636364
69;Y ~ X1 + X2 + X3 + X1:X2;0.8;1;1;300;1;0.00309090909090909;0.941176470588235;1;1968;4;17;12.7279220613579;15;NA;1;0.0266585090909091
70;Y ~ X1 + X2 + X3 + X1:X2;0.8;1;1;300;1;0.00245454545454545;0.888888888888889;1;3123;6;9;8.18535277187245;9;NA;1;-0.0166713181818182
71;Y ~ X1 + X2 + X3 + X1:X2;0.8;1;1;300;1;0.00109090909090909;0.75;0.971428571428571;4826;6;4;1.73205080756888;17;NA;0.971428571428571;-0.00880897272727272
72;Y ~ X1 + X2 + X3 + X1:X2;0.8;1;1;300;1;0.00318181818181818;0.888888888888889;1;7318;7;8.75;6.70198975429437;23;NA;1;0.0579872363636364
73;Y ~ X1 + X2 + X3 + X1:X2;0.8;1;1;300;1;0.001;0.727272727272727;1;1156;6;3.66666666666667;1.52752523165195;4;NA;1;0.0416001818181818
74;Y ~ X1 + X2 + X3 + X1:X2;0.8;1;1;300;1;0.00127272727272727;0.857142857142857;1;4980;4;7;5.65685424949238;20;NA;1;0.0152449181818182
75;Y ~ X1 + X2 + X3 + X1:X2;0.8;1;1;300;1;0.00227272727272727;0.84;1;2;8;6.25;5.37742193496723;1;NA;1;0.00877537272727273
76;Y ~ X1 + X2 + X3 + X1:X2;0.8;1;1;300;1;0.00190909090909091;0.80952380952381;1;721;8;5.25;2.5;1;NA;1;0.0439068272727273
77;Y ~ X1 + X2 + X3 + X1:X2;0.8;1;1;300;1;0.005;0.875;1;2052;13;7.85714285714286;6.17599037749065;13;NA;1;-0.0132114545454545
78;Y ~ X1 + X2 + X3 + X1:X2;0.8;1;1;300;1;0.00272727272727273;0.833333333333333;1;5623;10;6;3;30;NA;1;-0.0111103909090909
79;Y ~ X1 + X2 + X3 + X1:X2;0.8;1;1;300;1;0.00190909090909091;0.818181818181818;1;480;7;5.25;3.40342964277702;11;NA;1;0.0393132363636364
80;Y ~ X1 + X2 + X3 + X1:X2;0.8;1;1;300;1;0.00109090909090909;0.666666666666667;1;759;8;3;1.63299316185545;8;NA;1;-0.0206555454545455
81;Y ~ X1 + X2 + X3 + X1:X2;0.8;1;1;300;1;0.00190909090909091;0.761904761904762;1;1290;10;4.2;2.04939015319192;17;NA;1;-0.0112420090909091
82;Y ~ X1 + X2 + X3 + X1:X2;0.8;1;1;300;1;0.00145454545454545;0.8125;1;478;6;5.33333333333333;0.577350269189626;1;NA;1;0.0365636545454546
83;Y ~ X1 + X2 + X3 + X1:X2;0.8;1;1;300;1;0.00345454545454545;0.763157894736842;0.972222222222222;268;18;4.22222222222222;3.52766841475279;4;NA;0.972222222222222;0.0113534727272727
84;Y ~ X1 + X2 + X3 + X1:X2;0.8;1;1;300;1;0.00445454545454545;0.897959183673469;1;2469;10;9.8;8.07465169527454;11;NA;1;-0.0171472181818182
85;Y ~ X1 + X2 + X3 + X1:X2;0.8;1;1;300;1;0.00127272727272727;0.928571428571429;1;1369;2;14;NA;13;NA;1;-0.0152982909090909
86;Y ~ X1 + X2 + X3 + X1:X2;0.8;1;1;300;1;0.002;0.863636363636364;0.971428571428571;4393;6;7.33333333333333;10.1159939369957;13;NA;0.971428571428571;-0.0163766
87;Y ~ X1 + X2 + X3 + X1:X2;0.8;1;1;300;1;0.00245454545454545;0.814814814814815;1;400;10;5.4;7.09224929059886;2;1;1;-0.0177695454545455
88;Y ~ X1 + X2 + X3 + X1:X2;0.8;1;1;300;1;0.00172727272727273;0.842105263157895;1;246;6;6.33333333333333;2.3094010767585;2;NA;1;0.00316486363636364
89;Y ~ X1 + X2 + X3 + X1:X2;0.8;1;1;300;1;0.00281818181818182;0.806451612903226;1;1713;12;5.16666666666667;3.12516666222246;7;NA;1;-0.0178899454545455
90;Y ~ X1 + X2 + X3 + X1:X2;0.8;1;1;300;1;0.00272727272727273;0.8;1;1204;12;5;2.75680975041804;3;NA;1;0.043844
91;Y ~ X1 + X2 + X3 + X1:X2;0.8;1;1;300;1;0.00209090909090909;0.826086956521739;1;1876;8;5.75;5.85234995535981;6;NA;1;0.0375296727272727
92;Y ~ X1 + X2 + X3 + X1:X2;0.8;1;1;300;1;0.00109090909090909;0.75;1;4641;6;4;3.60555127546399;26;NA;1;0.00751871818181818
93;Y ~ X1 + X2 + X3 + X1:X2;0.8;1;1;300;1;0.00118181818181818;0.692307692307692;0.975;4179;8;3.25;1.70782512765993;29;NA;0.975;-0.00957931818181818
94;Y ~ X1 + X2 + X3 + X1:X2;0.8;1;1;300;1;0.000818181818181818;0.888888888888889;1;9063;2;9;NA;54;NA;1;0.0212965454545455
95;Y ~ X1 + X2 + X3 + X1:X2;0.8;1;1;300;1;0.00218181818181818;0.833333333333333;1;3467;8;6;5.09901951359278;14;NA;1;-0.00757596363636364
96;Y ~ X1 + X2 + X3 + X1:X2;0.8;1;1;300;1;0.002;0.91304347826087;1;6158;3;11;14.142135623731;42;NA;1;-0.0203383454545455
97;Y ~ X1 + X2 + X3 + X1:X2;0.8;1;1;300;1;0.00290909090909091;0.875;0.96;6293;8;8;4.24264068711928;37;NA;0.96;-0.00072281818181818
98;Y ~ X1 + X2 + X3 + X1:X2;0.8;1;1;300;1;0.006;0.939393939393939;1;1655;8;16.5;10.3440804327886;5;NA;1;0.0494264818181818
99;Y ~ X1 + X2 + X3 + X1:X2;0.8;1;1;300;1;0.000727272727272727;0.625;1;3096;6;2.66666666666667;2.08166599946613;10;NA;1;0.0177364181818182
100;Y ~ X1 + X2 + X3 + X1:X2;0.8;1;1;300;1;0.00136363636363636;0.8;1;6968;6;5;1;23;NA;1;-0.00479601818181818
1;Y ~ X1 + X2 + X3 + X1:X2;0.8;1;1;1;300;0.083;0.617743702081051;0.605263157894737;15;698;2.61604584527221;2.16725244729495;7;0.333333333333333;0.65625;0.0351835181818182
2;Y ~ X1 + X2 + X3 + X1:X2;0.8;1;1;1;300;0.0782727272727273;0.617886178861789;0.659090909090909;5;658;2.61702127659574;2.01347948505592;2;0.5;0.666666666666667;-0.0311401272727273
3;Y ~ X1 + X2 + X3 + X1:X2;0.8;1;1;1;300;0.137272727272727;0.719205298013245;0.652173913043478;18;848;3.56132075471698;3.03735827593657;10;0.8;0.634146341463415;0.0213994636363636
4;Y ~ X1 + X2 + X3 + X1:X2;0.8;1;1;1;300;0.0846363636363636;0.645542427497315;0.552631578947368;14;660;2.82121212121212;2.07639176978131;7;0;0.567567567567568;-0.0294362363636364
5;Y ~ X1 + X2 + X3 + X1:X2;0.8;1;1;1;300;0.118818181818182;0.703136954858455;0.545454545454545;55;776;3.36855670103093;2.65418415313266;21;0.25;0.575;-0.00836048181818182
6;Y ~ X1 + X2 + X3 + X1:X2;0.8;1;1;1;300;0.0877272727272727;0.653886010362694;0.609756097560976;75;668;2.88922155688623;2.25339330215312;36;0.4;0.638888888888889;0.0114626545454546
7;Y ~ X1 + X2 + X3 + X1:X2;0.8;1;1;1;300;0.104545454545455;0.672173913043478;0.548387096774194;70;754;3.05039787798408;2.74445400158283;29;0.5;0.56;0.0253062181818182
8;Y ~ X1 + X2 + X3 + X1:X2;0.8;1;1;1;300;0.175;0.765194805194805;0.511627906976744;6;904;4.25884955752212;3.79014786604645;4;1;0.475;-0.00767455454545455
9;Y ~ X1 + X2 + X3 + X1:X2;0.8;1;1;1;300;0.107181818181818;0.665254237288136;0.67741935483871;53;789;2.98481012658228;2.37473421476176;17;1;0.642857142857143;-0.00603864545454546
10;Y ~ X1 + X2 + X3 + X1:X2;0.8;1;1;1;300;0.0827272727272727;0.615384615384615;0.791666666666667;26;700;2.6;2.13981227251471;6;NA;0.791666666666667;0.0271819272727273
11;Y ~ X1 + X2 + X3 + X1:X2;0.8;1;1;1;300;0.171454545454545;0.789920424403183;0.527777777777778;8;793;4.75062972292191;3.92489861625777;2;0.555555555555556;0.518518518518518;-0.0173276636363636
12;Y ~ X1 + X2 + X3 + X1:X2;0.8;1;1;1;300;0.107909090909091;0.677337826453243;0.638888888888889;19;766;3.09921671018277;2.38572860056033;7;1;0.59375;0.0152309
13;Y ~ X1 + X2 + X3 + X1:X2;0.8;1;1;1;300;0.127;0.692197566213314;0.5;7;860;3.24883720930233;2.60552327921264;4;0.4;0.514285714285714;-0.00654991818181818
14;Y ~ X1 + X2 + X3 + X1:X2;0.8;1;1;1;300;0.119636363636364;0.713525835866261;0.65625;50;754;3.49071618037135;3.00364030317013;22;0.75;0.642857142857143;0.0225546636363636
15;Y ~ X1 + X2 + X3 + X1:X2;0.8;1;1;1;300;0.0869090909090909;0.647489539748954;0.59375;20;674;2.83679525222552;2.20390868879562;4;0.5;0.6;0.0288050272727273
16;Y ~ X1 + X2 + X3 + X1:X2;0.8;1;1;1;300;0.0851818181818182;0.622198505869797;0.651162790697674;20;708;2.64689265536723;2.02173850378322;10;1;0.625;-0.0133392363636364
17;Y ~ X1 + X2 + X3 + X1:X2;0.8;1;1;1;300;0.181181818181818;0.742728184553661;0.55;46;1025;3.88499025341131;3.33606430524547;12;0.5;0.566666666666667;0.00739005454545455
18;Y ~ X1 + X2 + X3 + X1:X2;0.8;1;1;1;300;0.149636363636364;0.736170212765958;0.621621621621622;7;869;3.78390804597701;3.34212305807308;4;0.777777777777778;0.571428571428571;-0.00394143636363636
19;Y ~ X1 + X2 + X3 + X1:X2;0.8;1;1;1;300;0.157;0.748118123914302;0.594594594594595;14;870;3.97011494252874;3.60702447493701;6;0.9;0.481481481481481;0.0225817545454545
20;Y ~ X1 + X2 + X3 + X1:X2;0.8;1;1;1;300;0.0910909090909091;0.636726546906188;0.5625;81;728;2.74520547945205;2.20844042081229;32;1;0.548387096774194;0.0217126
21;Y ~ X1 + X2 + X3 + X1:X2;0.8;1;1;1;300;0.089;0.671092951991828;0.644444444444444;49;644;3.04037267080745;2.62771897770535;17;1;0.619047619047619;0.00351732727272728
22;Y ~ X1 + X2 + X3 + X1:X2;0.8;1;1;1;300;0.109727272727273;0.702321724709784;0.727272727272727;32;719;3.35277777777778;2.87927820101432;11;1;0.666666666666667;-0.0229601363636364
23;Y ~ X1 + X2 + X3 + X1:X2;0.8;1;1;1;300;0.099;0.662075298438935;0.641025641025641;36;736;2.95923913043478;2.35094542229889;11;0.5;0.648648648648649;-0.0170441909090909
24;Y ~ X1 + X2 + X3 + X1:X2;0.8;1;1;1;300;0.102727272727273;0.699115044247788;0.7;33;680;3.32352941176471;3.03004218586144;13;0.5;0.714285714285714;-0.0148171818181818
25;Y ~ X1 + X2 + X3 + X1:X2;0.8;1;1;1;300;0.103909090909091;0.662587412587413;0.739130434782609;38;771;2.96113989637306;2.29534656209437;21;0.5;0.761904761904762;0.0199741727272727
26;Y ~ X1 + X2 + X3 + X1:X2;0.8;1;1;1;300;0.0885454545454546;0.647482014388489;0.6;7;687;2.83139534883721;2.32129257387043;5;0.5;0.611111111111111;0.0274692181818182
27;Y ~ X1 + X2 + X3 + X1:X2;0.8;1;1;1;300;0.0910909090909091;0.647704590818363;0.731707317073171;22;706;2.8385269121813;2.2460799399342;11;1;0.725;0.0194178272727273
28;Y ~ X1 + X2 + X3 + X1:X2;0.8;1;1;1;300;0.053;0.554030874785592;0.615384615384615;16;520;2.24230769230769;1.66003979040627;5;0.5;0.628571428571429;-0.0345358
29;Y ~ X1 + X2 + X3 + X1:X2;0.8;1;1;1;300;0.145181818181818;0.740137758296807;0.674418604651163;5;830;3.84819277108434;3.32660049910174;1;1;0.621621621621622;0.0128463818181818
30;Y ~ X1 + X2 + X3 + X1:X2;0.8;1;1;1;300;0.152818181818182;0.724568709101725;0.48;90;926;3.63066954643629;2.95999462253833;33;1;0.380952380952381;0.0207471
31;Y ~ X1 + X2 + X3 + X1:X2;0.8;1;1;1;300;0.0970909090909091;0.661048689138577;0.692307692307692;56;724;2.94214876033058;2.48963881866878;22;0.5;0.702702702702703;0.0199040909090909
32;Y ~ X1 + X2 + X3 + X1:X2;0.8;1;1;1;300;0.116090909090909;0.70399373531715;0.564102564102564;1;756;3.37830687830688;2.87903890738634;1;1;0.5;0.00570543636363637
33;Y ~ X1 + X2 + X3 + X1:X2;0.8;1;1;1;300;0.158;0.747986191024166;0.6;16;876;3.96803652968037;3.5539492041996;10;0.625;0.59375;-0.0143381909090909
34;Y ~ X1 + X2 + X3 + X1:X2;0.8;1;1;1;300;0.175;0.765194805194805;0.511627906976744;6;904;4.25884955752212;3.79014786604645;4;1;0.475;-0.00767455454545455
35;Y ~ X1 + X2 + X3 + X1:X2;0.8;1;1;1;300;0.0948181818181818;0.647171620325983;0.6;16;736;2.83423913043478;2.25057581911668;6;1;0.588235294117647;-0.0207624363636364
36;Y ~ X1 + X2 + X3 + X1:X2;0.8;1;1;1;300;0.0922727272727273;0.675862068965517;0.720930232558139;59;658;3.08510638297872;2.70140942282833;26;1;0.684210526315789;-0.0225235272727273
37;Y ~ X1 + X2 + X3 + X1:X2;0.8;1;1;1;300;0.105272727272727;0.685393258426966;0.609756097560976;21;729;3.17260273972603;2.5224955087672;10;0.4;0.638888888888889;0.0165789181818182
38;Y ~ X1 + X2 + X3 + X1:X2;0.8;1;1;1;300;0.130363636363636;0.736915561758549;0.75;8;755;3.79365079365079;3.25808716802395;5;1;0.72;0.0420153454545455
39;Y ~ X1 + X2 + X3 + X1:X2;0.8;1;1;1;300;0.077;0.64344746162928;0.621621621621622;2;604;2.8046357615894;2.28782238432935;2;0.666666666666667;0.617647058823529;0.0203509090909091
40;Y ~ X1 + X2 + X3 + X1:X2;0.8;1;1;1;300;0.0913636363636364;0.631474103585657;0.619047619047619;6;741;2.7088948787062;2.15767683306529;4;0.6;0.621621621621622;-0.0423524454545455
41;Y ~ X1 + X2 + X3 + X1:X2;0.8;1;1;1;300;0.140545454545455;0.728331177231565;0.606060606060606;4;840;3.68095238095238;3.5232767141412;1;0.833333333333333;0.555555555555556;0.0314337
42;Y ~ X1 + X2 + X3 + X1:X2;0.8;1;1;1;300;0.0815454545454545;0.655518394648829;0.72;19;618;2.90291262135922;2.40743395388953;8;1;0.695652173913043;-0.0107342818181818
43;Y ~ X1 + X2 + X3 + X1:X2;0.8;1;1;1;300;0.0783636363636364;0.611368909512761;0.709677419354839;4;670;2.57313432835821;2.06768565766362;4;0.5;0.724137931034483;0.0254773454545455
44;Y ~ X1 + X2 + X3 + X1:X2;0.8;1;1;1;300;0.119363636363636;0.69002284843869;0.666666666666667;74;814;3.22604422604423;2.40033040172558;28;0.8;0.636363636363636;0.0288774727272727
45;Y ~ X1 + X2 + X3 + X1:X2;0.8;1;1;1;300;0.112454545454545;0.664510913500404;0.612903225806452;48;830;2.98072289156626;2.55180422254044;23;0;0.633333333333333;0.0193446727272727
46;Y ~ X1 + X2 + X3 + X1:X2;0.8;1;1;1;300;0.0727272727272727;0.6025;0.630434782608696;2;636;2.51572327044025;2.23636519512248;1;1;0.604651162790698;-0.0337506272727273
47;Y ~ X1 + X2 + X3 + X1:X2;0.8;1;1;1;300;0.0416363636363636;0.526200873362445;0.735294117647059;79;434;2.11059907834101;1.55656557802839;24;NA;0.735294117647059;-0.0437275545454545
48;Y ~ X1 + X2 + X3 + X1:X2;0.8;1;1;1;300;0.0882727272727273;0.625128733264676;0.69047619047619;3;728;2.66758241758242;2.09207969374478;2;0.6;0.702702702702703;-0.0412537909090909
49;Y ~ X1 + X2 + X3 + X1:X2;0.8;1;1;1;300;0.0977272727272727;0.665116279069767;0.659574468085106;20;720;2.98611111111111;2.5677074063583;5;0.714285714285714;0.65;0.0162596818181818
50;Y ~ X1 + X2 + X3 + X1:X2;0.8;1;1;1;300;0.0620909090909091;0.614369501466276;0.777777777777778;93;527;2.58712121212121;2.01703412515947;34;1;0.772727272727273;-0.0190225909090909
51;Y ~ X1 + X2 + X3 + X1:X2;0.8;1;1;1;300;0.110818181818182;0.675143560295324;0.545454545454545;15;792;3.07828282828283;2.56489111093335;7;0.25;0.586206896551724;-0.0175049090909091
52;Y ~ X1 + X2 + X3 + X1:X2;0.8;1;1;1;300;0.109727272727273;0.669428334714167;0.56;27;798;3.0250626566416;2.59964694811781;8;1;0.521739130434783;-0.0139421727272727
53;Y ~ X1 + X2 + X3 + X1:X2;0.8;1;1;1;300;0.0835454545454545;0.640914036996736;0.518518518518518;31;660;2.78484848484848;2.17594212724216;11;1;0.5;0.0412414181818182
54;Y ~ X1 + X2 + X3 + X1:X2;0.8;1;1;1;300;0.0798181818181818;0.637400228050171;0.612903225806452;145;637;2.75235109717868;2.14669245121809;43;1;0.538461538461538;0.0193375090909091
55;Y ~ X1 + X2 + X3 + X1:X2;0.8;1;1;1;300;0.0792727272727273;0.658256880733945;0.560975609756098;48;596;2.9261744966443;2.3213080015662;27;0;0.575;0.0275393454545455
56;Y ~ X1 + X2 + X3 + X1:X2;0.8;1;1;1;300;0.164090909090909;0.744598337950139;0.609756097560976;18;922;3.91540130151844;3.50766262158547;8;0.714285714285714;0.588235294117647;0.0138859727272727
57;Y ~ X1 + X2 + X3 + X1:X2;0.8;1;1;1;300;0.151545454545455;0.73125374925015;0.538461538461538;24;896;3.72098214285714;3.31092786519723;12;0.75;0.514285714285714;0.0155032909090909
58;Y ~ X1 + X2 + X3 + X1:X2;0.8;1;1;1;300;0.111727272727273;0.690243902439024;0.580645161290323;30;761;3.2257217847769;2.48394207413453;9;0.75;0.555555555555556;-0.00370655454545455
59;Y ~ X1 + X2 + X3 + X1:X2;0.8;1;1;1;300;0.114;0.677033492822966;0.555555555555556;2;810;3.0962962962963;2.66125688891976;2;0.5;0.5625;0.0254305636363636
60;Y ~ X1 + X2 + X3 + X1:X2;0.8;1;1;1;300;0.124;0.705278592375367;0.574468085106383;61;804;3.39303482587065;2.95346303245375;20;0.5;0.577777777777778;0.0130734909090909
61;Y ~ X1 + X2 + X3 + X1:X2;0.8;1;1;1;300;0.108;0.689974726200505;0.633333333333333;1;737;3.21951219512195;2.62161765122717;1;1;0.592592592592593;0.0245204818181818
62;Y ~ X1 + X2 + X3 + X1:X2;0.8;1;1;1;300;0.114727272727273;0.704437400950872;0.6;6;746;3.38337801608579;2.78541561911967;3;0.833333333333333;0.558823529411765;0.0186332181818182
63;Y ~ X1 + X2 + X3 + X1:X2;0.8;1;1;1;300;0.104;0.69493006993007;0.641025641025641;54;698;3.27793696275072;2.76889543654932;23;0.5;0.648648648648649;0.0290012272727273
64;Y ~ X1 + X2 + X3 + X1:X2;0.8;1;1;1;300;0.0864545454545455;0.640378548895899;0.74;8;684;2.78070175438596;2.19072466992327;3;0.5;0.772727272727273;-0.0128422272727273
65;Y ~ X1 + X2 + X3 + X1:X2;0.8;1;1;1;300;0.163545454545455;0.754863813229572;0.486486486486487;41;882;4.07013574660633;3.46764304403593;15;0.714285714285714;0.433333333333333;0.00415071818181818
66;Y ~ X1 + X2 + X3 + X1:X2;0.8;1;1;1;300;0.175909090909091;0.766925064599483;0.673913043478261;6;902;4.29046563192905;3.79032364558235;3;0.777777777777778;0.648648648648649;-0.00228374545454546
67;Y ~ X1 + X2 + X3 + X1:X2;0.8;1;1;1;300;0.118818181818182;0.703136954858455;0.545454545454545;55;776;3.36855670103093;2.65418415313266;21;0.25;0.575;-0.00836048181818182
68;Y ~ X1 + X2 + X3 + X1:X2;0.8;1;1;1;300;0.0758181818181818;0.597122302158273;0.533333333333333;23;672;2.48214285714286;1.89255639884641;13;1;0.5;-0.0339819636363636
69;Y ~ X1 + X2 + X3 + X1:X2;0.8;1;1;1;300;0.132545454545455;0.716735253772291;0.571428571428571;3;826;3.53026634382567;2.915838765362;2;0.75;0.548387096774194;0.0154965454545455
70;Y ~ X1 + X2 + X3 + X1:X2;0.8;1;1;1;300;0.171363636363636;0.751724137931034;0.5;7;936;4.02777777777778;3.64266853053042;2;0.5;0.5;-0.0134765818181818
71;Y ~ X1 + X2 + X3 + X1:X2;0.8;1;1;1;300;0.147545454545455;0.746149106592729;0.6;18;824;3.93932038834951;3.07231694499177;6;0.5;0.612903225806452;-0.00661621818181818
72;Y ~ X1 + X2 + X3 + X1:X2;0.8;1;1;1;300;0.0720909090909091;0.604534005037783;0.764705882352941;8;627;2.52547770700637;1.89019344002552;6;1;0.741935483870968;0.052174
73;Y ~ X1 + X2 + X3 + X1:X2;0.8;1;1;1;300;0.0896363636363636;0.651115618661258;0.604651162790698;11;688;2.86627906976744;2.10777322788815;3;1;0.585365853658537;0.0399890545454546
74;Y ~ X1 + X2 + X3 + X1:X2;0.8;1;1;1;300;0.173181818181818;0.763254593175853;0.675675675675676;98;902;4.22394678492239;3.78428956336379;36;1;0.6;0.00802829090909091
75;Y ~ X1 + X2 + X3 + X1:X2;0.8;1;1;1;300;0.138272727272727;0.715976331360947;0.65;51;864;3.52083333333333;2.89884067554272;27;0.714285714285714;0.636363636363636;0.0107796181818182
76;Y ~ X1 + X2 + X3 + X1:X2;0.8;1;1;1;300;0.113818181818182;0.693290734824281;0.674418604651163;8;768;3.26041666666667;2.66784270194711;4;0.666666666666667;0.675675675675676;0.0361949727272727
77;Y ~ X1 + X2 + X3 + X1:X2;0.8;1;1;1;300;0.127636363636364;0.730960854092527;0.605263157894737;7;755;3.72413793103448;3.10426540151645;4;0.75;0.566666666666667;-0.0176262818181818
78;Y ~ X1 + X2 + X3 + X1:X2;0.8;1;1;1;300;0.126272727272727;0.704103671706263;0.586206896551724;21;822;3.37956204379562;2.70626568430892;7;1;0.555555555555556;-0.0133623
79;Y ~ X1 + X2 + X3 + X1:X2;0.8;1;1;1;300;0.101;0.664568345323741;0.760869565217391;31;745;2.97855227882038;2.27411120428114;12;1;0.75;0.0357750090909091
80;Y ~ X1 + X2 + X3 + X1:X2;0.8;1;1;1;300;0.114272727272727;0.665075576770088;0.512820512820513;36;842;2.98574821852732;2.58379311852019;12;0.714285714285714;0.46875;-0.0204732090909091
81;Y ~ X1 + X2 + X3 + X1:X2;0.8;1;1;1;300;0.119545454545455;0.67680608365019;0.7;61;850;3.09411764705882;2.26136297089311;17;0.75;0.692307692307692;-0.00926034545454545
82;Y ~ X1 + X2 + X3 + X1:X2;0.8;1;1;1;300;0.115727272727273;0.700471698113208;0.625;4;763;3.33246073298429;2.94337526844522;1;0.833333333333333;0.588235294117647;0.0343995181818182
83;Y ~ X1 + X2 + X3 + X1:X2;0.8;1;1;1;300;0.127727272727273;0.693950177935943;0.638888888888889;4;860;3.26744186046512;2.93926246479253;1;0.571428571428571;0.655172413793103;0.0110237636363636
84;Y ~ X1 + X2 + X3 + X1:X2;0.8;1;1;1;300;0.129272727272727;0.710267229254571;0.68;3;824;3.45145631067961;2.97271825692741;2;0.4;0.75;-0.0186967090909091
85;Y ~ X1 + X2 + X3 + X1:X2;0.8;1;1;1;300;0.0931818181818182;0.657560975609756;0.609756097560976;9;702;2.92022792022792;2.15921042563935;3;0.5;0.628571428571429;-0.0126885272727273
86;Y ~ X1 + X2 + X3 + X1:X2;0.8;1;1;1;300;0.104363636363636;0.67595818815331;0.8;39;744;3.08602150537634;2.58715847614102;11;0.666666666666667;0.8125;-0.00959911818181818
87;Y ~ X1 + X2 + X3 + X1:X2;0.8;1;1;1;300;0.108272727272727;0.656591099916037;0.625;32;818;2.9119804400978;2.30027241345173;11;0.714285714285714;0.606060606060606;-0.0147387545454545
88;Y ~ X1 + X2 + X3 + X1:X2;0.8;1;1;1;300;0.193090909090909;0.78144135657089;0.648648648648649;24;929;4.56774193548387;4.22332300145732;13;0.75;0.620689655172414;0.00466293636363637
89;Y ~ X1 + X2 + X3 + X1:X2;0.8;1;1;1;300;0.0874545454545455;0.642411642411642;0.58974358974359;73;688;2.79651162790698;2.31597054692162;23;0.5;0.594594594594595;-0.00198256363636364
90;Y ~ X1 + X2 + X3 + X1:X2;0.8;1;1;1;300;0.118181818181818;0.68;0.444444444444444;48;832;3.125;2.50180657617217;20;0.666666666666667;0.4;0.0410905272727273
91;Y ~ X1 + X2 + X3 + X1:X2;0.8;1;1;1;300;0.131545454545455;0.701451278507256;0.551724137931034;18;864;3.34953703703704;2.71979079455433;4;0.75;0.476190476190476;0.0345872545454545
92;Y ~ X1 + X2 + X3 + X1:X2;0.8;1;1;1;300;0.167181818181818;0.776508972267537;0.771428571428571;78;822;4.47445255474453;4.11910532312386;22;0.875;0.740740740740741;0.00963451818181818
93;Y ~ X1 + X2 + X3 + X1:X2;0.8;1;1;1;300;0.0862727272727273;0.652265542676502;0.55;58;660;2.87575757575758;2.24346810103981;16;NA;0.55;0.00830049090909091
94;Y ~ X1 + X2 + X3 + X1:X2;0.8;1;1;1;300;0.0770909090909091;0.629716981132076;0.657894736842105;34;628;2.70063694267516;2.32767752493779;10;0.333333333333333;0.71875;0.0246969
95;Y ~ X1 + X2 + X3 + X1:X2;0.8;1;1;1;300;0.0918181818181818;0.636633663366337;0.615384615384615;140;734;2.75204359673025;2.21670013161545;52;0.666666666666667;0.606060606060606;-0.0193557181818182
96;Y ~ X1 + X2 + X3 + X1:X2;0.8;1;1;1;300;0.0790909090909091;0.650574712643678;0.483870967741935;44;608;2.85245901639344;2.37611515075838;24;0.5;0.481481481481481;-0.0220856272727273
97;Y ~ X1 + X2 + X3 + X1:X2;0.8;1;1;1;300;0.126636363636364;0.699928212491027;0.64;9;836;3.33253588516746;3.01506111942445;3;0.5;0.652173913043478;-0.00654783636363636
98;Y ~ X1 + X2 + X3 + X1:X2;0.8;1;1;1;300;0.0918181818181818;0.657425742574257;0.688888888888889;37;692;2.91907514450867;2.36994105231299;14;0.75;0.682926829268293;0.0356063272727273
99;Y ~ X1 + X2 + X3 + X1:X2;0.8;1;1;1;300;0.104818181818182;0.667534722222222;0.617647058823529;2;767;3.00260416666667;2.49437874339318;2;0.5;0.633333333333333;0.0262319818181818
100;Y ~ X1 + X2 + X3 + X1:X2;0.8;1;1;1;300;0.127636363636364;0.707264957264957;0.588235294117647;30;822;3.41605839416058;2.87370501677035;11;0.875;0.5;-0.00592282727272727
1;Y ~ X1 + X2 + X3 + X1:X2 + X1:X3 + X2:X3;0.2;1;1;1;1;0.236181818181818;0.939568899153195;0.97445124145376;15;314;16.5477707006369;15.7681299233745;3;0.943251533742331;0.984015044663846;0.0839154181818181
2;Y ~ X1 + X2 + X3 + X1:X2 + X1:X3 + X2:X3;0.2;1;1;1;1;0.202090909090909;0.931623931623932;0.976520811099253;2;304;14.625;15.8673359765708;2;0.934819897084048;0.987432675044883;-0.0733031727272727
3;Y ~ X1 + X2 + X3 + X1:X2 + X1:X3 + X2:X3;0.2;1;1;1;1;0.218636363636364;0.935966735966736;0.970348406226835;24;308;15.6168831168831;18.2281108956153;4;0.93205574912892;0.980696798493409;0.0869232727272727
4;Y ~ X1 + X2 + X3 + X1:X2 + X1:X3 + X2:X3;0.2;1;1;1;1;0.255181818181818;0.913786961168507;0.932303164091244;27;484;11.599173553719;11.1485852766617;3;0.906779661016949;0.941293532338308;-0.0484153
5;Y ~ X1 + X2 + X3 + X1:X2 + X1:X3 + X2:X3;0.2;1;1;1;1;0.342090909090909;0.938081318097263;0.933958859617467;14;466;16.1502145922747;18.0625997777068;2;0.932150313152401;0.934914506343078;-0.100098154545455
6;Y ~ X1 + X2 + X3 + X1:X2 + X1:X3 + X2:X3;0.2;1;1;1;1;0.235272727272727;0.931993817619784;0.9698510715583;126;352;14.7045454545455;13.2023020424765;2;0.933744221879815;0.980988593155893;0.101990227272727
7;Y ~ X1 + X2 + X3 + X1:X2 + X1:X3 + X2:X3;0.2;1;1;1;1;0.267454545454545;0.941196464989803;0.967355821545158;3;346;17.0057803468208;16.617620624823;2;0.940136054421769;0.977250247279921;0.0779042363636364
8;Y ~ X1 + X2 + X3 + X1:X2 + X1:X3 + X2:X3;0.2;1;1;1;1;0.245545454545455;0.932962962962963;0.971938775510204;17;363;14.8406593406593;16.2939807075397;3;0.956338028169014;0.977384464110128;-0.0213915909090909
9;Y ~ X1 + X2 + X3 + X1:X2 + X1:X3 + X2:X3;0.2;1;1;1;1;0.190363636363636;0.925978987583572;0.976352561805804;7;310;13.5096774193548;13.8579845904176;4;0.947470817120623;0.982872200263505;-0.0130102818181818
10;Y ~ X1 + X2 + X3 + X1:X2 + X1:X3 + X2:X3;0.2;1;1;1;1;0.203818181818182;0.932203389830508;0.975389069851611;1;304;14.75;14.9884061154212;1;0.940754039497307;0.984134179510426;0.0560901727272727
11;Y ~ X1 + X2 + X3 + X1:X2 + X1:X3 + X2:X3;0.2;1;1;1;1;0.208909090909091;0.928198433420366;0.972923527259422;45;330;13.9272727272727;14.2317763817467;3;0.948398576512456;0.979272224781207;-0.0413187
12;Y ~ X1 + X2 + X3 + X1:X2 + X1:X3 + X2:X3;0.2;1;1;1;1;0.264454545454545;0.9439477303989;0.97394495412844;7;327;17.7378048780488;17.8266577817384;2;0.961876832844575;0.977973568281938;0.144934090909091
13;Y ~ X1 + X2 + X3 + X1:X2 + X1:X3 + X2:X3;0.2;1;1;1;1;0.216181818181818;0.929772918418839;0.970439798125451;5;334;14.2395209580838;14.9481874554366;3;0.928221859706362;0.982415548357242;-0.0559620909090909
14;Y ~ X1 + X2 + X3 + X1:X2 + X1:X3 + X2:X3;0.2;1;1;1;1;0.260272727272727;0.931167016072676;0.956458104646908;32;395;14.459595959596;13.3087461734387;2;0.941015089163237;0.962075848303393;0.0720969818181818
15;Y ~ X1 + X2 + X3 + X1:X2 + X1:X3 + X2:X3;0.2;1;1;1;1;0.254272727272727;0.93850554165177;0.967706422018349;378;344;16.2616279069767;16.0443877608643;3;0.946685878962536;0.974889217134417;0.118403454545455
16;Y ~ X1 + X2 + X3 + X1:X2 + X1:X3 + X2:X3;0.2;1;1;1;1;0.247545454545455;0.941241278002203;0.972323379461034;46;320;17.01875;16.7746708859916;3;0.944858420268256;0.981204819277108;-0.0440398636363636
17;Y ~ X1 + X2 + X3 + X1:X2 + X1:X3 + X2:X3;0.2;1;1;1;1;0.233090909090909;0.936427457098284;0.96909903201787;49;326;15.7300613496933;15.0690023384992;1;0.941082802547771;0.977648202137998;0.0158839818181818
18;Y ~ X1 + X2 + X3 + X1:X2 + X1:X3 + X2:X3;0.2;1;1;1;1;0.243272727272727;0.940956651718984;0.974049057945254;15;316;16.9367088607595;15.8088435882017;2;0.951909476661952;0.981481481481482;-0.0214569272727273
19;Y ~ X1 + X2 + X3 + X1:X2 + X1:X3 + X2:X3;0.2;1;1;1;1;0.245818181818182;0.938979289940828;0.967589220684632;105;330;16.3878787878788;15.9777237758821;4;0.928067700987306;0.981345115365734;0.100109581818182
20;Y ~ X1 + X2 + X3 + X1:X2 + X1:X3 + X2:X3;0.2;1;1;1;1;0.258363636363636;0.935960591133005;0.968349928876245;3;364;15.6153846153846;16.7478995010287;2;0.93972602739726;0.978386167146974;0.0777810545454545
21;Y ~ X1 + X2 + X3 + X1:X2 + X1:X3 + X2:X3;0.2;1;1;1;1;0.214090909090909;0.937128292268479;0.974396488661302;75;297;15.8053691275168;13.3511199309317;4;0.946488294314381;0.982209737827715;0.0523099909090909
22;Y ~ X1 + X2 + X3 + X1:X2 + X1:X3 + X2:X3;0.2;1;1;1;1;0.264636363636364;0.942611683848797;0.965530022238695;32;335;17.327380952381;16.186597924856;6;0.929873772791024;0.978337531486146;-0.0507218727272727
23;Y ~ X1 + X2 + X3 + X1:X2 + X1:X3 + X2:X3;0.2;1;1;1;1;0.226545454545455;0.926565008025682;0.967485299204427;1;366;13.6174863387978;14.6128093822644;1;0.93;0.979461433135555;-0.0633137181818182
24;Y ~ X1 + X2 + X3 + X1:X2 + X1:X3 + X2:X3;0.2;1;1;1;1;0.212272727272727;0.93236301369863;0.972222222222222;109;315;14.7784810126582;14.518875663915;2;0.937898089171974;0.982276119402985;-0.0566442181818182
25;Y ~ X1 + X2 + X3 + X1:X2 + X1:X3 + X2:X3;0.2;1;1;1;1;0.207363636363636;0.921525646646208;0.964380447139068;125;358;12.7430167597765;10.9087581479827;2;0.915162454873646;0.977458033573142;0.0886200545454545
26;Y ~ X1 + X2 + X3 + X1:X2 + X1:X3 + X2:X3;0.2;1;1;1;1;0.224909090909091;0.942222222222222;0.976243504083148;64;285;17.3006993006993;18.2891620970388;2;0.951534733441034;0.983614457831325;0.0457033090909091
27;Y ~ X1 + X2 + X3 + X1:X2 + X1:X3 + X2:X3;0.2;1;1;1;1;0.255454545454545;0.938434163701068;0.962589928057554;41;346;16.242774566474;15.9526558750048;3;0.923943661971831;0.975845410628019;0.111425390909091
28;Y ~ X1 + X2 + X3 + X1:X2 + X1:X3 + X2:X3;0.2;1;1;1;1;0.228636363636364;0.935188866799205;0.968230513483561;54;326;15.4294478527607;16.8669335819729;4;0.928684627575277;0.980250481695568;-0.0545381636363637
29;Y ~ X1 + X2 + X3 + X1:X2 + X1:X3 + X2:X3;0.2;1;1;1;1;0.273909090909091;0.943559096945551;0.968460111317254;43;341;17.6198830409357;15.5813411032066;2;0.950335570469799;0.975384615384615;0.0741069818181818
30;Y ~ X1 + X2 + X3 + X1:X2 + X1:X3 + X2:X3;0.2;1;1;1;1;0.222454545454545;0.933769419460343;0.970588235294118;14;325;15.0122699386503;14.5411241987585;3;0.929508196721311;0.982093663911846;0.0189015636363636
31;Y ~ X1 + X2 + X3 + X1:X2 + X1:X3 + X2:X3;0.2;1;1;1;1;0.206818181818182;0.937609841827768;0.975092936802974;55;283;16.0211267605634;15.8057662114153;2;0.935661764705882;0.985088536812675;0.0592643909090909
32;Y ~ X1 + X2 + X3 + X1:X2 + X1:X3 + X2:X3;0.2;1;1;1;1;0.276272727272727;0.944060546232313;0.969037965352009;43;340;17.8764705882353;17.9717737074402;4;0.944801026957638;0.978800413650465;0.0872727818181818
33;Y ~ X1 + X2 + X3 + X1:X2 + X1:X3 + X2:X3;0.2;1;1;1;1;0.270363636363636;0.939455095862765;0.967236985802694;9;361;16.4309392265193;16.1218255687285;3;0.940828402366864;0.975857073877354;-0.0246825727272727
34;Y ~ X1 + X2 + X3 + X1:X2 + X1:X3 + X2:X3;0.2;1;1;1;1;0.245545454545455;0.932962962962963;0.971938775510204;17;363;14.8406593406593;16.2939807075397;3;0.956338028169014;0.977384464110128;-0.0213915909090909
35;Y ~ X1 + X2 + X3 + X1:X2 + X1:X3 + X2:X3;0.2;1;1;1;1;0.215909090909091;0.932631578947368;0.971664275466284;5;320;14.84375;15.1477199542149;2;0.923599320882852;0.984538426557526;-0.0671343636363636
36;Y ~ X1 + X2 + X3 + X1:X2 + X1:X3 + X2:X3;0.2;1;1;1;1;0.257181818181818;0.935312831389183;0.962673302523996;6;366;15.4590163934426;15.1848396458823;2;0.924157303370786;0.975725844835792;-0.0996955727272727
37;Y ~ X1 + X2 + X3 + X1:X2 + X1:X3 + X2:X3;0.2;1;1;1;1;0.282272727272727;0.940096618357488;0.962057643195914;95;372;16.6935483870968;16.9714437835337;2;0.934093789607098;0.973360655737705;0.0113748272727273
38;Y ~ X1 + X2 + X3 + X1:X2 + X1:X3 + X2:X3;0.2;1;1;1;1;0.246;0.936044362292052;0.972263868065967;11;347;15.551724137931;16.3793600704217;3;0.94969512195122;0.97962226640159;0.0597604636363636
39;Y ~ X1 + X2 + X3 + X1:X2 + X1:X3 + X2:X3;0.2;1;1;1;1;0.216545454545455;0.933669185558354;0.97422126745435;23;316;15.0759493670886;15.5999119317282;2;0.943589743589744;0.982336956521739;0.0969182454545455
40;Y ~ X1 + X2 + X3 + X1:X2 + X1:X3 + X2:X3;0.2;1;1;1;1;0.267545454545455;0.943934760448522;0.968468468468468;33;330;17.8363636363636;17.3392586097346;4;0.943526170798898;0.97781217750258;-0.0307158545454546
41;Y ~ X1 + X2 + X3 + X1:X2 + X1:X3 + X2:X3;0.2;1;1;1;1;0.212;0.942967409948542;0.978292329956585;51;266;17.5338345864662;18.6700005973691;4;0.95304347826087;0.984924623115578;0.0339581181818182
42;Y ~ X1 + X2 + X3 + X1:X2 + X1:X3 + X2:X3;0.2;1;1;1;1;0.218909090909091;0.938512671375156;0.976525821596244;112;297;16.1610738255034;17.867404685361;4;0.943686006825939;0.985341273476867;-0.0594110272727273
43;Y ~ X1 + X2 + X3 + X1:X2 + X1:X3 + X2:X3;0.2;1;1;1;1;0.275090909090909;0.939854593522802;0.965183058147882;113;364;16.6263736263736;15.8296514214567;2;0.936054421768707;0.975621647976597;0.142668081818182
44;Y ~ X1 + X2 + X3 + X1:X2 + X1:X3 + X2:X3;0.2;1;1;1;1;0.216454545454545;0.932801343973121;0.976190476190476;1;320;14.88125;15.559329291053;1;0.949511400651466;0.983781278962002;0.0486689636363636
45;Y ~ X1 + X2 + X3 + X1:X2 + X1:X3 + X2:X3;0.2;1;1;1;1;0.253454545454545;0.934361549497848;0.968714662646061;112;366;15.2349726775956;14.3979730286737;3;0.944602272727273;0.977424320164187;0.0556867636363636
46;Y ~ X1 + X2 + X3 + X1:X2 + X1:X3 + X2:X3;0.2;1;1;1;1;0.229545454545455;0.934679334916865;0.970462633451957;25;329;15.3030303030303;13.8173734057686;2;0.941077441077441;0.978339350180505;-0.00888874545454546
47;Y ~ X1 + X2 + X3 + X1:X2 + X1:X3 + X2:X3;0.2;1;1;1;1;0.290272727272727;0.940181647353586;0.962112932604736;4;382;16.717277486911;14.6177132966342;2;0.938144329896907;0.971559167089893;-0.0922607181818181
48;Y ~ X1 + X2 + X3 + X1:X2 + X1:X3 + X2:X3;0.2;1;1;1;1;0.280454545454545;0.944894651539708;0.965867828612927;1;340;18.1470588235294;18.1622085579001;1;0.942643391521197;0.975409836065574;-0.0830561909090909
49;Y ~ X1 + X2 + X3 + X1:X2 + X1:X3 + X2:X3;0.2;1;1;1;1;0.258454545454545;0.939500527611678;0.967671630948057;48;344;16.5290697674419;17.3927548691007;4;0.941944847605225;0.976259689922481;0.00893236363636364
50;Y ~ X1 + X2 + X3 + X1:X2 + X1:X3 + X2:X3;0.2;1;1;1;1;0.238272727272727;0.910755148741419;0.934985632183908;10;467;11.2008547008547;12.4199686627603;2;0.895894428152493;0.9476688867745;-0.118558163636364
51;Y ~ X1 + X2 + X3 + X1:X2 + X1:X3 + X2:X3;0.2;1;1;1;1;0.270909090909091;0.94496644295302;0.972017673048601;50;328;18.1707317073171;18.2829196350464;3;0.947860962566845;0.98119918699187;-0.109122390909091
52;Y ~ X1 + X2 + X3 + X1:X2 + X1:X3 + X2:X3;0.2;1;1;1;1;0.238454545454545;0.938619900876859;0.973275550740339;335;322;16.2919254658385;17.2585630020118;5;0.950301204819277;0.980522565320665;-0.115797454545455
53;Y ~ X1 + X2 + X3 + X1:X2 + X1:X3 + X2:X3;0.2;1;1;1;1;0.245;0.932071269487751;0.965491651205937;6;367;14.6467391304348;14.0257448773058;3;0.938744257274119;0.974045053868756;0.0366358909090909
54;Y ~ X1 + X2 + X3 + X1:X2 + X1:X3 + X2:X3;0.2;1;1;1;1;0.283727272727273;0.929830182633771;0.950849963045085;44;438;14.2511415525114;14.0805655665009;4;0.940074906367041;0.955380577427822;0.0924240818181818
55;Y ~ X1 + X2 + X3 + X1:X2 + X1:X3 + X2:X3;0.2;1;1;1;1;0.253181818181818;0.940057430007179;0.967515688445921;35;333;16.6766467065868;18.0361983615807;2;0.929698708751793;0.980616302186879;0.0925102363636364
56;Y ~ X1 + X2 + X3 + X1:X2 + X1:X3 + X2:X3;0.2;1;1;1;1;0.239090909090909;0.942205323193916;0.970304114490161;230;304;17.3026315789474;15.9610616726354;4;0.93134328358209;0.982588235294118;0.0550743818181818
57;Y ~ X1 + X2 + X3 + X1:X2 + X1:X3 + X2:X3;0.2;1;1;1;1;0.217;0.934645999162128;0.967024824008892;5;312;15.3012820512821;16.8585844397886;1;0.928327645051195;0.977756743965925;0.128695463636364
58;Y ~ X1 + X2 + X3 + X1:X2 + X1:X3 + X2:X3;0.2;1;1;1;1;0.231272727272727;0.931970114038537;0.968317552804079;26;347;14.6206896551724;15.9669031815655;4;0.942528735632184;0.975666822648573;-0.0119107272727273
59;Y ~ X1 + X2 + X3 + X1:X2 + X1:X3 + X2:X3;0.2;1;1;1;1;0.275181818181818;0.943820224719101;0.970375722543353;5;341;17.7017543859649;18.1039140184209;3;0.957627118644068;0.975798146240989;0.0395020636363636
60;Y ~ X1 + X2 + X3 + X1:X2 + X1:X3 + X2:X3;0.2;1;1;1;1;0.247272727272727;0.926102941176471;0.952466047176555;6;402;13.5323383084577;13.959233467672;3;0.926470588235294;0.96081208687441;0.0438206636363636
61;Y ~ X1 + X2 + X3 + X1:X2 + X1:X3 + X2:X3;0.2;1;1;1;1;0.23;0.935573122529644;0.967289719626168;69;326;15.521472392638;14.4159280150369;5;0.932454695222405;0.977011494252874;0.0358319272727273
62;Y ~ X1 + X2 + X3 + X1:X2 + X1:X3 + X2:X3;0.2;1;1;1;1;0.211727272727273;0.939458995276943;0.976310122038765;6;282;16.5177304964539;19.6964836734448;3;0.944732297063903;0.984594472134119;0.0945164909090909
63;Y ~ X1 + X2 + X3 + X1:X2 + X1:X3 + X2:X3;0.2;1;1;1;1;0.213454545454545;0.932282793867121;0.971040400429031;83;318;14.7672955974843;13.8642582863199;4;0.916530278232406;0.986276303751144;0.190435772727273
64;Y ~ X1 + X2 + X3 + X1:X2 + X1:X3 + X2:X3;0.2;1;1;1;1;0.244272727272727;0.935988090807592;0.969555873925501;1;344;15.6220930232558;16.5897234530479;1;0.943884892086331;0.978063900810682;-0.0579580363636364
65;Y ~ X1 + X2 + X3 + X1:X2 + X1:X3 + X2:X3;0.2;1;1;1;1;0.234181818181818;0.935947204968944;0.966359773371105;107;330;15.6121212121212;14.7410939953702;2;0.930091185410334;0.977377654662973;0.0240826272727273
66;Y ~ X1 + X2 + X3 + X1:X2 + X1:X3 + X2:X3;0.2;1;1;1;1;0.265;0.935483870967742;0.958868894601542;5;377;15.4232804232804;15.4162351500896;2;0.931174089068826;0.969223007063572;-0.0366385181818182
67;Y ~ X1 + X2 + X3 + X1:X2 + X1:X3 + X2:X3;0.2;1;1;1;1;0.342090909090909;0.938081318097263;0.933958859617467;14;466;16.1502145922747;18.0625997777068;2;0.932150313152401;0.934914506343078;-0.100098154545455
68;Y ~ X1 + X2 + X3 + X1:X2 + X1:X3 + X2:X3;0.2;1;1;1;1;0.230727272727273;0.938534278959811;0.971078976640712;6;312;16.2692307692308;14.0047670012502;2;0.934920634920635;0.982099661344944;-0.151570245454545
69;Y ~ X1 + X2 + X3 + X1:X2 + X1:X3 + X2:X3;0.2;1;1;1;1;0.217272727272727;0.936820083682008;0.97780959198282;39;302;15.8278145695364;13.8008509831358;1;0.940691927512356;0.988111568358482;0.0349251636363637
70;Y ~ X1 + X2 + X3 + X1:X2 + X1:X3 + X2:X3;0.2;1;1;1;1;0.248909090909091;0.941928414901388;0.973694243232939;4;318;17.2201257861635;20.2674047094087;1;0.944117647058824;0.984045290787442;-0.0471129363636364
71;Y ~ X1 + X2 + X3 + X1:X2 + X1:X3 + X2:X3;0.2;1;1;1;1;0.236636363636364;0.9369957741068;0.970556161395856;25;328;15.8719512195122;16.5467011476237;3;0.932824427480916;0.982347328244275;0.0352275181818182
72;Y ~ X1 + X2 + X3 + X1:X2 + X1:X3 + X2:X3;0.2;1;1;1;1;0.242090909090909;0.938790837401427;0.970448741335279;3;326;16.3374233128834;19.337554091921;1;0.929555895865237;0.98323754789272;0.098801890909091
73;Y ~ X1 + X2 + X3 + X1:X2 + X1:X3 + X2:X3;0.2;1;1;1;1;0.262909090909091;0.940179806362379;0.968340611353712;3;346;16.7167630057803;17.3314342371531;2;0.936657681940701;0.980059820538385;0.108698227272727
74;Y ~ X1 + X2 + X3 + X1:X2 + X1:X3 + X2:X3;0.2;1;1;1;1;0.235181818181818;0.931194433706997;0.967575534266765;21;356;14.5337078651685;15.8556870605711;4;0.922955974842767;0.981231953801732;-0.0241164181818182
75;Y ~ X1 + X2 + X3 + X1:X2 + X1:X3 + X2:X3;0.2;1;1;1;1;0.254272727272727;0.940293171254916;0.972529432750624;46;334;16.6488095238095;15.1187474851718;2;0.942415730337079;0.982783357245337;0.0285239090909091
76;Y ~ X1 + X2 + X3 + X1:X2 + X1:X3 + X2:X3;0.2;1;1;1;1;0.238818181818182;0.936429387133612;0.966791044776119;47;334;15.7305389221557;17.9230070646065;4;0.917609046849758;0.981562348374575;0.0755288363636364
77;Y ~ X1 + X2 + X3 + X1:X2 + X1:X3 + X2:X3;0.2;1;1;1;1;0.258545454545455;0.940576652601969;0.971230881281865;1;338;16.8284023668639;16.1683891452248;1;0.947222222222222;0.979763079960513;-0.160616790909091
78;Y ~ X1 + X2 + X3 + X1:X2 + X1:X3 + X2:X3;0.2;1;1;1;1;0.244272727272727;0.935243766282099;0.970599044468945;145;348;15.4425287356322;16.0837629119147;6;0.941807044410414;0.979690522243714;-0.0531103727272727
79;Y ~ X1 + X2 + X3 + X1:X2 + X1:X3 + X2:X3;0.2;1;1;1;1;0.205636363636364;0.927465723131358;0.967683369644154;78;329;13.7090909090909;12.971365359532;3;0.924865831842576;0.978587699316629;0.0172442272727273
80;Y ~ X1 + X2 + X3 + X1:X2 + X1:X3 + X2:X3;0.2;1;1;1;1;0.253909090909091;0.940229062276306;0.965821389195149;46;333;16.7245508982036;15.1485275719555;2;0.927083333333333;0.978526110297706;-0.0927870636363637
81;Y ~ X1 + X2 + X3 + X1:X2 + X1:X3 + X2:X3;0.2;1;1;1;1;0.222181818181818;0.939443535188216;0.973089343379978;7;296;16.5135135135135;16.7987230185582;5;0.929054054054054;0.98496583143508;0.0478024636363636
82;Y ~ X1 + X2 + X3 + X1:X2 + X1:X3 + X2:X3;0.2;1;1;1;1;0.212545454545455;0.930282292557742;0.969269703543022;79;326;14.3435582822086;14.940780372011;4;0.921367521367521;0.982118294360385;0.081849
83;Y ~ X1 + X2 + X3 + X1:X2 + X1:X3 + X2:X3;0.2;1;1;1;1;0.205;0.933924611973392;0.974753018660812;20;298;15.1342281879195;14.5479903497991;3;0.929090909090909;0.986257443884562;0.0439529545454546
84;Y ~ X1 + X2 + X3 + X1:X2 + X1:X3 + X2:X3;0.2;1;1;1;1;0.234090909090909;0.933980582524272;0.9668652271035;215;340;15.1470588235294;14.5535785325475;2;0.925696594427245;0.979901960784314;-0.0457323454545455
85;Y ~ X1 + X2 + X3 + X1:X2 + X1:X3 + X2:X3;0.2;1;1;1;1;0.265909090909091;0.935384615384615;0.966028189374774;39;378;15.3947368421053;12.6740568952625;2;0.944289693593315;0.973645680819912;-0.103537663636364
86;Y ~ X1 + X2 + X3 + X1:X2 + X1:X3 + X2:X3;0.2;1;1;1;1;0.253818181818182;0.940186246418338;0.96976241900648;4;334;16.7185628742515;14.7276014240392;2;0.939481268011527;0.979846449136276;-0.00748665454545455
87;Y ~ X1 + X2 + X3 + X1:X2 + X1:X3 + X2:X3;0.2;1;1;1;1;0.272363636363636;0.926568758344459;0.939871152469578;102;440;13.6181818181818;13.7754210458201;3;0.917222963951936;0.948166259168704;-0.0799082090909091
88;Y ~ X1 + X2 + X3 + X1:X2 + X1:X3 + X2:X3;0.2;1;1;1;1;0.250363636363636;0.939360929557008;0.965074839629366;131;334;16.4910179640719;17.1038177459779;3;0.938746438746439;0.973859315589354;0.0168261
89;Y ~ X1 + X2 + X3 + X1:X2 + X1:X3 + X2:X3;0.2;1;1;1;1;0.285454545454545;0.943630573248408;0.968432510885341;2;354;17.7401129943503;17.2511602372888;2;0.944309927360775;0.978756476683938;0.0451981
90;Y ~ X1 + X2 + X3 + X1:X2 + X1:X3 + X2:X3;0.2;1;1;1;1;0.237181818181818;0.929064417177914;0.964444444444444;5;371;14.0268817204301;14.4418434084636;2;0.92879746835443;0.975338491295938;0.000263145454545457
91;Y ~ X1 + X2 + X3 + X1:X2 + X1:X3 + X2:X3;0.2;1;1;1;1;0.243727272727273;0.93733681462141;0.96742671009772;5;336;15.9583333333333;15.596849891786;2;0.929098966026588;0.979865771812081;0.0320909818181818
92;Y ~ X1 + X2 + X3 + X1:X2 + X1:X3 + X2:X3;0.2;1;1;1;1;0.224545454545455;0.935222672064777;0.96954128440367;31;320;15.4375;16.4854376371406;2;0.941747572815534;0.977693402942572;0.0317932727272727
93;Y ~ X1 + X2 + X3 + X1:X2 + X1:X3 + X2:X3;0.2;1;1;1;1;0.248;0.94208211143695;0.967456667845773;2;316;17.2658227848101;15.0829628108375;2;0.947592067988669;0.974068835454974;0.0619215454545454
94;Y ~ X1 + X2 + X3 + X1:X2 + X1:X3 + X2:X3;0.2;1;1;1;1;0.237636363636364;0.936495791889824;0.971214953271028;7;332;15.7469879518072;16.3720703590682;1;0.954186413902054;0.976493633692458;0.158281981818182
95;Y ~ X1 + X2 + X3 + X1:X2 + X1:X3 + X2:X3;0.2;1;1;1;1;0.239454545454545;0.94113178883403;0.972306525037936;258;311;16.8846153846154;16.802826773881;3;0.941176470588235;0.981719367588933;-0.194284981818182
96;Y ~ X1 + X2 + X3 + X1:X2 + X1:X3 + X2:X3;0.2;1;1;1;1;0.255;0.947593582887701;0.97609561752988;8;294;19.0816326530612;17.6881316931902;1;0.9533527696793;0.983614457831325;-0.0595789545454545
97;Y ~ X1 + X2 + X3 + X1:X2 + X1:X3 + X2:X3;0.2;1;1;1;1;0.245090909090909;0.942136498516321;0.970894717930291;4;312;17.2820512820513;18.4190626610988;2;0.94170403587444;0.980132450331126;-0.109923854545455
98;Y ~ X1 + X2 + X3 + X1:X2 + X1:X3 + X2:X3;0.2;1;1;1;1;0.224363636363636;0.937601296596434;0.973626373626374;374;308;16.025974025974;15.1674522752569;2;0.938211382113821;0.983924349881797;0.0614286090909091
99;Y ~ X1 + X2 + X3 + X1:X2 + X1:X3 + X2:X3;0.2;1;1;1;1;0.264636363636364;0.925773195876289;0.949357798165138;14;433;13.4147465437788;13.6718609389024;4;0.924929178470255;0.95789995047053;0.0836215909090909
100;Y ~ X1 + X2 + X3 + X1:X2 + X1:X3 + X2:X3;0.2;1;1;1;1;0.247181818181818;0.943361529974255;0.975304223335719;102;308;17.541935483871;17.1998333991016;2;0.949928469241774;0.983770883054893;-0.00537550909090909
1;Y ~ X1 + X2 + X3 + X1:X2 + X1:X3 + X2:X3;0.2;300;1;1;1;0.353272727272727;0.963715903242409;0.974285976673707;130;282;27.5602836879433;118.911814191041;2;0.963645806284082;0.980107985223075;0.0841857818181818
2;Y ~ X1 + X2 + X3 + X1:X2 + X1:X3 + X2:X3;0.2;300;1;1;1;0.298454545454545;0.960402071276272;0.976336788039989;5213;260;25.2538461538462;99.0322405836347;3;0.960971112476951;0.982873578245522;-0.0737763
3;Y ~ X1 + X2 + X3 + X1:X2 + X1:X3 + X2:X3;0.2;300;1;1;1;0;NA;0.996509277971707;NA;NA;NA;NA;0;NA;0.996509277971707;0.0776452818181818
4;Y ~ X1 + X2 + X3 + X1:X2 + X1:X3 + X2:X3;0.2;300;1;1;1;0.0417272727272727;0.683406113537118;0.946474476680132;1018;291;3.14383561643836;12.581316046521;28;0.682713347921225;0.958025874460949;-0.0469384181818182
5;Y ~ X1 + X2 + X3 + X1:X2 + X1:X3 + X2:X3;0.2;300;1;1;1;0.264454545454545;0.914747335854246;0.948833363953702;638;496;11.7298387096774;44.9339100461851;3;0.914285714285714;0.961202594810379;-0.0968680181818182
6;Y ~ X1 + X2 + X3 + X1:X2 + X1:X3 + X2:X3;0.2;300;1;1;1;0.474545454545455;0.947126436781609;0.947015610651974;4263;552;18.9130434782609;76.5134786234896;31;0.946971163150764;0.947055739996505;0.101377854545455
7;Y ~ X1 + X2 + X3 + X1:X2 + X1:X3 + X2:X3;0.2;300;1;1;1;0.187272727272727;0.97621359223301;0.991182143841279;322;98;42.0408163265306;188.685580528348;2;0.976493633692458;0.994573205200678;0.0792228818181818
8;Y ~ X1 + X2 + X3 + X1:X2 + X1:X3 + X2:X3;0.2;300;1;1;1;0.00409090909090909;0.777777777777778;0.998348775341712;8171;20;4.5;3.50396600693811;1;0.777777777777778;0.999263080324245;-0.0212900727272727
9;Y ~ X1 + X2 + X3 + X1:X2 + X1:X3 + X2:X3;0.2;300;1;1;1;0.315818181818182;0.950187158076591;0.968574841495911;166;347;19.9655172413793;75.5288021892016;2;0.950218340611354;0.977040816326531;-0.0151286636363636
10;Y ~ X1 + X2 + X3 + X1:X2 + X1:X3 + X2:X3;0.2;300;1;1;1;0.780181818181818;0.947098578419949;0.917171161254816;349;908;18.9030837004405;84.0290044490817;1;0.946898496240602;0.811297071129707;0.0556795818181818
11;Y ~ X1 + X2 + X3 + X1:X2 + X1:X3 + X2:X3;0.2;300;1;1;1;0.0933636363636364;0.925024342745862;0.985936207372001;5752;154;13.3376623376623;51.4524845672941;3;0.924137931034483;0.992295214922952;-0.0405715909090909
12;Y ~ X1 + X2 + X3 + X1:X2 + X1:X3 + X2:X3;0.2;300;1;1;1;0.0559090909090909;0.947967479674797;0.99412412780022;267;64;19.21875;81.0948207944097;2;0.947712418300654;0.996887159533074;0.144574209090909
13;Y ~ X1 + X2 + X3 + X1:X2 + X1:X3 + X2:X3;0.2;300;1;1;1;0.07;0.876623376623377;0.98255440271784;2281;190;8.10526315789474;30.6883697161362;3;0.87565445026178;0.9906191369606;-0.0560302909090909
14;Y ~ X1 + X2 + X3 + X1:X2 + X1:X3 + X2:X3;0.2;300;1;1;1;0.103727272727273;0.923751095530237;0.976218896336425;1587;174;13.1149425287356;48.4272230972958;7;0.924095322153575;0.982270957163353;0.0723433090909091
15;Y ~ X1 + X2 + X3 + X1:X2 + X1:X3 + X2:X3;0.2;300;1;1;1;0.17;0.962566844919786;0.987155963302752;1298;140;26.7142857142857;92.4284514288775;5;0.963282937365011;0.992042440318302;0.121263490909091
16;Y ~ X1 + X2 + X3 + X1:X2 + X1:X3 + X2:X3;0.2;300;1;1;1;0.246;0.886178861788618;0.94379756119923;561;616;8.78571428571429;43.2866311196666;2;0.88644825018615;0.96253497141467;-0.0471786636363636
17;Y ~ X1 + X2 + X3 + X1:X2 + X1:X3 + X2:X3;0.2;300;1;1;1;0.123636363636364;0.919852941176471;0.9801743919229;7476;218;12.4770642201835;45.0459839806267;1;0.919199406968125;0.988791116698093;0.0157285181818182
18;Y ~ X1 + X2 + X3 + X1:X2 + X1:X3 + X2:X3;0.2;300;1;1;1;0.0323636363636364;0.929775280898876;0.995410317606022;7524;50;14.24;45.61823465823;3;0.929378531073446;0.997628083491461;-0.0219454545454545
19;Y ~ X1 + X2 + X3 + X1:X2 + X1:X3 + X2:X3;0.2;300;1;1;1;0.0747272727272727;0.912408759124088;0.986604275621617;6609;144;11.4166666666667;41.5186196139502;8;0.911220715166461;0.992664551942902;0.102583645454545
20;Y ~ X1 + X2 + X3 + X1:X2 + X1:X3 + X2:X3;0.2;300;1;1;1;0.288818181818182;0.920679886685552;0.954036697247706;185;504;12.6071428571429;57.246308781397;2;0.920292156240076;0.967746097277771;0.0770721909090909
21;Y ~ X1 + X2 + X3 + X1:X2 + X1:X3 + X2:X3;0.2;300;1;1;1;0.180363636363636;0.923891129032258;0.97255369928401;3877;302;13.1390728476821;53.0967719966854;2;0.924018357980622;0.98320832866898;0.0527060545454546
22;Y ~ X1 + X2 + X3 + X1:X2 + X1:X3 + X2:X3;0.2;300;1;1;1;0.267545454545455;0.953448861705742;0.974938033599559;5252;274;21.4817518248175;96.4657133686994;3;0.953814574067739;0.982685069008783;-0.0499336181818182
23;Y ~ X1 + X2 + X3 + X1:X2 + X1:X3 + X2:X3;0.2;300;1;1;1;0.422090909090909;0.951324574628473;0.958708019820151;417;452;20.5442477876106;89.1495138024288;3;0.951595398306924;0.963916706405977;-0.0639303363636363
24;Y ~ X1 + X2 + X3 + X1:X2 + X1:X3 + X2:X3;0.2;300;1;1;1;0.303272727272727;0.913069544364508;0.947170503531138;142;580;11.4639175257732;45.0728288491208;2;0.912727272727273;0.962120215704327;-0.0572065
25;Y ~ X1 + X2 + X3 + X1:X2 + X1:X3 + X2:X3;0.2;300;1;1;1;0.0818181818181818;0.957777777777778;0.993199779452307;1325;76;23.6842105263158;75.922117015153;2;0.958566629339306;0.99629592551807;0.0906851818181818
26;Y ~ X1 + X2 + X3 + X1:X2 + X1:X3 + X2:X3;0.2;300;1;1;1;0.557727272727273;0.933659331703341;0.925902121017354;311;814;15.0367647058824;69.2768268854421;2;0.933640704758768;0.916147779161478;0.0459394181818182
27;Y ~ X1 + X2 + X3 + X1:X2 + X1:X3 + X2:X3;0.2;300;1;1;1;0.245181818181818;0.96588802373007;0.983273596176822;122;184;29.3152173913043;133.272168792578;2;0.965879265091864;0.988921353786219;0.111368636363636
28;Y ~ X1 + X2 + X3 + X1:X2 + X1:X3 + X2:X3;0.2;300;1;1;1;0.116636363636364;0.918939984411535;0.98127581459385;1845;208;12.3365384615385;43.3568642905054;3;0.919621749408983;0.989403698317058;-0.0536234454545455
29;Y ~ X1 + X2 + X3 + X1:X2 + X1:X3 + X2:X3;0.2;300;1;1;1;0.194727272727273;0.930438842203548;0.972786613956054;596;298;14.3758389261745;56.928650995699;2;0.929957406530999;0.983112733911456;0.0726431727272727
30;Y ~ X1 + X2 + X3 + X1:X2 + X1:X3 + X2:X3;0.2;300;1;1;1;0.103727272727273;0.957055214723926;0.990447322494718;923;98;23.2857142857143;83.8244693789747;3;0.95659875996457;0.994363599098176;0.0178253818181818
31;Y ~ X1 + X2 + X3 + X1:X2 + X1:X3 + X2:X3;0.2;300;1;1;1;0.201909090909091;0.943719045475011;0.977494029028109;789;250;17.6269841269841;79.4885384570112;2;0.944040036396724;0.985957642725598;0.0591190727272727
32;Y ~ X1 + X2 + X3 + X1:X2 + X1:X3 + X2:X3;0.2;300;1;1;1;0.176454545454545;0.945904173106646;0.980896399706098;162;210;18.4857142857143;65.0706885278964;3;0.946157867224255;0.988300835654596;0.0881485363636364
33;Y ~ X1 + X2 + X3 + X1:X2 + X1:X3 + X2:X3;0.2;300;1;1;1;0.0586363636363636;0.925581395348837;0.991106628770514;8793;96;13.4375;45.7499709336031;6;0.926677067082683;0.995129553867134;-0.0338063
34;Y ~ X1 + X2 + X3 + X1:X2 + X1:X3 + X2:X3;0.2;300;1;1;1;0.00409090909090909;0.777777777777778;0.998348775341712;8171;20;4.5;3.50396600693811;1;0.777777777777778;0.999263080324245;-0.0212900727272727
35;Y ~ X1 + X2 + X3 + X1:X2 + X1:X3 + X2:X3;0.2;300;1;1;1;0.003;0.878787878787879;0.999356617647059;4433;8;8.25;10.1775897605147;2;0.878787878787879;0.999723425832027;-0.0674884090909091
36;Y ~ X1 + X2 + X3 + X1:X2 + X1:X3 + X2:X3;0.2;300;1;1;1;0.346727272727273;0.957787100157315;0.970685535747105;128;322;23.6894409937888;128.161579462453;1;0.957593426981182;0.977633985089323;-0.100080072727273
37;Y ~ X1 + X2 + X3 + X1:X2 + X1:X3 + X2:X3;0.2;300;1;1;1;0.593181818181818;0.959693486590038;0.952276064610866;339;526;24.8098859315589;94.7917865780506;2;0.959758551307847;0.941375422773393;0.0090114909090909
38;Y ~ X1 + X2 + X3 + X1:X2 + X1:X3 + X2:X3;0.2;300;1;1;1;0.196545454545455;0.944958371877891;0.978312810145194;418;238;18.1680672268908;60.8734891682813;4;0.945121951219512;0.9864;0.0583085
39;Y ~ X1 + X2 + X3 + X1:X2 + X1:X3 + X2:X3;0.2;300;1;1;1;0;NA;0.999908138893992;NA;NA;NA;NA;0;NA;0.999908138893992;0.0970150545454546
40;Y ~ X1 + X2 + X3 + X1:X2 + X1:X3 + X2:X3;0.2;300;1;1;1;0.404818181818182;0.952605570530099;0.95595807282089;3234;423;21.0047169811321;75.7662592714947;64;0.95225102319236;0.958474837912936;-0.0345536818181819
41;Y ~ X1 + X2 + X3 + X1:X2 + X1:X3 + X2:X3;0.2;300;1;1;1;0.345727272727273;0.956087299500394;0.969438325991189;1814;334;22.7724550898204;118.108673495132;5;0.95567940552017;0.976711560044893;0.0330897
42;Y ~ X1 + X2 + X3 + X1:X2 + X1:X3 + X2:X3;0.2;300;1;1;1;0.286090909090909;0.925301970756516;0.957292432035268;2962;471;13.3347457627119;53.7367323589362;3;0.92572347266881;0.969915145281563;-0.0598331454545455
43;Y ~ X1 + X2 + X3 + X1:X2 + X1:X3 + X2:X3;0.2;300;1;1;1;0.671454545454545;0.955856465809072;0.940273821556556;475;653;22.5871559633028;94.2746162554242;2;0.955640744797371;0.908913104219056;0.142662881818182
44;Y ~ X1 + X2 + X3 + X1:X2 + X1:X3 + X2:X3;0.2;300;1;1;1;0;NA;1;NA;NA;NA;NA;0;NA;1;0.0472551636363636
45;Y ~ X1 + X2 + X3 + X1:X2 + X1:X3 + X2:X3;0.2;300;1;1;1;0.0539090909090909;0.84822934232715;0.983669724770642;281;180;6.58888888888889;12.4005205077819;1;0.847198641765705;0.991465425273979;0.0561544454545455
46;Y ~ X1 + X2 + X3 + X1:X2 + X1:X3 + X2:X3;0.2;300;1;1;1;0.118727272727273;0.954093343534813;0.9890755531075;4;119;21.7666666666667;85.3539721686797;2;0.953596287703016;0.993854166666667;-0.00902178181818182
47;Y ~ X1 + X2 + X3 + X1:X2 + X1:X3 + X2:X3;0.2;300;1;1;1;0.472363636363636;0.950538876058507;0.95091292779154;736;514;20.2178988326848;73.3771772905605;3;0.950009725734293;0.951719346995485;-0.0924681181818181
48;Y ~ X1 + X2 + X3 + X1:X2 + X1:X3 + X2:X3;0.2;300;1;1;1;0.235363636363636;0.929702587871765;0.966688079287877;873;364;14.2252747252747;79.964901269288;2;0.929489676665368;0.978151260504202;-0.0835203
49;Y ~ X1 + X2 + X3 + X1:X2 + X1:X3 + X2:X3;0.2;300;1;1;1;0.214454545454545;0.921543681085666;0.965948831216639;6251;371;12.6827956989247;51.4756455111587;4;0.921063921063921;0.978207381370826;0.00963104545454546
50;Y ~ X1 + X2 + X3 + X1:X2 + X1:X3 + X2:X3;0.2;300;1;1;1;0.140272727272727;0.898316062176166;0.953878598936365;325;313;9.82802547770701;59.7036676217343;2;0.898891063274625;0.962872079376934;-0.118613490909091
51;Y ~ X1 + X2 + X3 + X1:X2 + X1:X3 + X2:X3;0.2;300;1;1;1;0.326818181818182;0.915438108484006;0.944638266617701;1;608;11.8256578947368;68.4970611946602;1;0.91577765300393;0.958663028649386;-0.108984136363636
52;Y ~ X1 + X2 + X3 + X1:X2 + X1:X3 + X2:X3;0.2;300;1;1;1;0.549454545454545;0.965089344804765;0.961132040797574;444;422;28.6445497630332;116.550098388801;6;0.965038474406156;0.956371049949032;-0.1115869
53;Y ~ X1 + X2 + X3 + X1:X2 + X1:X3 + X2:X3;0.2;300;1;1;1;0.0139090909090909;0.803921568627451;0.994500962331592;6018;60;5.1;4.23735441210587;3;0.803921568627451;0.997211377579476;0.0372068272727273
54;Y ~ X1 + X2 + X3 + X1:X2 + X1:X3 + X2:X3;0.2;300;1;1;1;0.534090909090909;0.925604358188628;0.917485084901331;1581;875;13.4132420091324;73.0498435397474;34;0.926154902970977;0.907531545741325;0.0920538
55;Y ~ X1 + X2 + X3 + X1:X2 + X1:X3 + X2:X3;0.2;300;1;1;1;0.298363636363636;0.942413162705667;0.965773536428703;12;378;17.2736842105263;62.9548325708736;2;0.942242703533026;0.975794844956169;0.0929308272727273
56;Y ~ X1 + X2 + X3 + X1:X2 + X1:X3 + X2:X3;0.2;300;1;1;1;0.878;0.954437195816506;0.919400790368532;261;881;21.9002267573696;109.888989542518;2;0.954236045659231;0.66966966966967;0.0549284818181818
57;Y ~ X1 + X2 + X3 + X1:X2 + X1:X3 + X2:X3;0.2;300;1;1;1;0.0506363636363636;0.926391382405745;0.982736455463728;8079;82;13.5853658536585;33.5410014830775;112;0.927007299270073;0.985689421775285;0.125675636363636
58;Y ~ X1 + X2 + X3 + X1:X2 + X1:X3 + X2:X3;0.2;300;1;1;1;0.0558181818181818;0.89413680781759;0.988146650739686;2080;130;9.44615384615385;22.7616939514277;4;0.893267651888342;0.993770683278178;-0.0126773
59;Y ~ X1 + X2 + X3 + X1:X2 + X1:X3 + X2:X3;0.2;300;1;1;1;0.705363636363636;0.935550399587523;0.908373117884686;2630;1001;15.4870259481038;70.1656777301932;4;0.935416666666667;0.843711083437111;0.0399200363636363
60;Y ~ X1 + X2 + X3 + X1:X2 + X1:X3 + X2:X3;0.2;300;1;1;1;0.371;0.979171771624602;0.984568751722238;1;170;48.0117647058824;201.205621792475;1;0.979207920792079;0.987731853366438;0.0434453363636364
61;Y ~ X1 + X2 + X3 + X1:X2 + X1:X3 + X2:X3;0.2;300;1;1;1;0.254636363636364;0.911785714285714;0.954916903865577;532;495;11.2943548387097;41.1585023559078;2;0.911658218682114;0.969614958789519;0.0359118545454545
62;Y ~ X1 + X2 + X3 + X1:X2 + X1:X3 + X2:X3;0.2;300;1;1;1;0.395727272727273;0.95543303468872;0.964502482986941;836;388;22.4381443298969;89.0108498286148;3;0.955653587183655;0.970306075833714;0.0947712454545455
63;Y ~ X1 + X2 + X3 + X1:X2 + X1:X3 + X2:X3;0.2;300;1;1;1;0.158090909090909;0.886651323360184;0.96401028277635;441;395;8.78282828282828;20.8616011883784;4;0.886178861788618;0.978625954198473;0.192055327272727
64;Y ~ X1 + X2 + X3 + X1:X2 + X1:X3 + X2:X3;0.2;300;1;1;1;0.0706363636363636;0.918918918918919;0.988432938584412;3474;126;12.3333333333333;52.0641663656957;2;0.919480519480519;0.993677763508841;-0.0578927636363636
65;Y ~ X1 + X2 + X3 + X1:X2 + X1:X3 + X2:X3;0.2;300;1;1;1;0.221454545454545;0.9376026272578;0.972446730345334;77;304;16.0263157894737;71.6782682361264;1;0.937862468931234;0.98229879631815;0.0237980090909091
66;Y ~ X1 + X2 + X3 + X1:X2 + X1:X3 + X2:X3;0.2;300;1;1;1;0.146727272727273;0.924411400247831;0.977504361399321;3079;244;13.2295081967213;39.2002249287791;5;0.924185463659148;0.986659494351802;-0.0352876636363636
67;Y ~ X1 + X2 + X3 + X1:X2 + X1:X3 + X2:X3;0.2;300;1;1;1;0.264454545454545;0.914747335854246;0.948833363953702;638;496;11.7298387096774;44.9339100461851;3;0.914285714285714;0.961202594810379;-0.0968680181818182
68;Y ~ X1 + X2 + X3 + X1:X2 + X1:X3 + X2:X3;0.2;300;1;1;1;0.390272727272727;0.976007453994875;0.981021362427799;3977;206;41.6796116504854;221.678012989527;4;0.976073187895848;0.98419626730885;-0.152082390909091
69;Y ~ X1 + X2 + X3 + X1:X2 + X1:X3 + X2:X3;0.2;300;1;1;1;0.441545454545455;0.943380687667284;0.949743213499633;981;550;17.6618181818182;90.7131829781384;1;0.942827442827443;0.955201837873318;0.0346833181818182
70;Y ~ X1 + X2 + X3 + X1:X2 + X1:X3 + X2:X3;0.2;300;1;1;1;0.258272727272727;0.947905667018655;0.973092111304987;40;296;19.1959459459459;80.0270072426474;1;0.947312210751157;0.982054455445545;-0.0464652636363636
71;Y ~ X1 + X2 + X3 + X1:X2 + X1:X3 + X2:X3;0.2;300;1;1;1;0.201727272727273;0.878774222622803;0.950776012489668;614;538;8.24907063197026;31.0801991164492;3;0.878347707671357;0.969145751784481;0.034331
72;Y ~ X1 + X2 + X3 + X1:X2 + X1:X3 + X2:X3;0.2;300;1;1;1;0.144545454545455;0.948427672955975;0.985144429160935;7805;164;19.390243902439;73.2746829600971;2;0.949302915082383;0.991208319931382;0.0985653272727273
73;Y ~ X1 + X2 + X3 + X1:X2 + X1:X3 + X2:X3;0.2;300;1;1;1;0.196818181818182;0.944572748267898;0.977900045850527;6125;240;18.0416666666667;75.5356664415024;3;0.944651162790698;0.986065105653912;0.107418218181818
74;Y ~ X1 + X2 + X3 + X1:X2 + X1:X3 + X2:X3;0.2;300;1;1;1;0.237454545454545;0.903905053598775;0.954111600587372;78;502;10.406374501992;38.0777388929961;3;0.903823870220162;0.969784519080294;-0.0241865363636364
75;Y ~ X1 + X2 + X3 + X1:X2 + X1:X3 + X2:X3;0.2;300;1;1;1;0.498181818181818;0.937967524174421;0.938233137829912;85;679;16.1176470588235;67.3421960517966;2;0.93778759433094;0.938674940682606;0.0283995909090909
76;Y ~ X1 + X2 + X3 + X1:X2 + X1:X3 + X2:X3;0.2;300;1;1;1;0.190181818181818;0.944072657743786;0.978588494761992;1;234;17.8803418803419;58.9308715994284;1;0.943450942484292;0.986837626233973;0.0756052727272727
77;Y ~ X1 + X2 + X3 + X1:X2 + X1:X3 + X2:X3;0.2;300;1;1;1;0.296909090909091;0.922535211267606;0.953810835629017;206;506;12.9090909090909;57.6995127036075;1;0.922009864364982;0.967303165053623;-0.160381718181818
78;Y ~ X1 + X2 + X3 + X1:X2 + X1:X3 + X2:X3;0.2;300;1;1;1;0.393636363636364;0.97621247113164;0.981347055039971;313;206;42.0388349514563;183.547553400784;3;0.975928955363403;0.984857662023016;-0.0532541
79;Y ~ X1 + X2 + X3 + X1:X2 + X1:X3 + X2:X3;0.2;300;1;1;1;0.210545454545455;0.939956803455724;0.969713656387665;1420;279;16.5428571428571;78.9620044708301;56;0.939459930313589;0.977790697674419;0.0196050909090909
80;Y ~ X1 + X2 + X3 + X1:X2 + X1:X3 + X2:X3;0.2;300;1;1;1;0.205363636363636;0.944247787610619;0.977201691487406;97;251;17.9285714285714;61.0831798218041;2;0.943971313312416;0.985775413438187;-0.0924675272727273
81;Y ~ X1 + X2 + X3 + X1:X2 + X1:X3 + X2:X3;0.2;300;1;1;1;0.343909090909091;0.982020095187731;0.987344093910492;7134;137;54.8260869565217;294.664263413452;3;0.981890812250333;0.990208420758148;0.0477741272727273
82;Y ~ X1 + X2 + X3 + X1:X2 + X1:X3 + X2:X3;0.2;300;1;1;1;0.172818181818182;0.872105263157895;0.955867510780806;20;487;7.79098360655738;21.3094330011619;2;0.872872340425532;0.973167756957534;0.0820873636363636
83;Y ~ X1 + X2 + X3 + X1:X2 + X1:X3 + X2:X3;0.2;300;1;1;1;0.0924545454545455;0.899705014749263;0.981374438021837;721;204;9.97058823529412;37.4732791617667;2;0.898909811694747;0.989787664307381;0.0504053454545455
84;Y ~ X1 + X2 + X3 + X1:X2 + X1:X3 + X2:X3;0.2;300;1;1;1;0.238727272727273;0.94973343488195;0.975873773048344;2587;264;19.8939393939394;68.5505616678186;7;0.950308166409861;0.983865141481036;-0.0474066545454545
85;Y ~ X1 + X2 + X3 + X1:X2 + X1:X3 + X2:X3;0.2;300;1;1;1;0.148181818181818;0.922133660331085;0.976880733944954;68;253;12.8346456692913;66.7744086255662;2;0.921556516368129;0.986531623747441;-0.1031831
86;Y ~ X1 + X2 + X3 + X1:X2 + X1:X3 + X2:X3;0.2;300;1;1;1;0.221818181818182;0.893808938089381;0.952783391512034;2706;519;9.38461538461539;30.9818441328896;3;0.893907998342312;0.969550336362563;-0.00840506363636364
87;Y ~ X1 + X2 + X3 + X1:X2 + X1:X3 + X2:X3;0.2;300;1;1;1;0.262909090909091;0.963001383125864;0.975728601636481;6801;214;27.0280373831776;93.9489481945728;54;0.962937062937063;0.98029187975552;-0.0798672272727273
88;Y ~ X1 + X2 + X3 + X1:X2 + X1:X3 + X2:X3;0.2;300;1;1;1;0.225636363636364;0.95447219983884;0.979335047759001;3226;226;21.9646017699115;98.5198429254899;4;0.954434499593165;0.986595492289442;0.0162770454545455
89;Y ~ X1 + X2 + X3 + X1:X2 + X1:X3 + X2:X3;0.2;300;1;1;1;0.0477272727272727;0.860952380952381;0.98667156907804;4771;146;7.19178082191781;18.1893264903766;3;0.859344894026975;0.993050193050193;0.0425162818181818
90;Y ~ X1 + X2 + X3 + X1:X2 + X1:X3 + X2:X3;0.2;300;1;1;1;0.340363636363636;0.938568376068376;0.957065367288774;1882;460;16.2782608695652;62.9544852328729;4;0.938527905095713;0.966657366071429;0.0021556
91;Y ~ X1 + X2 + X3 + X1:X2 + X1:X3 + X2:X3;0.2;300;1;1;1;0.143454545454545;0.935994930291508;0.98163284048122;1;202;15.6237623762376;74.6883995658159;1;0.936183790682833;0.989272688264321;0.0318302545454546
92;Y ~ X1 + X2 + X3 + X1:X2 + X1:X3 + X2:X3;0.2;300;1;1;1;0.183727272727273;0.91835724888669;0.967525915053665;2463;330;12.2484848484848;42.8249992611174;3;0.91762356465302;0.97875927174646;0.0321403363636363
93;Y ~ X1 + X2 + X3 + X1:X2 + X1:X3 + X2:X3;0.2;300;1;1;1;0.243090909090909;0.962976813762154;0.97640686679519;3839;198;27.010101010101;144.957100969281;63;0.962934947049924;0.980724936355922;0.0626033545454545
94;Y ~ X1 + X2 + X3 + X1:X2 + X1:X3 + X2:X3;0.2;300;1;1;1;0.293727272727273;0.924791086350975;0.955635161201433;1;486;13.2962962962963;46.4696944996097;1;0.92435655994978;0.968575509674068;0.157444354545455
95;Y ~ X1 + X2 + X3 + X1:X2 + X1:X3 + X2:X3;0.2;300;1;1;1;0.315363636363636;0.948976650331508;0.967733039161611;943;354;19.5988700564972;94.8673870994643;3;0.94867308253135;0.976506913679689;-0.194218609090909
96;Y ~ X1 + X2 + X3 + X1:X2 + X1:X3 + X2:X3;0.2;300;1;1;1;0.127181818181818;0.939914163090129;0.983038415696342;200;169;16.4588235294118;55.9856599286555;1;0.939350180505415;0.989392984667087;-0.0597713454545454
97;Y ~ X1 + X2 + X3 + X1:X2 + X1:X3 + X2:X3;0.2;300;1;1;1;0.0441818181818182;0.92798353909465;0.993663329966021;1;70;13.8857142857143;36.2132340357463;1;0.929460580912863;0.996636879023734;-0.110162518181818
98;Y ~ X1 + X2 + X3 + X1:X2 + X1:X3 + X2:X3;0.2;300;1;1;1;0.0591818181818182;0.938556067588326;0.99284140969163;8337;80;16.275;56.5481358372375;2;0.939157566302652;0.996196977084349;0.0611011454545454
99;Y ~ X1 + X2 + X3 + X1:X2 + X1:X3 + X2:X3;0.2;300;1;1;1;0.377545454545455;0.913797254996388;0.934856408844848;338;716;11.6005586592179;41.6294134827037;3;0.913847651496715;0.947569955817378;0.0812933
100;Y ~ X1 + X2 + X3 + X1:X2 + X1:X3 + X2:X3;0.2;300;1;1;1;0.536454545454545;0.955947136563877;0.952795600366636;242;519;22.6961538461538;119.173748051038;2;0.955935098206661;0.949159248269041;-0.00501883636363637
1;Y ~ X1 + X2 + X3 + X1:X2 + X1:X3 + X2:X3;0.2;1;300;1;1;0.320181818181818;0.999432140829074;1;3556;4;1761;18.3847763108502;3;1;1;0.0846175
2;Y ~ X1 + X2 + X3 + X1:X2 + X1:X3 + X2:X3;0.2;1;300;1;1;0.714454545454545;0.999745482311021;1;746;5;2619.66666666667;2030.83833264328;2;1;1;-0.0711533454545454
3;Y ~ X1 + X2 + X3 + X1:X2 + X1:X3 + X2:X3;0.2;1;300;1;1;0.464636363636364;0.999608687145373;1;506;4;2555.5;644.174277660945;3;1;1;0.0836741090909091
4;Y ~ X1 + X2 + X3 + X1:X2 + X1:X3 + X2:X3;0.2;1;300;1;1;0.691545454545455;0.999737049697607;1;987;5;2535.66666666667;2437.76010578017;2;1;1;-0.0474579363636364
5;Y ~ X1 + X2 + X3 + X1:X2 + X1:X3 + X2:X3;0.2;1;300;1;1;0.269090909090909;0.999662162162162;1;699;2;2960;NA;3;1;1;-0.0969614363636364
6;Y ~ X1 + X2 + X3 + X1:X2 + X1:X3 + X2:X3;0.2;1;300;1;1;0.216454545454545;0.999159663865546;1;4263;5;793.666666666667;1237.08299371276;3;1;1;0.100221536363636
7;Y ~ X1 + X2 + X3 + X1:X2 + X1:X3 + X2:X3;0.2;1;300;1;1;0.318545454545455;0.999714611872146;1;3698;2;3504;NA;3;1;1;0.0783924545454546
8;Y ~ X1 + X2 + X3 + X1:X2 + X1:X3 + X2:X3;0.2;1;300;1;1;0;NA;1;NA;NA;NA;NA;0;NA;1;-0.0207408545454545
9;Y ~ X1 + X2 + X3 + X1:X2 + X1:X3 + X2:X3;0.2;1;300;1;1;0.236363636363636;0.999615384615385;1;1900;2;2600;NA;5;1;1;-0.0148614909090909
10;Y ~ X1 + X2 + X3 + X1:X2 + X1:X3 + X2:X3;0.2;1;300;1;1;0.321363636363636;0.9997171145686;1;4151;2;3535;NA;2;1;1;0.0554293818181818
11;Y ~ X1 + X2 + X3 + X1:X2 + X1:X3 + X2:X3;0.2;1;300;1;1;0.295545454545455;0.999384804675485;1;390;4;1625.5;2021.61828741234;26;1;1;-0.0413928181818182
12;Y ~ X1 + X2 + X3 + X1:X2 + X1:X3 + X2:X3;0.2;1;300;1;1;0.0947272727272727;0.998080614203455;1;5732;4;521;700.035713374682;2;1;1;0.145789981818182
13;Y ~ X1 + X2 + X3 + X1:X2 + X1:X3 + X2:X3;0.2;1;300;1;1;0.260181818181818;0.99895178197065;1;1350;6;954;716.973500207644;3;1;1;-0.0560334181818182
14;Y ~ X1 + X2 + X3 + X1:X2 + X1:X3 + X2:X3;0.2;1;300;1;1;0.452272727272727;0.999396984924623;1;15;6;1658.33333333333;1281.35097976055;2;1;1;0.0725613545454545
15;Y ~ X1 + X2 + X3 + X1:X2 + X1:X3 + X2:X3;0.2;1;300;1;1;0.081;0.997755331088664;1;3038;4;445.5;320.319371877506;3;1;1;0.120121590909091
16;Y ~ X1 + X2 + X3 + X1:X2 + X1:X3 + X2:X3;0.2;1;300;1;1;0.223636363636364;0.999186991869919;1;1835;4;1230;1723.9263325328;2;1;1;-0.0465146454545454
17;Y ~ X1 + X2 + X3 + X1:X2 + X1:X3 + X2:X3;0.2;1;300;1;1;0.188545454545455;0.999035214664737;1;8277;5;691.333333333333;995.734067576948;1;1;1;0.0151935636363636
18;Y ~ X1 + X2 + X3 + X1:X2 + X1:X3 + X2:X3;0.2;1;300;1;1;0.0470909090909091;0.996138996138996;1;5610;4;259;106.066017177982;3;NA;1;-0.0200202636363636
19;Y ~ X1 + X2 + X3 + X1:X2 + X1:X3 + X2:X3;0.2;1;300;1;1;0.148545454545455;0.999388004895961;1;7287;2;1634;NA;32;1;1;0.102000581818182
20;Y ~ X1 + X2 + X3 + X1:X2 + X1:X3 + X2:X3;0.2;1;300;1;1;0.179181818181818;0.99898528665652;1;4335;4;985.5;166.170093578839;3;1;1;0.0777751181818182
21;Y ~ X1 + X2 + X3 + X1:X2 + X1:X3 + X2:X3;0.2;1;300;1;1;0.171363636363636;0.99946949602122;1;744;2;1885;NA;2;1;1;0.0524501727272727
22;Y ~ X1 + X2 + X3 + X1:X2 + X1:X3 + X2:X3;0.2;1;300;1;1;0.350545454545455;0.99948132780083;1;3794;4;1928;1278.44906038528;5;1;1;-0.0503373545454546
23;Y ~ X1 + X2 + X3 + X1:X2 + X1:X3 + X2:X3;0.2;1;300;1;1;0.359545454545455;0.999747091552858;1;417;3;1977.5;2566.09050892598;1;1;1;-0.0638208727272727
24;Y ~ X1 + X2 + X3 + X1:X2 + X1:X3 + X2:X3;0.2;1;300;1;1;0.0210909090909091;0.995708154506438;1;NA;1;232;NA;0;NA;1;-0.0570686545454545
25;Y ~ X1 + X2 + X3 + X1:X2 + X1:X3 + X2:X3;0.2;1;300;1;1;0.284818181818182;0.999361430395913;1;6892;5;1044.33333333333;312.949410182114;3;1;1;0.089741
26;Y ~ X1 + X2 + X3 + X1:X2 + X1:X3 + X2:X3;0.2;1;300;1;1;0.225727272727273;0.998791784132098;1;5504;6;620.75;701.891907632507;2;1;1;0.0455537363636364
27;Y ~ X1 + X2 + X3 + X1:X2 + X1:X3 + X2:X3;0.2;1;300;1;1;0.459;0.999405822935235;1;2426;6;1683;1740.4355776644;2;1;1;0.111317118181818
28;Y ~ X1 + X2 + X3 + X1:X2 + X1:X3 + X2:X3;0.2;1;300;1;1;0.454272727272727;0.999599759855914;1;1647;4;2498.5;2840.44794002636;2;1;1;-0.0513828727272728
29;Y ~ X1 + X2 + X3 + X1:X2 + X1:X3 + X2:X3;0.2;1;300;1;1;0.165909090909091;0.99890350877193;1;1508;5;608.333333333333;583.604603591621;3;1;1;0.0728410818181818
30;Y ~ X1 + X2 + X3 + X1:X2 + X1:X3 + X2:X3;0.2;1;300;1;1;0.0861818181818182;0.998945147679325;1;8518;2;948;NA;2;1;1;0.0177398181818182
31;Y ~ X1 + X2 + X3 + X1:X2 + X1:X3 + X2:X3;0.2;1;300;1;1;0.186363636363636;0.998049731838128;1;872;7;512.5;327.47773461209;2;1;1;0.0591156909090909
32;Y ~ X1 + X2 + X3 + X1:X2 + X1:X3 + X2:X3;0.2;1;300;1;1;0.302454545454545;0.999699428914938;1;4842;2;3327;NA;5;1;1;0.0867404818181818
33;Y ~ X1 + X2 + X3 + X1:X2 + X1:X3 + X2:X3;0.2;1;300;1;1;0.142818181818182;0.999363057324841;1;1941;3;785.5;256.679761570717;3;1;1;-0.0246128090909091
34;Y ~ X1 + X2 + X3 + X1:X2 + X1:X3 + X2:X3;0.2;1;300;1;1;0;NA;1;NA;NA;NA;NA;0;NA;1;-0.0207408545454545
35;Y ~ X1 + X2 + X3 + X1:X2 + X1:X3 + X2:X3;0.2;1;300;1;1;0.218272727272727;0.999583506872137;1;950;2;2401;NA;6;1;1;-0.0674861727272727
36;Y ~ X1 + X2 + X3 + X1:X2 + X1:X3 + X2:X3;0.2;1;300;1;1;0.297818181818182;0.999389499389499;1;128;4;1638;229.102597104441;1;1;1;-0.0997567727272727
37;Y ~ X1 + X2 + X3 + X1:X2 + X1:X3 + X2:X3;0.2;1;300;1;1;0.16;0.999431818181818;1;1614;2;1760;NA;2;1;1;0.00937666363636363
38;Y ~ X1 + X2 + X3 + X1:X2 + X1:X3 + X2:X3;0.2;1;300;1;1;0.451454545454545;0.999395892066049;1;464;6;1655.33333333333;1581.73775744696;2;1;1;0.0608081545454546
39;Y ~ X1 + X2 + X3 + X1:X2 + X1:X3 + X2:X3;0.2;1;300;1;1;0.277545454545455;1;1;7948;1;3053;NA;3;1;1;0.0967883181818182
40;Y ~ X1 + X2 + X3 + X1:X2 + X1:X3 + X2:X3;0.2;1;300;1;1;0.337454545454545;0.999730603448276;1;3191;2;3712;NA;3;1;1;-0.0306829909090909
41;Y ~ X1 + X2 + X3 + X1:X2 + X1:X3 + X2:X3;0.2;1;300;1;1;0.372272727272727;0.9995115995116;1;686;4;2047.5;1683.62124600517;5;1;1;0.0343619818181818
42;Y ~ X1 + X2 + X3 + X1:X2 + X1:X3 + X2:X3;0.2;1;300;1;1;0.370363636363636;0.999508961453474;1;597;5;1358;1496.11229525059;2;1;1;-0.0588412818181818
43;Y ~ X1 + X2 + X3 + X1:X2 + X1:X3 + X2:X3;0.2;1;300;1;1;0.368727272727273;0.999753390875462;1;554;3;2028;1070.55966671643;2;1;1;0.141835145454545
44;Y ~ X1 + X2 + X3 + X1:X2 + X1:X3 + X2:X3;0.2;1;300;1;1;0.293090909090909;0.999379652605459;1;441;4;1612;288.499566724111;1;1;1;0.0473112909090909
45;Y ~ X1 + X2 + X3 + X1:X2 + X1:X3 + X2:X3;0.2;1;300;1;1;0.467727272727273;0.999611273080661;1;480;4;2572.5;2336.98791182154;49;1;1;0.0573233272727273
46;Y ~ X1 + X2 + X3 + X1:X2 + X1:X3 + X2:X3;0.2;1;300;1;1;0.410363636363636;0.999557032115172;1;1396;3;2257;2692.66262275837;2;1;1;-0.00884405454545455
47;Y ~ X1 + X2 + X3 + X1:X2 + X1:X3 + X2:X3;0.2;1;300;1;1;0.401545454545455;0.999547203984605;1;5374;4;2208.5;2566.09050892598;5;1;1;-0.0937645272727272
48;Y ~ X1 + X2 + X3 + X1:X2 + X1:X3 + X2:X3;0.2;1;300;1;1;0.150181818181818;0.998789346246973;1;9;4;826;825.900720425887;1;1;1;-0.0831492272727273
49;Y ~ X1 + X2 + X3 + X1:X2 + X1:X3 + X2:X3;0.2;1;300;1;1;0.126636363636364;0.998564249820531;1;1018;4;696.5;532.45140623347;17;1;1;0.0081222090909091
50;Y ~ X1 + X2 + X3 + X1:X2 + X1:X3 + X2:X3;0.2;1;300;1;1;0.277454545454545;0.999017359973796;1;816;5;1017.33333333333;1183.62888327944;2;1;1;-0.1184366
51;Y ~ X1 + X2 + X3 + X1:X2 + X1:X3 + X2:X3;0.2;1;300;1;1;0.253454545454545;0.999282639885222;1;3084;4;1394;414.364573775317;79;1;1;-0.115463418181818
52;Y ~ X1 + X2 + X3 + X1:X2 + X1:X3 + X2:X3;0.2;1;300;1;1;0.0894545454545455;0.997967479674797;1;444;4;492;250.315800540038;4;1;1;-0.112339
53;Y ~ X1 + X2 + X3 + X1:X2 + X1:X3 + X2:X3;0.2;1;300;1;1;0.0722727272727273;0.99874213836478;1;9690;2;795;NA;4;1;1;0.0399530272727273
54;Y ~ X1 + X2 + X3 + X1:X2 + X1:X3 + X2:X3;0.2;1;300;1;1;0;NA;1;NA;NA;NA;NA;0;NA;1;0.0946919363636363
55;Y ~ X1 + X2 + X3 + X1:X2 + X1:X3 + X2:X3;0.2;1;300;1;1;0.449909090909091;0.999393939393939;1;1126;5;1649.66666666667;1823.09690727984;2;1;1;0.0922534909090909
56;Y ~ X1 + X2 + X3 + X1:X2 + X1:X3 + X2:X3;0.2;1;300;1;1;0.499272727272727;0.999271535239483;1;160;9;1098.4;762.880921245249;2;1;1;0.0562317909090909
57;Y ~ X1 + X2 + X3 + X1:X2 + X1:X3 + X2:X3;0.2;1;300;1;1;0.582727272727273;0.999687987519501;1;516;4;3205;770.746391493337;76;1;1;0.126286636363636
58;Y ~ X1 + X2 + X3 + X1:X2 + X1:X3 + X2:X3;0.2;1;300;1;1;0.0627272727272727;1;1;10311;1;690;NA;3;1;1;-0.0124565818181818
59;Y ~ X1 + X2 + X3 + X1:X2 + X1:X3 + X2:X3;0.2;1;300;1;1;0.591727272727273;0.999692733138731;1;276;4;3254.5;1670.89332394381;6;1;1;0.0393612818181818
60;Y ~ X1 + X2 + X3 + X1:X2 + X1:X3 + X2:X3;0.2;1;300;1;1;0.643818181818182;0.999435108035588;1;1296;9;1416.4;1913.28782466204;5;1;1;0.0470790636363636
61;Y ~ X1 + X2 + X3 + X1:X2 + X1:X3 + X2:X3;0.2;1;300;1;1;0.244454545454545;0.999256229081443;1;598;4;1344.5;1545.02831689261;4;1;1;0.0334917818181818
62;Y ~ X1 + X2 + X3 + X1:X2 + X1:X3 + X2:X3;0.2;1;300;1;1;0.336909090909091;0.999730167296276;0.96969696969697;175;2;3706;NA;3;0.941176470588235;1;0.0943658818181818
63;Y ~ X1 + X2 + X3 + X1:X2 + X1:X3 + X2:X3;0.2;1;300;1;1;0.457363636363636;0.999602464718744;1;4435;4;2515.5;1110.86475324407;4;1;1;0.192255354545455
64;Y ~ X1 + X2 + X3 + X1:X2 + X1:X3 + X2:X3;0.2;1;300;1;1;0.227090909090909;0.99919935948759;1;367;4;1249;1233.19422638934;1;1;1;-0.0574690090909091
65;Y ~ X1 + X2 + X3 + X1:X2 + X1:X3 + X2:X3;0.2;1;300;1;1;0.354909090909091;0.999231360491929;1;77;7;976;712.351504993614;1;1;1;0.0230081
66;Y ~ X1 + X2 + X3 + X1:X2 + X1:X3 + X2:X3;0.2;1;300;1;1;0.127272727272727;0.997142857142857;1;193;8;350;411.4519007936;4;1;1;-0.0363240545454545
67;Y ~ X1 + X2 + X3 + X1:X2 + X1:X3 + X2:X3;0.2;1;300;1;1;0.269090909090909;0.999662162162162;1;699;2;2960;NA;3;1;1;-0.0969614363636364
68;Y ~ X1 + X2 + X3 + X1:X2 + X1:X3 + X2:X3;0.2;1;300;1;1;0.311;0.999415375621163;1;84;4;1710.5;1463.00393027497;1;1;1;-0.151646363636364
69;Y ~ X1 + X2 + X3 + X1:X2 + X1:X3 + X2:X3;0.2;1;300;1;1;0;NA;1;NA;NA;NA;NA;0;NA;1;0.0353526272727273
70;Y ~ X1 + X2 + X3 + X1:X2 + X1:X3 + X2:X3;0.2;1;300;1;1;0.0149090909090909;0.99390243902439;1;8130;2;164;NA;2;1;1;-0.0464092727272727
71;Y ~ X1 + X2 + X3 + X1:X2 + X1:X3 + X2:X3;0.2;1;300;1;1;0.400545454545455;0.999546073536087;1;795;4;2203;1503.3090168026;2;1;1;0.0347449727272727
72;Y ~ X1 + X2 + X3 + X1:X2 + X1:X3 + X2:X3;0.2;1;300;1;1;0.176545454545455;0.999485066941298;1;319;2;1942;NA;1;1;1;0.0984031545454546
73;Y ~ X1 + X2 + X3 + X1:X2 + X1:X3 + X2:X3;0.2;1;300;1;1;0.0358181818181818;1;1;10607;1;394;NA;3;1;1;0.108725836363636
74;Y ~ X1 + X2 + X3 + X1:X2 + X1:X3 + X2:X3;0.2;1;300;1;1;0.157909090909091;0.998848589522165;1;4042;4;868.5;754.482935526046;6;1;1;-0.0228854636363636
75;Y ~ X1 + X2 + X3 + X1:X2 + X1:X3 + X2:X3;0.2;1;300;1;1;0.586818181818182;0.99953531598513;1;242;5;2151.66666666667;3403.21676261347;2;1;1;0.0281701636363636
76;Y ~ X1 + X2 + X3 + X1:X2 + X1:X3 + X2:X3;0.2;1;300;1;1;0.238090909090909;0.999236349751814;1;2275;4;1309.5;1761.40299193569;7;1;1;0.0790005909090909
77;Y ~ X1 + X2 + X3 + X1:X2 + X1:X3 + X2:X3;0.2;1;300;1;1;0.302545454545455;0.998798076923077;1;206;8;832;425.156441795253;1;1;1;-0.161090572727273
78;Y ~ X1 + X2 + X3 + X1:X2 + X1:X3 + X2:X3;0.2;1;300;1;1;0.235181818181818;0.99922660479505;1;553;5;862.333333333333;827.338705327711;4;1;1;-0.0554900090909091
79;Y ~ X1 + X2 + X3 + X1:X2 + X1:X3 + X2:X3;0.2;1;300;1;1;0.0596363636363636;0.995426829268293;1;1415;6;218.666666666667;147.276384167094;3;1;1;0.0185880090909091
80;Y ~ X1 + X2 + X3 + X1:X2 + X1:X3 + X2:X3;0.2;1;300;1;1;0.280090909090909;0.999026606099935;1;5794;5;1027;1318.72817517485;2;1;1;-0.0923776
81;Y ~ X1 + X2 + X3 + X1:X2 + X1:X3 + X2:X3;0.2;1;300;1;1;0.208272727272727;0.999563318777293;1;4699;3;1145.5;273.650324319194;5;1;1;0.0440627
82;Y ~ X1 + X2 + X3 + X1:X2 + X1:X3 + X2:X3;0.2;1;300;1;1;0.0233636363636364;0.996108949416342;1;4576;2;257;NA;17;1;1;0.0814255454545455
83;Y ~ X1 + X2 + X3 + X1:X2 + X1:X3 + X2:X3;0.2;1;300;1;1;0.160181818181818;0.999432463110102;1;4141;2;1762;NA;5;1;1;0.0513917363636364
84;Y ~ X1 + X2 + X3 + X1:X2 + X1:X3 + X2:X3;0.2;1;300;1;1;0.952272727272727;0.999904525491694;0.976190476190476;525;3;5237.5;453.255446740577;2;1;0;-0.0472469454545455
85;Y ~ X1 + X2 + X3 + X1:X2 + X1:X3 + X2:X3;0.2;1;300;1;1;0.0312727272727273;0.994202898550725;1;3245;3;172;168.291413922398;2;1;1;-0.103206536363636
86;Y ~ X1 + X2 + X3 + X1:X2 + X1:X3 + X2:X3;0.2;1;300;1;1;0.181454545454545;0.999498997995992;1;6456;2;1996;NA;4;1;1;-0.00724532727272727
87;Y ~ X1 + X2 + X3 + X1:X2 + X1:X3 + X2:X3;0.2;1;300;1;1;0.364909090909091;0.999003487792725;1;1449;8;1003.5;1128.71032599157;3;1;1;-0.0808985909090909
88;Y ~ X1 + X2 + X3 + X1:X2 + X1:X3 + X2:X3;0.2;1;300;1;1;0.258636363636364;0.999297012302285;1;3695;4;1422.5;1072.68098705999;2;1;1;0.0163258
89;Y ~ X1 + X2 + X3 + X1:X2 + X1:X3 + X2:X3;0.2;1;300;1;1;0.257636363636364;0.99894142554693;1;475;6;944.666666666667;1063.22449808746;2;1;1;0.0448719727272727
90;Y ~ X1 + X2 + X3 + X1:X2 + X1:X3 + X2:X3;0.2;1;300;1;1;0.131636363636364;0.999309392265193;1;1862;2;1448;NA;4;1;1;0.00234321818181818
91;Y ~ X1 + X2 + X3 + X1:X2 + X1:X3 + X2:X3;0.2;1;300;1;1;0.377181818181818;0.999276934201012;1;1;6;1383;684.513695991541;1;1;1;0.0317211
92;Y ~ X1 + X2 + X3 + X1:X2 + X1:X3 + X2:X3;0.2;1;300;1;1;0.667727272727273;0.999727705922396;1;40;4;3672.5;620.132647100602;2;1;1;0.0322760727272727
93;Y ~ X1 + X2 + X3 + X1:X2 + X1:X3 + X2:X3;0.2;1;300;1;1;0.430363636363636;1;1;6267;1;4734;NA;3;1;1;0.0620947272727273
94;Y ~ X1 + X2 + X3 + X1:X2 + X1:X3 + X2:X3;0.2;1;300;1;1;0.216272727272727;0.999159310634721;1;3786;4;1189.5;122.329473145273;2;1;1;0.158108490909091
95;Y ~ X1 + X2 + X3 + X1:X2 + X1:X3 + X2:X3;0.2;1;300;1;1;0;NA;1;NA;NA;NA;NA;0;NA;1;-0.194047518181818
96;Y ~ X1 + X2 + X3 + X1:X2 + X1:X3 + X2:X3;0.2;1;300;1;1;0.225272727272727;0.998789346246973;1;717;6;826;695.440148395245;1;1;1;-0.0603505363636363
97;Y ~ X1 + X2 + X3 + X1:X2 + X1:X3 + X2:X3;0.2;1;300;1;1;0.423;0.999140339565871;1;409;8;1163.25;1154.1638748462;2;1;1;-0.110452145454545
98;Y ~ X1 + X2 + X3 + X1:X2 + X1:X3 + X2:X3;0.2;1;300;1;1;0.244545454545455;0.999256505576208;1;1998;4;1345;1767.76695296637;2;1;1;0.0607409545454545
99;Y ~ X1 + X2 + X3 + X1:X2 + X1:X3 + X2:X3;0.2;1;300;1;1;0.232636363636364;1;1;8442;1;2559;NA;8;1;1;0.0817303363636364
100;Y ~ X1 + X2 + X3 + X1:X2 + X1:X3 + X2:X3;0.2;1;300;1;1;0.531181818181818;0.999828855040219;1;10444;2;2921.5;3343.90796823118;2;1;1;-0.00518953636363637
1;Y ~ X1 + X2 + X3 + X1:X2 + X1:X3 + X2:X3;0.2;1;1;300;1;0.000727272727272727;0.5;1;3020;8;2;1.4142135623731;3;NA;1;0.0838325
2;Y ~ X1 + X2 + X3 + X1:X2 + X1:X3 + X2:X3;0.2;1;1;300;1;0;NA;1;NA;NA;NA;NA;0;NA;1;-0.0737767818181818
3;Y ~ X1 + X2 + X3 + X1:X2 + X1:X3 + X2:X3;0.2;1;1;300;1;0;NA;1;NA;NA;NA;NA;0;NA;1;0.0882148090909091
4;Y ~ X1 + X2 + X3 + X1:X2 + X1:X3 + X2:X3;0.2;1;1;300;1;9.09090909090909e-05;0;1;7845;2;1;NA;4;NA;1;-0.0489897636363637
5;Y ~ X1 + X2 + X3 + X1:X2 + X1:X3 + X2:X3;0.2;1;1;300;1;0.00127272727272727;0.785714285714286;1;1010;6;4.66666666666667;2.51661147842358;4;NA;1;-0.0974036272727273
6;Y ~ X1 + X2 + X3 + X1:X2 + X1:X3 + X2:X3;0.2;1;1;300;1;0.000727272727272727;0.375;1;2;10;1.6;0.547722557505166;2;NA;1;0.101708936363636
7;Y ~ X1 + X2 + X3 + X1:X2 + X1:X3 + X2:X3;0.2;1;1;300;1;0.00527272727272727;0.931034482758621;1;41;8;14.5;3.41565025531987;2;NA;1;0.0777874363636364
8;Y ~ X1 + X2 + X3 + X1:X2 + X1:X3 + X2:X3;0.2;1;1;300;1;0.000636363636363636;0.571428571428571;1;654;6;2.33333333333333;0.577350269189626;1;NA;1;-0.0209574727272727
9;Y ~ X1 + X2 + X3 + X1:X2 + X1:X3 + X2:X3;0.2;1;1;300;1;0.001;0.818181818181818;1;7774;4;5.5;6.36396103067893;5;NA;1;-0.0153433909090909
10;Y ~ X1 + X2 + X3 + X1:X2 + X1:X3 + X2:X3;0.2;1;1;300;1;0.000727272727272727;0.875;1;1376;2;8;NA;2;NA;1;0.0558390272727273
11;Y ~ X1 + X2 + X3 + X1:X2 + X1:X3 + X2:X3;0.2;1;1;300;1;0.00109090909090909;0.666666666666667;1;6356;8;3;1.82574185835055;3;NA;1;-0.0422466454545455
12;Y ~ X1 + X2 + X3 + X1:X2 + X1:X3 + X2:X3;0.2;1;1;300;1;0.000454545454545455;0.8;1;1555;2;5;NA;2;NA;1;0.144439809090909
13;Y ~ X1 + X2 + X3 + X1:X2 + X1:X3 + X2:X3;0.2;1;1;300;1;0.00109090909090909;0.916666666666667;1;6417;2;12;NA;4;NA;1;-0.0564104181818182
14;Y ~ X1 + X2 + X3 + X1:X2 + X1:X3 + X2:X3;0.2;1;1;300;1;0.000181818181818182;0.5;1;3814;2;2;NA;2;NA;1;0.0718832909090909
15;Y ~ X1 + X2 + X3 + X1:X2 + X1:X3 + X2:X3;0.2;1;1;300;1;0.00345454545454545;0.921052631578947;1;5600;6;12.6666666666667;15.1437555888007;3;NA;1;0.117324627272727
16;Y ~ X1 + X2 + X3 + X1:X2 + X1:X3 + X2:X3;0.2;1;1;300;1;0.000272727272727273;0.666666666666667;1;6787;2;3;NA;3;NA;1;-0.0445304818181818
17;Y ~ X1 + X2 + X3 + X1:X2 + X1:X3 + X2:X3;0.2;1;1;300;1;0;NA;1;NA;NA;NA;NA;0;NA;1;0.0157144090909091
18;Y ~ X1 + X2 + X3 + X1:X2 + X1:X3 + X2:X3;0.2;1;1;300;1;0.003;0.878787878787879;1;2;8;8.25;7.88986691902975;2;NA;1;-0.0215134636363636
19;Y ~ X1 + X2 + X3 + X1:X2 + X1:X3 + X2:X3;0.2;1;1;300;1;0;NA;1;NA;NA;NA;NA;0;NA;1;0.0998764090909091
20;Y ~ X1 + X2 + X3 + X1:X2 + X1:X3 + X2:X3;0.2;1;1;300;1;0.00154545454545455;0.823529411764706;1;3004;6;5.66666666666667;2.3094010767585;2;NA;1;0.0773788090909091
21;Y ~ X1 + X2 + X3 + X1:X2 + X1:X3 + X2:X3;0.2;1;1;300;1;0.000909090909090909;0.7;1;788;6;3.33333333333333;4.04145188432738;2;NA;1;0.0522749727272727
22;Y ~ X1 + X2 + X3 + X1:X2 + X1:X3 + X2:X3;0.2;1;1;300;1;0.00145454545454545;0.875;1;1418;4;8;7.07106781186548;4;NA;1;-0.0514233636363636
23;Y ~ X1 + X2 + X3 + X1:X2 + X1:X3 + X2:X3;0.2;1;1;300;1;0;NA;1;NA;NA;NA;NA;0;NA;1;-0.0634501545454545
24;Y ~ X1 + X2 + X3 + X1:X2 + X1:X3 + X2:X3;0.2;1;1;300;1;0.00181818181818182;0.857142857142857;1;742;5;10;2.82842712474619;2;NA;1;-0.0570806090909091
25;Y ~ X1 + X2 + X3 + X1:X2 + X1:X3 + X2:X3;0.2;1;1;300;1;0.00372727272727273;0.878048780487805;1;1798;10;8.2;6.9065186599328;2;NA;1;0.0889013727272727
26;Y ~ X1 + X2 + X3 + X1:X2 + X1:X3 + X2:X3;0.2;1;1;300;1;0.00118181818181818;0.785714285714286;1;4769;5;4.33333333333333;5.77350269189626;2;NA;1;0.0457677818181818
27;Y ~ X1 + X2 + X3 + X1:X2 + X1:X3 + X2:X3;0.2;1;1;300;1;0.000272727272727273;0.666666666666667;1;206;2;3;NA;3;NA;1;0.111561454545455
28;Y ~ X1 + X2 + X3 + X1:X2 + X1:X3 + X2:X3;0.2;1;1;300;1;0.000636363636363636;0.714285714285714;1;254;4;3.5;3.53553390593274;4;NA;1;-0.0530556727272728
29;Y ~ X1 + X2 + X3 + X1:X2 + X1:X3 + X2:X3;0.2;1;1;300;1;0.00181818181818182;0.8;1;1;8;5;5.65685424949238;1;NA;1;0.0742004
30;Y ~ X1 + X2 + X3 + X1:X2 + X1:X3 + X2:X3;0.2;1;1;300;1;0.000181818181818182;0.5;1;2;2;2;NA;2;NA;1;0.0176902
31;Y ~ X1 + X2 + X3 + X1:X2 + X1:X3 + X2:X3;0.2;1;1;300;1;0.002;0.826086956521739;1;2499;7;5.5;5.44671154612273;2;NA;1;0.0589436818181818
32;Y ~ X1 + X2 + X3 + X1:X2 + X1:X3 + X2:X3;0.2;1;1;300;1;0;NA;1;NA;NA;NA;NA;0;NA;1;0.0874272272727273
33;Y ~ X1 + X2 + X3 + X1:X2 + X1:X3 + X2:X3;0.2;1;1;300;1;0.00163636363636364;0.944444444444444;1;6516;2;18;NA;4;1;1;-0.0246587909090909
34;Y ~ X1 + X2 + X3 + X1:X2 + X1:X3 + X2:X3;0.2;1;1;300;1;0.000636363636363636;0.571428571428571;1;654;6;2.33333333333333;0.577350269189626;1;NA;1;-0.0209574727272727
35;Y ~ X1 + X2 + X3 + X1:X2 + X1:X3 + X2:X3;0.2;1;1;300;1;0.000181818181818182;0.5;1;4172;2;2;NA;3;NA;1;-0.0673548636363636
36;Y ~ X1 + X2 + X3 + X1:X2 + X1:X3 + X2:X3;0.2;1;1;300;1;0.001;0.727272727272727;1;1;6;3.66666666666667;2.3094010767585;1;NA;1;-0.0997831181818182
37;Y ~ X1 + X2 + X3 + X1:X2 + X1:X3 + X2:X3;0.2;1;1;300;1;0;NA;1;NA;NA;NA;NA;0;NA;1;0.0110781363636364
38;Y ~ X1 + X2 + X3 + X1:X2 + X1:X3 + X2:X3;0.2;1;1;300;1;0.000727272727272727;0.75;1;2931;4;4;4.24264068711928;2;NA;1;0.0598087909090909
39;Y ~ X1 + X2 + X3 + X1:X2 + X1:X3 + X2:X3;0.2;1;1;300;1;0.000181818181818182;0.5;1;6123;2;2;NA;2;NA;1;0.0968880636363637
40;Y ~ X1 + X2 + X3 + X1:X2 + X1:X3 + X2:X3;0.2;1;1;300;1;0;NA;1;NA;NA;NA;NA;0;NA;1;-0.0312401909090909
41;Y ~ X1 + X2 + X3 + X1:X2 + X1:X3 + X2:X3;0.2;1;1;300;1;9.09090909090909e-05;0;1;1814;2;1;NA;5;NA;1;0.0354024090909091
42;Y ~ X1 + X2 + X3 + X1:X2 + X1:X3 + X2:X3;0.2;1;1;300;1;0.001;0.818181818181818;1;3;4;5.5;3.53553390593274;2;NA;1;-0.0594396818181818
43;Y ~ X1 + X2 + X3 + X1:X2 + X1:X3 + X2:X3;0.2;1;1;300;1;0.00136363636363636;0.733333333333333;1;2;8;3.75;2.21735578260835;2;NA;1;0.142809609090909
44;Y ~ X1 + X2 + X3 + X1:X2 + X1:X3 + X2:X3;0.2;1;1;300;1;0.002;0.954545454545455;1;6098;2;22;NA;2;NA;1;0.0483862272727273
45;Y ~ X1 + X2 + X3 + X1:X2 + X1:X3 + X2:X3;0.2;1;1;300;1;0;NA;1;NA;NA;NA;NA;0;NA;1;0.0552736909090909
46;Y ~ X1 + X2 + X3 + X1:X2 + X1:X3 + X2:X3;0.2;1;1;300;1;0.000272727272727273;0.75;1;NA;1;3;NA;0;NA;1;-0.00899708181818182
47;Y ~ X1 + X2 + X3 + X1:X2 + X1:X3 + X2:X3;0.2;1;1;300;1;0.00145454545454545;0.8125;1;1104;6;5.33333333333333;4.04145188432738;3;NA;1;-0.0924157090909091
48;Y ~ X1 + X2 + X3 + X1:X2 + X1:X3 + X2:X3;0.2;1;1;300;1;0.000181818181818182;0.5;1;10018;2;2;NA;2;NA;1;-0.0833897
49;Y ~ X1 + X2 + X3 + X1:X2 + X1:X3 + X2:X3;0.2;1;1;300;1;0.00209090909090909;0.826086956521739;1;2897;8;5.75;3.40342964277702;4;NA;1;0.00639037272727273
50;Y ~ X1 + X2 + X3 + X1:X2 + X1:X3 + X2:X3;0.2;1;1;300;1;0.00145454545454545;0.705882352941176;1;770;9;3.2;1.48323969741913;2;NA;1;-0.119096618181818
51;Y ~ X1 + X2 + X3 + X1:X2 + X1:X3 + X2:X3;0.2;1;1;300;1;0.000545454545454545;0.833333333333333;1;6068;2;6;NA;4;NA;1;-0.111021672727273
52;Y ~ X1 + X2 + X3 + X1:X2 + X1:X3 + X2:X3;0.2;1;1;300;1;0.000454545454545455;0.6;1;6026;4;2.5;2.12132034355964;5;NA;1;-0.113708736363636
53;Y ~ X1 + X2 + X3 + X1:X2 + X1:X3 + X2:X3;0.2;1;1;300;1;0.00363636363636364;0.9;1;288;8;10;10.2306728354819;3;NA;1;0.0390430181818182
54;Y ~ X1 + X2 + X3 + X1:X2 + X1:X3 + X2:X3;0.2;1;1;300;1;0.00172727272727273;0.842105263157895;1;2;6;6.33333333333333;5.85946527708232;2;NA;1;0.0926448909090909
55;Y ~ X1 + X2 + X3 + X1:X2 + X1:X3 + X2:X3;0.2;1;1;300;1;0.001;0.916666666666667;1;NA;1;11;NA;0;NA;1;0.0925428090909091
56;Y ~ X1 + X2 + X3 + X1:X2 + X1:X3 + X2:X3;0.2;1;1;300;1;0.00172727272727273;0.842105263157895;1;261;6;6.33333333333333;4.50924975282289;2;NA;1;0.0537113545454545
57;Y ~ X1 + X2 + X3 + X1:X2 + X1:X3 + X2:X3;0.2;1;1;300;1;0.00209090909090909;0.782608695652174;1;288;10;4.6;6.06630035524124;4;NA;1;0.127337863636364
58;Y ~ X1 + X2 + X3 + X1:X2 + X1:X3 + X2:X3;0.2;1;1;300;1;0.00327272727272727;0.833333333333333;1;2080;12;6;4.85798312059645;4;1;1;-0.0132811727272727
59;Y ~ X1 + X2 + X3 + X1:X2 + X1:X3 + X2:X3;0.2;1;1;300;1;0.00190909090909091;0.761904761904762;1;2832;10;4.2;3.11448230047949;4;NA;1;0.0400034818181818
60;Y ~ X1 + X2 + X3 + X1:X2 + X1:X3 + X2:X3;0.2;1;1;300;1;0.00127272727272727;0.714285714285714;1;150;8;3.5;3.1091263510296;4;NA;1;0.0457442909090909
61;Y ~ X1 + X2 + X3 + X1:X2 + X1:X3 + X2:X3;0.2;1;1;300;1;0.00109090909090909;0.833333333333333;1;137;4;6;5.65685424949238;2;1;1;0.0372567818181818
62;Y ~ X1 + X2 + X3 + X1:X2 + X1:X3 + X2:X3;0.2;1;1;300;1;0.000818181818181818;0.555555555555556;1;166;8;2.25;1.5;2;NA;1;0.0945485090909091
63;Y ~ X1 + X2 + X3 + X1:X2 + X1:X3 + X2:X3;0.2;1;1;300;1;9.09090909090909e-05;0;1;4685;2;1;NA;5;NA;1;0.191306363636364
64;Y ~ X1 + X2 + X3 + X1:X2 + X1:X3 + X2:X3;0.2;1;1;300;1;0.00154545454545455;0.764705882352941;0.974358974358974;1;8;4.25;2.62995563967658;1;0;1;-0.0580403090909091
65;Y ~ X1 + X2 + X3 + X1:X2 + X1:X3 + X2:X3;0.2;1;1;300;1;0.00245454545454545;0.740740740740741;1;1;14;3.85714285714286;3.07834216359885;1;NA;1;0.0233399272727273
66;Y ~ X1 + X2 + X3 + X1:X2 + X1:X3 + X2:X3;0.2;1;1;300;1;0.000363636363636364;0.5;1;2689;4;2;1.4142135623731;2;NA;1;-0.0364968636363636
67;Y ~ X1 + X2 + X3 + X1:X2 + X1:X3 + X2:X3;0.2;1;1;300;1;0.00127272727272727;0.785714285714286;1;1010;6;4.66666666666667;2.51661147842358;4;NA;1;-0.0974036272727273
68;Y ~ X1 + X2 + X3 + X1:X2 + X1:X3 + X2:X3;0.2;1;1;300;1;0.003;0.757575757575758;1;1;16;4.125;3.72011904571422;1;NA;1;-0.151287481818182
69;Y ~ X1 + X2 + X3 + X1:X2 + X1:X3 + X2:X3;0.2;1;1;300;1;0.00227272727272727;0.84;1;1770;8;6.25;8.61684396980704;1;NA;1;0.0349054545454546
70;Y ~ X1 + X2 + X3 + X1:X2 + X1:X3 + X2:X3;0.2;1;1;300;1;0.000818181818181818;0.777777777777778;1;1;4;4.5;0.707106781186548;1;NA;1;-0.0466971181818182
71;Y ~ X1 + X2 + X3 + X1:X2 + X1:X3 + X2:X3;0.2;1;1;300;1;0;NA;1;NA;NA;NA;NA;0;NA;1;0.0347768090909091
72;Y ~ X1 + X2 + X3 + X1:X2 + X1:X3 + X2:X3;0.2;1;1;300;1;0.000545454545454545;0.833333333333333;1;1;2;6;NA;1;NA;1;0.0990152272727273
73;Y ~ X1 + X2 + X3 + X1:X2 + X1:X3 + X2:X3;0.2;1;1;300;1;9.09090909090909e-05;0;1;144;2;1;NA;3;NA;1;0.108583627272727
74;Y ~ X1 + X2 + X3 + X1:X2 + X1:X3 + X2:X3;0.2;1;1;300;1;0.00272727272727273;0.866666666666667;1;1446;8;7.5;7.59385716659634;6;NA;1;-0.0189940636363636
75;Y ~ X1 + X2 + X3 + X1:X2 + X1:X3 + X2:X3;0.2;1;1;300;1;9.09090909090909e-05;0.5;1;NA;1;1;NA;0;NA;1;0.0285405818181818
76;Y ~ X1 + X2 + X3 + X1:X2 + X1:X3 + X2:X3;0.2;1;1;300;1;9.09090909090909e-05;0;1;4087;2;1;NA;3;NA;1;0.0754068636363637
77;Y ~ X1 + X2 + X3 + X1:X2 + X1:X3 + X2:X3;0.2;1;1;300;1;0.00390909090909091;0.953488372093023;1;2995;4;21.5;0.707106781186548;2;NA;1;-0.1604282
78;Y ~ X1 + X2 + X3 + X1:X2 + X1:X3 + X2:X3;0.2;1;1;300;1;0.00154545454545455;0.882352941176471;1;216;4;8.5;2.12132034355964;4;NA;1;-0.0540777272727273
79;Y ~ X1 + X2 + X3 + X1:X2 + X1:X3 + X2:X3;0.2;1;1;300;1;0.00218181818181818;0.833333333333333;1;2;8;6;3.91578004149024;2;NA;1;0.0177185
80;Y ~ X1 + X2 + X3 + X1:X2 + X1:X3 + X2:X3;0.2;1;1;300;1;0.00209090909090909;0.875;1;4346;5;7.66666666666667;0.577350269189626;2;NA;1;-0.0926193
81;Y ~ X1 + X2 + X3 + X1:X2 + X1:X3 + X2:X3;0.2;1;1;300;1;0.000363636363636364;0.5;1;605;4;2;0;4;NA;1;0.0328952909090909
82;Y ~ X1 + X2 + X3 + X1:X2 + X1:X3 + X2:X3;0.2;1;1;300;1;0.00345454545454545;0.921052631578947;1;3;6;12.6666666666667;6.35085296108588;3;1;1;0.0814711090909091
83;Y ~ X1 + X2 + X3 + X1:X2 + X1:X3 + X2:X3;0.2;1;1;300;1;0.000636363636363636;0.857142857142857;1;2993;2;7;NA;3;NA;1;0.0460014727272727
84;Y ~ X1 + X2 + X3 + X1:X2 + X1:X3 + X2:X3;0.2;1;1;300;1;0.000636363636363636;0.857142857142857;1;3888;2;7;NA;2;NA;1;-0.0457605545454546
85;Y ~ X1 + X2 + X3 + X1:X2 + X1:X3 + X2:X3;0.2;1;1;300;1;0.00181818181818182;0.904761904761905;1;3664;3;10;11.3137084989848;2;NA;1;-0.102822045454545
86;Y ~ X1 + X2 + X3 + X1:X2 + X1:X3 + X2:X3;0.2;1;1;300;1;0.00109090909090909;0.833333333333333;1;744;4;6;5.65685424949238;3;NA;1;-0.00908919090909091
87;Y ~ X1 + X2 + X3 + X1:X2 + X1:X3 + X2:X3;0.2;1;1;300;1;0.000818181818181818;0.777777777777778;1;719;4;4.5;0.707106781186548;5;1;1;-0.0797615454545454
88;Y ~ X1 + X2 + X3 + X1:X2 + X1:X3 + X2:X3;0.2;1;1;300;1;0.00118181818181818;0.923076923076923;1;2455;2;13;NA;2;NA;1;0.0169718454545455
89;Y ~ X1 + X2 + X3 + X1:X2 + X1:X3 + X2:X3;0.2;1;1;300;1;0.000181818181818182;0.5;1;3949;2;2;NA;2;NA;1;0.0453640727272727
90;Y ~ X1 + X2 + X3 + X1:X2 + X1:X3 + X2:X3;0.2;1;1;300;1;0.000636363636363636;0.857142857142857;1;9681;2;7;NA;4;NA;1;0.00961978181818182
91;Y ~ X1 + X2 + X3 + X1:X2 + X1:X3 + X2:X3;0.2;1;1;300;1;0.00181818181818182;0.9;1;1;4;10;8.48528137423857;1;NA;1;0.0317560545454546
92;Y ~ X1 + X2 + X3 + X1:X2 + X1:X3 + X2:X3;0.2;1;1;300;1;0.003;0.878787878787879;1;2576;8;8.25;5.56027577253743;2;NA;1;0.0320254727272727
93;Y ~ X1 + X2 + X3 + X1:X2 + X1:X3 + X2:X3;0.2;1;1;300;1;0.00145454545454545;0.75;1;5;8;4;4.08248290463863;3;NA;1;0.0622112
94;Y ~ X1 + X2 + X3 + X1:X2 + X1:X3 + X2:X3;0.2;1;1;300;1;0.00336363636363636;0.891891891891892;1;1;8;9.25;4.19324854180304;1;NA;1;0.157848481818182
95;Y ~ X1 + X2 + X3 + X1:X2 + X1:X3 + X2:X3;0.2;1;1;300;1;0.001;0.727272727272727;1;2009;6;3.66666666666667;2.08166599946613;2;NA;1;-0.194189845454545
96;Y ~ X1 + X2 + X3 + X1:X2 + X1:X3 + X2:X3;0.2;1;1;300;1;0.000727272727272727;0.75;1;4764;4;4;0;2;NA;1;-0.0600298454545454
97;Y ~ X1 + X2 + X3 + X1:X2 + X1:X3 + X2:X3;0.2;1;1;300;1;0.00118181818181818;0.846153846153846;1;2;4;6.5;6.36396103067893;2;NA;1;-0.110260045454545
98;Y ~ X1 + X2 + X3 + X1:X2 + X1:X3 + X2:X3;0.2;1;1;300;1;0.00163636363636364;0.722222222222222;1;1;10;3.6;2.79284800875379;1;NA;1;0.0612297818181818
99;Y ~ X1 + X2 + X3 + X1:X2 + X1:X3 + X2:X3;0.2;1;1;300;1;0.00236363636363636;0.846153846153846;1;3;8;6.5;3.1091263510296;3;NA;1;0.0835473
100;Y ~ X1 + X2 + X3 + X1:X2 + X1:X3 + X2:X3;0.2;1;1;300;1;0.00109090909090909;0.769230769230769;1;1094;5;4;1.73205080756888;2;NA;1;-0.00514822727272727
1;Y ~ X1 + X2 + X3 + X1:X2 + X1:X3 + X2:X3;0.2;1;1;1;300;0.833636363636364;0.989529937834006;0.956521739130435;13;193;94.5360824742268;95.63233216505;3;0.973684210526316;0.875;0.0842915181818182
2;Y ~ X1 + X2 + X3 + X1:X2 + X1:X3 + X2:X3;0.2;1;1;1;300;0.843272727272727;0.987493261455526;0.96;12;233;79.2820512820513;81.4369701431776;4;0.976744186046512;0.857142857142857;-0.0735299272727272
3;Y ~ X1 + X2 + X3 + X1:X2 + X1:X3 + X2:X3;0.2;1;1;1;300;0.790545454545455;0.985163887291547;0.954545454545455;17;259;66.8923076923077;61.9985303844137;3;0.971428571428571;0.888888888888889;0.0866700272727273
4;Y ~ X1 + X2 + X3 + X1:X2 + X1:X3 + X2:X3;0.2;1;1;1;300;0.483545454545455;0.952989845806694;0.971428571428571;2;501;21.191235059761;19.69312780816;1;0.916666666666667;1;-0.0460093636363637
5;Y ~ X1 + X2 + X3 + X1:X2 + X1:X3 + X2:X3;0.2;1;1;1;300;0.531818181818182;0.958290598290598;0.897435897435897;6;488;23.9754098360656;23.4127266980222;3;0.916666666666667;0.866666666666667;-0.102204045454545
6;Y ~ X1 + X2 + X3 + X1:X2 + X1:X3 + X2:X3;0.2;1;1;1;300;0.793818181818182;0.985110525712977;0.918918918918919;15;261;66.6564885496183;68.5240857141449;4;0.941176470588235;0.666666666666667;0.1023243
7;Y ~ X1 + X2 + X3 + X1:X2 + X1:X3 + X2:X3;0.2;1;1;1;300;0.823636363636364;0.986863892261839;0.935483870967742;3;239;75.5;71.2020441591179;2;0.961538461538462;0.8;0.0779081
8;Y ~ X1 + X2 + X3 + X1:X2 + X1:X3 + X2:X3;0.2;1;1;1;300;0.813181818181818;0.986583184257603;1;3;241;73.9256198347107;75.4654628830584;1;1;1;-0.0207859363636364
9;Y ~ X1 + X2 + X3 + X1:X2 + X1:X3 + X2:X3;0.2;1;1;1;300;0.822636363636364;0.987401922864405;0.979591836734694;10;228;79.3771929824561;63.8273931192941;2;1;0.833333333333333;-0.0131672454545455
10;Y ~ X1 + X2 + X3 + X1:X2 + X1:X3 + X2:X3;0.2;1;1;1;300;0.824363636363636;0.986213742141833;1;7;251;71.968253968254;67.6713158149521;1;1;1;0.0564248454545455
11;Y ~ X1 + X2 + X3 + X1:X2 + X1:X3 + X2:X3;0.2;1;1;1;300;0.797818181818182;0.985754985754986;1;24;251;69.6507936507936;65.3408683701486;2;1;1;-0.0413595181818182
12;Y ~ X1 + X2 + X3 + X1:X2 + X1:X3 + X2:X3;0.2;1;1;1;300;0.805;0.987237406821776;0.931034482758621;15;227;77.6754385964912;76.2364156608558;4;1;0.75;0.1451602
13;Y ~ X1 + X2 + X3 + X1:X2 + X1:X3 + X2:X3;0.2;1;1;1;300;0.827545454545455;0.987147094364495;0.923076923076923;3;234;77.8034188034188;76.4720186956212;2;0.941176470588235;0.888888888888889;-0.0563077909090909
14;Y ~ X1 + X2 + X3 + X1:X2 + X1:X3 + X2:X3;0.2;1;1;1;300;0.736272727272727;0.976413929365275;0.926829268292683;46;383;42.1822916666667;41.0426045905886;5;0.966666666666667;0.818181818181818;0.0727298727272727
15;Y ~ X1 + X2 + X3 + X1:X2 + X1:X3 + X2:X3;0.2;1;1;1;300;0.842272727272727;0.98758769562871;1;21;230;80.5652173913043;85.1514780738073;4;1;1;0.118593909090909
16;Y ~ X1 + X2 + X3 + X1:X2 + X1:X3 + X2:X3;0.2;1;1;1;300;0.805545454545455;0.986231802279652;0.975609756097561;3;244;72.6311475409836;75.7853864998835;1;1;0.857142857142857;-0.0448411363636364
17;Y ~ X1 + X2 + X3 + X1:X2 + X1:X3 + X2:X3;0.2;1;1;1;300;0.817818181818182;0.988882712618121;1;3;201;89.0693069306931;94.9777086926972;1;1;1;0.0154801545454545
18;Y ~ X1 + X2 + X3 + X1:X2 + X1:X3 + X2:X3;0.2;1;1;1;300;0.807636363636364;0.986603624901497;1;22;239;74.0333333333333;69.8174008953865;4;1;1;-0.0206510181818182
19;Y ~ X1 + X2 + X3 + X1:X2 + X1:X3 + X2:X3;0.2;1;1;1;300;0.835363636363636;0.988027862429256;0.944444444444444;8;221;82.7837837837838;80.6212700792365;3;1;0.8;0.100186772727273
20;Y ~ X1 + X2 + X3 + X1:X2 + X1:X3 + X2:X3;0.2;1;1;1;300;0.817909090909091;0.98632725655847;1;39;247;72.5564516129032;68.1384652442596;3;1;1;0.0779769727272727
21;Y ~ X1 + X2 + X3 + X1:X2 + X1:X3 + X2:X3;0.2;1;1;1;300;0.839454545454545;0.987762616417587;1;1;226;81.716814159292;77.698992113631;1;1;1;0.0522028909090909
22;Y ~ X1 + X2 + X3 + X1:X2 + X1:X3 + X2:X3;0.2;1;1;1;300;0.831363636363636;0.98753280839895;0.96969696969697;9;229;79.5217391304348;72.2088039325535;4;1;0.875;-0.0510170272727273
23;Y ~ X1 + X2 + X3 + X1:X2 + X1:X3 + X2:X3;0.2;1;1;1;300;0.790454545454545;0.986542443064182;0.966666666666667;2;235;73.6864406779661;71.9624426204858;1;0.96;1;-0.0632369090909091
24;Y ~ X1 + X2 + X3 + X1:X2 + X1:X3 + X2:X3;0.2;1;1;1;300;0.834545454545455;0.98681917211329;0.942857142857143;264;242;75.2459016393443;78.137758353982;2;0.933333333333333;1;-0.0573068909090909
25;Y ~ X1 + X2 + X3 + X1:X2 + X1:X3 + X2:X3;0.2;1;1;1;300;0.827454545454545;0.985825733435886;0.973684210526316;1;259;70.0153846153846;61.1780961733962;1;0.967741935483871;1;0.0887802181818182
26;Y ~ X1 + X2 + X3 + X1:X2 + X1:X3 + X2:X3;0.2;1;1;1;300;0.802818181818182;0.986637979843732;0.947368421052632;231;236;74.2100840336134;70.4572083078463;2;0.967741935483871;0.857142857142857;0.0453534818181818
27;Y ~ X1 + X2 + X3 + X1:X2 + X1:X3 + X2:X3;0.2;1;1;1;300;0.792181818181818;0.986802845994951;0.96;2;230;75.7739130434783;62.6320444957026;1;0.975609756097561;0.888888888888889;0.1114327
28;Y ~ X1 + X2 + X3 + X1:X2 + X1:X3 + X2:X3;0.2;1;1;1;300;0.811272727272727;0.985767118682058;1;3;255;69.71875;63.7386318411086;2;1;1;-0.0547816272727273
29;Y ~ X1 + X2 + X3 + X1:X2 + X1:X3 + X2:X3;0.2;1;1;1;300;0.814454545454545;0.986269256530476;0.909090909090909;34;247;72.25;58.5112906900145;3;0.916666666666667;0.888888888888889;0.0740959
30;Y ~ X1 + X2 + X3 + X1:X2 + X1:X3 + X2:X3;0.2;1;1;1;300;0.811090909090909;0.986324403093824;1;8;245;72.5365853658537;61.5443719288251;2;1;1;0.0182418
31;Y ~ X1 + X2 + X3 + X1:X2 + X1:X3 + X2:X3;0.2;1;1;1;300;0.805272727272727;0.985888462406864;0.966666666666667;126;250;70.3015873015873;73.0004131321208;2;1;0.888888888888889;0.0590556454545455
32;Y ~ X1 + X2 + X3 + X1:X2 + X1:X3 + X2:X3;0.2;1;1;1;300;0.769636363636364;0.984642646190195;0.918918918918919;19;261;64.6259541984733;57.9395355757737;5;0.931034482758621;0.875;0.0876288363636364
33;Y ~ X1 + X2 + X3 + X1:X2 + X1:X3 + X2:X3;0.2;1;1;1;300;0.829181818181818;0.988925438596491;1;1;203;89.421568627451;86.5129116757953;1;1;1;-0.0247238363636364
34;Y ~ X1 + X2 + X3 + X1:X2 + X1:X3 + X2:X3;0.2;1;1;1;300;0.813181818181818;0.986583184257603;1;3;241;73.9256198347107;75.4654628830584;1;1;1;-0.0207859363636364
35;Y ~ X1 + X2 + X3 + X1:X2 + X1:X3 + X2:X3;0.2;1;1;1;300;0.811363636363636;0.985992828328104;1;17;251;70.8333333333333;71.6334837907525;3;1;1;-0.0674904272727273
36;Y ~ X1 + X2 + X3 + X1:X2 + X1:X3 + X2:X3;0.2;1;1;1;300;0.840454545454545;0.987884032886196;0.973684210526316;10;225;81.8141592920354;86.8493717257239;1;1;0.875;-0.100050381818182
37;Y ~ X1 + X2 + X3 + X1:X2 + X1:X3 + X2:X3;0.2;1;1;1;300;0.823272727272727;0.988956377691883;1;1;201;89.6633663366337;94.0793576963324;1;1;1;0.0115754545454545
38;Y ~ X1 + X2 + X3 + X1:X2 + X1:X3 + X2:X3;0.2;1;1;1;300;0.802454545454545;0.986743711760707;0.979166666666667;9;235;74.8050847457627;67.1177379174474;4;0.977272727272727;1;0.0595039272727273
39;Y ~ X1 + X2 + X3 + X1:X2 + X1:X3 + X2:X3;0.2;1;1;1;300;0.793272727272727;0.986934097421203;1;17;229;75.8782608695652;77.0720951875451;4;1;1;0.0971304363636364
40;Y ~ X1 + X2 + X3 + X1:X2 + X1:X3 + X2:X3;0.2;1;1;1;300;0.823;0.986190897039328;1;29;251;71.8492063492064;70.5169559706393;5;1;1;-0.0303592636363637
41;Y ~ X1 + X2 + X3 + X1:X2 + X1:X3 + X2:X3;0.2;1;1;1;300;0.832909090909091;0.987446785285449;0.96551724137931;9;231;78.9827586206897;75.6226309304667;5;1;0.833333333333333;0.0344004727272727
42;Y ~ X1 + X2 + X3 + X1:X2 + X1:X3 + X2:X3;0.2;1;1;1;300;0.797636363636364;0.986323227718259;1;10;240;73.1166666666667;64.2263831405484;5;1;1;-0.0593483545454545
43;Y ~ X1 + X2 + X3 + X1:X2 + X1:X3 + X2:X3;0.2;1;1;1;300;0.810363636363636;0.98575115000561;1;12;255;69.640625;62.8831855866698;4;1;1;0.142720963636364
44;Y ~ X1 + X2 + X3 + X1:X2 + X1:X3 + X2:X3;0.2;1;1;1;300;0.798818181818182;0.985772820396085;0.914285714285714;15;251;69.7380952380952;78.4844625205706;1;0.96;0.8;0.0483241545454546
45;Y ~ X1 + X2 + X3 + X1:X2 + X1:X3 + X2:X3;0.2;1;1;1;300;0.799818181818182;0.986586336250995;0.971428571428571;50;237;73.9327731092437;74.1368102138565;4;0.962962962962963;1;0.0557936545454546
46;Y ~ X1 + X2 + X3 + X1:X2 + X1:X3 + X2:X3;0.2;1;1;1;300;0.824727272727273;0.986441798941799;1;15;246;73.1612903225806;62.8873540736655;2;1;1;-0.00901909090909091
47;Y ~ X1 + X2 + X3 + X1:X2 + X1:X3 + X2:X3;0.2;1;1;1;300;0.788090909090909;0.983965855346637;0.952380952380952;6;278;62.3669064748201;54.0584954088439;5;0.945945945945946;1;-0.0920346909090909
48;Y ~ X1 + X2 + X3 + X1:X2 + X1:X3 + X2:X3;0.2;1;1;1;300;0.829272727272727;0.989036289880496;0.977272727272727;54;201;90.3168316831683;90.063747500653;2;0.967741935483871;1;-0.0833597454545455
49;Y ~ X1 + X2 + X3 + X1:X2 + X1:X3 + X2:X3;0.2;1;1;1;300;0.834;0.987464573795509;0.956521739130435;19;230;79.7739130434783;75.0830021259005;5;1;0.75;0.00890844545454546
50;Y ~ X1 + X2 + X3 + X1:X2 + X1:X3 + X2:X3;0.2;1;1;1;300;0.292454545454545;0.940646364201367;0.880952380952381;48;381;16.8429319371728;16.8946095355442;6;0.666666666666667;0.966666666666667;-0.118182009090909
51;Y ~ X1 + X2 + X3 + X1:X2 + X1:X3 + X2:X3;0.2;1;1;1;300;0.803;0.987884963768116;0.955555555555556;22;215;81.787037037037;89.0704909257585;3;0.972222222222222;0.888888888888889;-0.109169363636364
52;Y ~ X1 + X2 + X3 + X1:X2 + X1:X3 + X2:X3;0.2;1;1;1;300;0.814;0.986821532276078;0.972972972972973;3;236;75.8813559322034;71.6341810083987;3;0.96969696969697;1;-0.115290481818182
53;Y ~ X1 + X2 + X3 + X1:X2 + X1:X3 + X2:X3;0.2;1;1;1;300;0.820090909090909;0.987694013303769;0.964285714285714;6;223;80.5446428571429;90.6108288969084;3;0.95;1;0.0370947181818182
54;Y ~ X1 + X2 + X3 + X1:X2 + X1:X3 + X2:X3;0.2;1;1;1;300;0.558272727272727;0.959934853420195;0.945945945945946;7;493;24.8623481781377;26.3223698365713;2;1;0.894736842105263;0.0930370545454545
55;Y ~ X1 + X2 + X3 + X1:X2 + X1:X3 + X2:X3;0.2;1;1;1;300;0.820545454545455;0.987037447374252;1;60;234;76.4915254237288;75.207944861582;2;1;1;0.0929816
56;Y ~ X1 + X2 + X3 + X1:X2 + X1:X3 + X2:X3;0.2;1;1;1;300;0.855;0.987877498936623;0.975;3;229;81.7826086956522;92.8207839899202;3;1;0.833333333333333;0.0543434
57;Y ~ X1 + X2 + X3 + X1:X2 + X1:X3 + X2:X3;0.2;1;1;1;300;0.787181818181818;0.985331485331485;0.96551724137931;42;255;67.6484375;55.5279017391718;3;1;0.888888888888889;0.128184518181818
58;Y ~ X1 + X2 + X3 + X1:X2 + X1:X3 + X2:X3;0.2;1;1;1;300;0.791181818181818;0.985865318317628;0.970588235294118;14;247;70.1854838709677;68.6639474087217;4;1;0.857142857142857;-0.0123092454545454
59;Y ~ X1 + X2 + X3 + X1:X2 + X1:X3 + X2:X3;0.2;1;1;1;300;0.781363636363636;0.98557132883407;0.96969696969697;7;249;68.76;63.252361934734;3;0.96;1;0.0395547727272727
60;Y ~ X1 + X2 + X3 + X1:X2 + X1:X3 + X2:X3;0.2;1;1;1;300;0.715909090909091;0.977774955549911;0.954545454545455;13;351;44.7443181818182;43.5835810708693;4;1;0.857142857142857;0.0442315363636364
61;Y ~ X1 + X2 + X3 + X1:X2 + X1:X3 + X2:X3;0.2;1;1;1;300;0.822363636363636;0.987729383152775;1;7;222;81.4954954954955;72.1447879896423;4;1;1;0.0363964818181818
62;Y ~ X1 + X2 + X3 + X1:X2 + X1:X3 + X2:X3;0.2;1;1;1;300;0.786727272727273;0.98601641049347;1;7;243;70.9344262295082;65.0349858426398;2;1;1;0.0944800090909091
63;Y ~ X1 + X2 + X3 + X1:X2 + X1:X3 + X2:X3;0.2;1;1;1;300;0.799636363636364;0.985787379192723;0.918918918918919;4;251;69.8095238095238;69.2428438798655;2;0.909090909090909;1;0.190245509090909
64;Y ~ X1 + X2 + X3 + X1:X2 + X1:X3 + X2:X3;0.2;1;1;1;300;0.815363636363636;0.985392506690455;0.948717948717949;4;263;67.9469696969697;66.5424520864573;2;0.971428571428571;0.75;-0.0575546272727273
65;Y ~ X1 + X2 + X3 + X1:X2 + X1:X3 + X2:X3;0.2;1;1;1;300;0.819272727272727;0.986682943069582;0.972222222222222;4;241;74.4793388429752;71.1398972885532;1;0.96551724137931;1;0.0238349909090909
66;Y ~ X1 + X2 + X3 + X1:X2 + X1:X3 + X2:X3;0.2;1;1;1;300;0.822181818181818;0.988057060709941;1;3;217;82.9724770642202;95.5146351705868;2;1;1;-0.0368653636363636
67;Y ~ X1 + X2 + X3 + X1:X2 + X1:X3 + X2:X3;0.2;1;1;1;300;0.531818181818182;0.958290598290598;0.897435897435897;6;488;23.9754098360656;23.4127266980222;3;0.916666666666667;0.866666666666667;-0.102204045454545
68;Y ~ X1 + X2 + X3 + X1:X2 + X1:X3 + X2:X3;0.2;1;1;1;300;0.851454545454545;0.988467698878804;0.941176470588235;13;217;85.9266055045872;85.1515757908625;3;0.961538461538462;0.875;-0.151214090909091
69;Y ~ X1 + X2 + X3 + X1:X2 + X1:X3 + X2:X3;0.2;1;1;1;300;0.824181818181818;0.987093215664644;0.947368421052632;3;235;76.8305084745763;77.8323098911185;1;0.96969696969697;0.8;0.0348471
70;Y ~ X1 + X2 + X3 + X1:X2 + X1:X3 + X2:X3;0.2;1;1;1;300;0.822909090909091;0.987625676720804;0.966666666666667;16;225;80.1061946902655;63.5118609327449;2;0.964285714285714;1;-0.0467376909090909
71;Y ~ X1 + X2 + X3 + X1:X2 + X1:X3 + X2:X3;0.2;1;1;1;300;0.794;0.985344630180902;0.974358974358974;4;256;68.234375;70.3150933467503;1;1;0.875;0.0353464454545454
72;Y ~ X1 + X2 + X3 + X1:X2 + X1:X3 + X2:X3;0.2;1;1;1;300;0.816636363636364;0.986973947895792;1;34;235;76.1271186440678;76.698716445892;2;1;1;0.0990942545454546
73;Y ~ X1 + X2 + X3 + X1:X2 + X1:X3 + X2:X3;0.2;1;1;1;300;0.810909090909091;0.987330418208319;1;32;227;78.2456140350877;86.177585879547;4;1;1;0.108384136363636
74;Y ~ X1 + X2 + X3 + X1:X2 + X1:X3 + X2:X3;0.2;1;1;1;300;0.834909090909091;0.988674725035391;0.945945945945946;1;209;87.4666666666667;109.004592940166;1;0.966666666666667;0.857142857142857;-0.0238776272727273
75;Y ~ X1 + X2 + X3 + X1:X2 + X1:X3 + X2:X3;0.2;1;1;1;300;0.788090909090909;0.983965855346637;1;14;278;61.9214285714286;69.7469287487768;2;1;1;0.0284008363636364
76;Y ~ X1 + X2 + X3 + X1:X2 + X1:X3 + X2:X3;0.2;1;1;1;300;0.823545454545455;0.985980792581963;0.977272727272727;35;254;71.3307086614173;82.394719271198;3;1;0.8;0.0753742090909091
77;Y ~ X1 + X2 + X3 + X1:X2 + X1:X3 + X2:X3;0.2;1;1;1;300;0.835727272727273;0.98716275021758;1;1;237;77.2521008403361;82.1348847713109;1;1;1;-0.160852836363636
78;Y ~ X1 + X2 + X3 + X1:X2 + X1:X3 + X2:X3;0.2;1;1;1;300;0.841454545454545;0.987682333873582;0.894736842105263;17;229;80.4869565217391;82.3986208811296;4;0.9375;0.666666666666667;-0.0525896727272727
79;Y ~ X1 + X2 + X3 + X1:X2 + X1:X3 + X2:X3;0.2;1;1;1;300;0.800454545454545;0.984440658716638;0.975609756097561;6;274;64.2700729927007;60.4392626149245;1;0.96969696969697;1;0.0175791818181818
80;Y ~ X1 + X2 + X3 + X1:X2 + X1:X3 + X2:X3;0.2;1;1;1;300;0.817090909090909;0.987651574146179;1;115;221;80.972972972973;83.7216665189928;2;1;1;-0.0926024545454546
81;Y ~ X1 + X2 + X3 + X1:X2 + X1:X3 + X2:X3;0.2;1;1;1;300;0.813272727272727;0.986808272778088;1;7;237;75.1764705882353;70.2320182739149;3;1;1;0.0474143818181818
82;Y ~ X1 + X2 + X3 + X1:X2 + X1:X3 + X2:X3;0.2;1;1;1;300;0.837272727272727;0.98686067976979;1;4;243;75.4918032786885;73.6466037662844;4;1;1;0.0818374090909091
83;Y ~ X1 + X2 + X3 + X1:X2 + X1:X3 + X2:X3;0.2;1;1;1;300;0.835727272727273;0.987924281984334;0.947368421052632;3;223;82.0803571428571;81.5895173439079;2;1;0.75;0.0443727818181818
84;Y ~ X1 + X2 + X3 + X1:X2 + X1:X3 + X2:X3;0.2;1;1;1;300;0.814545454545455;0.985712691148566;0.976190476190476;1;257;69.4573643410853;74.4508025216923;1;1;0.9;-0.0458678818181818
85;Y ~ X1 + X2 + X3 + X1:X2 + X1:X3 + X2:X3;0.2;1;1;1;300;0.832909090909091;0.989085352543113;1;50;200;90.7128712871287;84.9161158595544;2;1;1;-0.103350063636364
86;Y ~ X1 + X2 + X3 + X1:X2 + X1:X3 + X2:X3;0.2;1;1;1;300;0.767909090909091;0.985555292446128;0.96875;4;245;68.6747967479675;64.0954073614904;1;1;0.875;-0.00769988181818182
87;Y ~ X1 + X2 + X3 + X1:X2 + X1:X3 + X2:X3;0.2;1;1;1;300;0.450545454545455;0.949545913218971;1;12;501;19.7450199203187;17.3530033452311;3;1;1;-0.0803510727272727
88;Y ~ X1 + X2 + X3 + X1:X2 + X1:X3 + X2:X3;0.2;1;1;1;300;0.800090909090909;0.988183161004431;0.974358974358974;60;208;84.625;72.0756328079067;3;1;0.857142857142857;0.0166872818181818
89;Y ~ X1 + X2 + X3 + X1:X2 + X1:X3 + X2:X3;0.2;1;1;1;300;0.795909090909091;0.986177747315513;1;6;243;71.7622950819672;67.5824630388058;1;1;1;0.0453767454545454
90;Y ~ X1 + X2 + X3 + X1:X2 + X1:X3 + X2:X3;0.2;1;1;1;300;0.800090909090909;0.984090909090909;1;7;281;62.4184397163121;78.9436649071773;2;1;1;8.64272727272749e-05
91;Y ~ X1 + X2 + X3 + X1:X2 + X1:X3 + X2:X3;0.2;1;1;1;300;0.801181818181818;0.985133908306854;0.978723404255319;3;263;66.7651515151515;65.0410158142138;1;0.967741935483871;1;0.0319603818181818
92;Y ~ X1 + X2 + X3 + X1:X2 + X1:X3 + X2:X3;0.2;1;1;1;300;0.791272727272727;0.984603010456164;0.955555555555556;3;269;64.4740740740741;65.7086320267763;2;0.944444444444444;1;0.0323967181818182
93;Y ~ X1 + X2 + X3 + X1:X2 + X1:X3 + X2:X3;0.2;1;1;1;300;0.738454545454545;0.979317985965776;0.972972972972973;3;336;48.3511904761905;48.5649315187881;2;0.96;1;0.0620588909090909
94;Y ~ X1 + X2 + X3 + X1:X2 + X1:X3 + X2:X3;0.2;1;1;1;300;0.823818181818182;0.987309644670051;0.971428571428571;3;230;78.8;79.3774239856427;1;0.964285714285714;1;0.158265227272727
95;Y ~ X1 + X2 + X3 + X1:X2 + X1:X3 + X2:X3;0.2;1;1;1;300;0.817545454545455;0.986988434163701;1;1;235;76.2118644067797;81.0375930168484;1;1;1;-0.193945390909091
96;Y ~ X1 + X2 + X3 + X1:X2 + X1:X3 + X2:X3;0.2;1;1;1;300;0.774181818181818;0.981679389312977;1;17;313;54.2420382165605;53.1935750498899;2;1;1;-0.0600485363636363
97;Y ~ X1 + X2 + X3 + X1:X2 + X1:X3 + X2:X3;0.2;1;1;1;300;0.817818181818182;0.986436909394108;1;12;245;73.1382113821138;73.550286712311;3;1;1;-0.109541072727273
98;Y ~ X1 + X2 + X3 + X1:X2 + X1:X3 + X2:X3;0.2;1;1;1;300;0.815272727272727;0.986506077840972;0.947368421052632;9;243;73.5081967213115;72.3360209871852;2;0.942857142857143;1;0.0610195909090909
99;Y ~ X1 + X2 + X3 + X1:X2 + X1:X3 + X2:X3;0.2;1;1;1;300;0.531636363636364;0.956053351573187;1;21;514;22.7548638132296;21.1726124336733;4;1;1;0.0825846909090909
100;Y ~ X1 + X2 + X3 + X1:X2 + X1:X3 + X2:X3;0.2;1;1;1;300;0.847545454545454;0.988415746004505;0.974358974358974;18;216;85.5321100917431;75.4886021329562;2;0.96969696969697;1;-0.00539551818181818
1;Y ~ X1 + X2 + X3 + X1:X2 + X1:X3 + X2:X3;0.5;1;1;1;1;0.294545454545455;0.933333333333333;0.946743432889529;15;432;15;14.6465330448048;3;0.9375;0.950585838003057;0.122470836363636
2;Y ~ X1 + X2 + X3 + X1:X2 + X1:X3 + X2:X3;0.5;1;1;1;1;0.252909090909091;0.925952552120776;0.948772678762006;2;412;13.504854368932;12.3093252664504;2;0.930397727272727;0.954912197437114;-0.119026636363636
3;Y ~ X1 + X2 + X3 + X1:X2 + X1:X3 + X2:X3;0.5;1;1;1;1;0.265181818181818;0.926636955776483;0.942920681986657;24;428;13.6308411214953;14.2406936003402;4;0.911602209944751;0.954407294832827;0.100832745454545
4;Y ~ X1 + X2 + X3 + X1:X2 + X1:X3 + X2:X3;0.5;1;1;1;1;0.224909090909091;0.91269199676637;0.937821927888153;5;432;11.4537037037037;11.4866023144533;2;0.894904458598726;0.950717703349282;-0.0808275909090909
5;Y ~ X1 + X2 + X3 + X1:X2 + X1:X3 + X2:X3;0.5;1;1;1;1;0.253909090909091;0.922994269340974;0.940454709491158;14;431;12.9305555555556;12.9869269389579;2;0.911680911680912;0.95021749637506;-0.0818599636363636
6;Y ~ X1 + X2 + X3 + X1:X2 + X1:X3 + X2:X3;0.5;1;1;1;1;0.240818181818182;0.883352208380521;0.86632764257174;54;618;8.57281553398058;8.05976290507306;11;0.868537666174298;0.865606936416185;0.0901933545454546
7;Y ~ X1 + X2 + X3 + X1:X2 + X1:X3 + X2:X3;0.5;1;1;1;1;0.271454545454545;0.927662424648359;0.950671019223794;3;432;13.8240740740741;12.648984666453;2;0.93581514762516;0.956521739130435;0.100813290909091
8;Y ~ X1 + X2 + X3 + X1:X2 + X1:X3 + X2:X3;0.5;1;1;1;1;0.310272727272727;0.923820685613829;0.931851311953353;17;520;13.1269230769231;11.8211922025904;2;0.921146953405018;0.936549554273728;-0.0273627818181818
9;Y ~ X1 + X2 + X3 + X1:X2 + X1:X3 + X2:X3;0.5;1;1;1;1;0.258545454545455;0.916666666666667;0.928341096381225;7;474;12;12.8508391864738;4;0.904054054054054;0.93710385177962;-0.0253212272727273
10;Y ~ X1 + X2 + X3 + X1:X2 + X1:X3 + X2:X3;0.5;1;1;1;1;0.287818181818182;0.918509159823121;0.910966340933768;1;516;12.2713178294574;12.1464807719655;1;0.922012578616352;0.90650406504065;0.103869572727273
11;Y ~ X1 + X2 + X3 + X1:X2 + X1:X3 + X2:X3;0.5;1;1;1;1;0.242909090909091;0.92440119760479;0.931577021587998;45;404;13.2277227722772;12.6937765831396;5;0.932707355242567;0.931232091690544;-0.0437399181818182
12;Y ~ X1 + X2 + X3 + X1:X2 + X1:X3 + X2:X3;0.5;1;1;1;1;0.261454545454545;0.932892906815021;0.944954128440367;7;386;14.9015544041451;14.4321562140905;2;0.936781609195402;0.947757516017743;0.121960327272727
13;Y ~ X1 + X2 + X3 + X1:X2 + X1:X3 + X2:X3;0.5;1;1;1;1;0.277545454545455;0.930560104814936;0.94196106705119;5;424;14.4009433962264;15.2348004918088;3;0.94125159642401;0.942240080361627;-0.0631126272727273
14;Y ~ X1 + X2 + X3 + X1:X2 + X1:X3 + X2:X3;0.5;1;1;1;1;0.207090909090909;0.880597014925373;0.891328210757409;16;544;8.375;10.2153473280751;3;0.858885017421603;0.899953682260306;0.101494
15;Y ~ X1 + X2 + X3 + X1:X2 + X1:X3 + X2:X3;0.5;1;1;1;1;0.319181818181818;0.93335232127599;0.932110091743119;83;468;15.0042735042735;13.8732762106713;4;0.929943502824859;0.933152173913044;0.121000627272727
16;Y ~ X1 + X2 + X3 + X1:X2 + X1:X3 + X2:X3;0.5;1;1;1;1;0.227636363636364;0.908945686900958;0.937363437727604;46;456;10.9824561403509;11.2277052359736;3;0.909233176838811;0.945894636924537;-0.0544465181818182
17;Y ~ X1 + X2 + X3 + X1:X2 + X1:X3 + X2:X3;0.5;1;1;1;1;0.22;0.93801652892562;0.96909903201787;49;300;16.1333333333333;15.3126988869885;1;0.942906574394464;0.976280834914611;0.0301678272727273
18;Y ~ X1 + X2 + X3 + X1:X2 + X1:X3 + X2:X3;0.5;1;1;1;1;0.252909090909091;0.935994246673858;0.961251333096338;15;357;15.5418994413408;19.0641194473922;2;0.935047361299053;0.970588235294118;-0.0229750636363636
19;Y ~ X1 + X2 + X3 + X1:X2 + X1:X3 + X2:X3;0.5;1;1;1;1;0.258;0.93446088794926;0.958120903131828;105;372;15.258064516129;14.4905585110921;8;0.935172413793103;0.966353290450272;0.0748541454545455
20;Y ~ X1 + X2 + X3 + X1:X2 + X1:X3 + X2:X3;0.5;1;1;1;1;0.291363636363636;0.923244929797192;0.915007112375533;3;492;13.0284552845528;13.5644795461977;2;0.910691823899371;0.91670798215171;0.0936626636363636
21;Y ~ X1 + X2 + X3 + X1:X2 + X1:X3 + X2:X3;0.5;1;1;1;1;0.273727272727273;0.941879774161408;0.947695683979517;75;350;17.2057142857143;15.6613944942366;4;0.931081081081081;0.953861584754263;0.0507751727272727
22;Y ~ X1 + X2 + X3 + X1:X2 + X1:X3 + X2:X3;0.5;1;1;1;1;0.303636363636364;0.937106918238994;0.94477390659748;32;421;15.8293838862559;16.2533304748091;9;0.947432762836186;0.943617021276596;-0.0693696090909091
23;Y ~ X1 + X2 + X3 + X1:X2 + X1:X3 + X2:X3;0.5;1;1;1;1;0.244818181818182;0.878574080950613;0.846765824974057;4;654;8.23547400611621;8.46190824276563;1;0.87627365356623;0.837568058076225;-0.0917001272727273
24;Y ~ X1 + X2 + X3 + X1:X2 + X1:X3 + X2:X3;0.5;1;1;1;1;0.214272727272727;0.94147582697201;0.974025974025974;109;275;17.0797101449275;16.1891473038675;2;0.949826989619377;0.980401093892434;-0.0617172909090909
25;Y ~ X1 + X2 + X3 + X1:X2 + X1:X3 + X2:X3;0.5;1;1;1;1;0.285454545454545;0.904109589041096;0.89465706707086;6;603;10.3973509933775;10.0289146557379;3;0.893333333333333;0.895182636315511;0.0885363818181818
26;Y ~ X1 + X2 + X3 + X1:X2 + X1:X3 + X2:X3;0.5;1;1;1;1;0.277272727272727;0.927564732874467;0.945063103192279;64;441;13.8009049773756;14.4997241069371;2;0.919893190921228;0.954755784061697;0.0529325272727273
27;Y ~ X1 + X2 + X3 + X1:X2 + X1:X3 + X2:X3;0.5;1;1;1;1;0.255272727272727;0.931267806267806;0.944964028776978;41;386;14.5492227979275;14.7534922390252;2;0.929558011049724;0.950389105058366;0.107050718181818
28;Y ~ X1 + X2 + X3 + X1:X2 + X1:X3 + X2:X3;0.5;1;1;1;1;0.228454545454545;0.918391719745223;0.936461026967122;139;411;12.1990291262136;12.8368447999756;9;0.907590759075908;0.944788196097097;-0.1108045
29;Y ~ X1 + X2 + X3 + X1:X2 + X1:X3 + X2:X3;0.5;1;1;1;1;0.306636363636364;0.926474948117403;0.901669758812616;43;496;13.6008064516129;14.212596317487;2;0.922235722964763;0.892628205128205;0.0901621636363636
30;Y ~ X1 + X2 + X3 + X1:X2 + X1:X3 + X2:X3;0.5;1;1;1;1;0.272454545454545;0.926926926926927;0.935437589670014;14;438;13.6849315068493;14.0427362584265;3;0.912162162162162;0.94384765625;0.0509537818181818
31;Y ~ X1 + X2 + X3 + X1:X2 + X1:X3 + X2:X3;0.5;1;1;1;1;0.315;0.93015873015873;0.925278810408922;24;484;14.2592592592593;12.8530580769082;3;0.927990708478513;0.924002186987425;0.0929424454545455
32;Y ~ X1 + X2 + X3 + X1:X2 + X1:X3 + X2:X3;0.5;1;1;1;1;0.275363636363636;0.92175635523275;0.927018061186878;43;474;12.7805907172996;12.163537954961;4;0.915119363395225;0.9315977539561;0.0977454454545455
33;Y ~ X1 + X2 + X3 + X1:X2 + X1:X3 + X2:X3;0.5;1;1;1;1;0.246818181818182;0.924861878453039;0.954131780123771;9;408;13.3088235294118;13.9689211895633;3;0.924499229583975;0.963298379408961;-0.0462265454545455
34;Y ~ X1 + X2 + X3 + X1:X2 + X1:X3 + X2:X3;0.5;1;1;1;1;0.310272727272727;0.923820685613829;0.931851311953353;17;520;13.1269230769231;11.8211922025904;2;0.921146953405018;0.936549554273728;-0.0273627818181818
35;Y ~ X1 + X2 + X3 + X1:X2 + X1:X3 + X2:X3;0.5;1;1;1;1;0.259454545454545;0.916608269096006;0.940100430416069;5;476;11.9915966386555;11.8553132515471;2;0.915208613728129;0.949144254278729;-0.0883471090909091
36;Y ~ X1 + X2 + X3 + X1:X2 + X1:X3 + X2:X3;0.5;1;1;1;1;0.295818181818182;0.92901044867855;0.916814788482048;6;462;14.0865800865801;14.9687018981009;2;0.919143876337693;0.915821501014199;-0.122667709090909
37;Y ~ X1 + X2 + X3 + X1:X2 + X1:X3 + X2:X3;0.5;1;1;1;1;0.261909090909091;0.938910100659493;0.963881794965341;95;352;16.3693181818182;15.4788324251784;2;0.942090395480226;0.971470732907034;0.0616718272727273
38;Y ~ X1 + X2 + X3 + X1:X2 + X1:X3 + X2:X3;0.5;1;1;1;1;0.247181818181818;0.934510669610007;0.970014992503748;87;357;15.1899441340782;15.5670968729896;5;0.945007235890014;0.978755690440061;0.0817592272727273
39;Y ~ X1 + X2 + X3 + X1:X2 + X1:X3 + X2:X3;0.5;1;1;1;1;0.284454545454545;0.912751677852349;0.877909058360186;23;546;11.4615384615385;11.148042256551;2;0.916464891041162;0.861718352821556;0.0911837181818182
40;Y ~ X1 + X2 + X3 + X1:X2 + X1:X3 + X2:X3;0.5;1;1;1;1;0.300727272727273;0.926844014510278;0.929429429429429;33;484;13.6694214876033;12.2744469784423;4;0.907635467980296;0.938984881209503;-0.105230563636364
41;Y ~ X1 + X2 + X3 + X1:X2 + X1:X3 + X2:X3;0.5;1;1;1;1;0.228090909090909;0.928258270227182;0.963458755426918;51;360;13.9388888888889;14.4354327759484;4;0.938610662358643;0.970629370629371;0.0589558363636364
42;Y ~ X1 + X2 + X3 + X1:X2 + X1:X3 + X2:X3;0.5;1;1;1;1;0.278818181818182;0.908705575480926;0.868544600938967;65;560;10.9535714285714;11.7229665267981;10;0.89851150202977;0.857635467980296;-0.0648537272727273
43;Y ~ X1 + X2 + X3 + X1:X2 + X1:X3 + X2:X3;0.5;1;1;1;1;0.270545454545455;0.909274193548387;0.899497487437186;180;540;11.0222222222222;10.9723997549151;13;0.913888888888889;0.894482090997096;0.133895672727273
44;Y ~ X1 + X2 + X3 + X1:X2 + X1:X3 + X2:X3;0.5;1;1;1;1;0.222909090909091;0.927814029363785;0.963203463203463;1;354;13.8531073446328;15.1620378200864;1;0.92259083728278;0.975222066386162;0.0663923909090909
45;Y ~ X1 + X2 + X3 + X1:X2 + X1:X3 + X2:X3;0.5;1;1;1;1;0.173454545454545;0.867924528301887;0.847342630983792;37;504;7.57142857142857;7.20936594393728;5;0.856846473029046;0.845232611699678;0.0724084454545455
46;Y ~ X1 + X2 + X3 + X1:X2 + X1:X3 + X2:X3;0.5;1;1;1;1;0.247454545454545;0.904849375459221;0.907473309608541;11;518;10.4692307692308;10.5900721786789;3;0.897988505747126;0.910596026490066;-0.0569466818181818
47;Y ~ X1 + X2 + X3 + X1:X2 + X1:X3 + X2:X3;0.5;1;1;1;1;0.239090909090909;0.909505703422053;0.936612021857923;4;476;11.0504201680672;11.3786748054878;2;0.901612903225806;0.946823529411765;-0.132637663636364
48;Y ~ X1 + X2 + X3 + X1:X2 + X1:X3 + X2:X3;0.5;1;1;1;1;0.267727272727273;0.930730050933786;0.950254175744372;1;408;14.4362745098039;15.2037348873643;1;0.926694329183956;0.95864106351551;-0.0773828818181818
49;Y ~ X1 + X2 + X3 + X1:X2 + X1:X3 + X2:X3;0.5;1;1;1;1;0.264727272727273;0.937135005152868;0.964402470032692;48;367;15.8260869565217;16.1908755897877;4;0.941813261163735;0.972691161866931;0.0147136545454545
50;Y ~ X1 + X2 + X3 + X1:X2 + X1:X3 + X2:X3;0.5;1;1;1;1;0.205909090909091;0.899337748344371;0.929956896551724;10;456;9.89082969432314;10.928850989821;2;0.897478991596639;0.938784833257195;-0.115062772727273
51;Y ~ X1 + X2 + X3 + X1:X2 + X1:X3 + X2:X3;0.5;1;1;1;1;0.241454545454545;0.942018072289157;0.973490427098675;50;308;17.2467532467532;16.1412521840604;3;0.948170731707317;0.981553398058252;-0.0979509727272727
52;Y ~ X1 + X2 + X3 + X1:X2 + X1:X3 + X2:X3;0.5;1;1;1;1;0.287636363636364;0.945006321112516;0.963524738172626;335;348;18.183908045977;18.4441219770947;7;0.935403726708074;0.975050916496945;-0.0974796181818182
53;Y ~ X1 + X2 + X3 + X1:X2 + X1:X3 + X2:X3;0.5;1;1;1;1;0.222545454545455;0.918675929709849;0.947680890538033;6;399;12.24;12.6777770192867;3;0.906200317965024;0.960309777347531;0.0836031545454546
54;Y ~ X1 + X2 + X3 + X1:X2 + X1:X3 + X2:X3;0.5;1;1;1;1;0.180454545454545;0.868447580645161;0.854767184035477;35;523;7.5763358778626;7.31658832268761;4;0.847826086956522;0.856188780053428;0.0954214454545455
55;Y ~ X1 + X2 + X3 + X1:X2 + X1:X3 + X2:X3;0.5;1;1;1;1;0.278818181818182;0.930551027062276;0.942045035068291;19;426;14.3317757009346;13.8871109095536;2;0.925575101488498;0.948223350253807;0.110715790909091
56;Y ~ X1 + X2 + X3 + X1:X2 + X1:X3 + X2:X3;0.5;1;1;1;1;0.262818181818182;0.930819785541335;0.950268336314848;145;400;14.455;13.6392124251325;6;0.927877947295423;0.958052073288332;0.0633288181818182
57;Y ~ X1 + X2 + X3 + X1:X2 + X1:X3 + X2:X3;0.5;1;1;1;1;0.225545454545455;0.928254735993551;0.962578732864024;5;356;13.938202247191;15.3129907230893;1;0.938808373590982;0.969682386910491;0.110960218181818
58;Y ~ X1 + X2 + X3 + X1:X2 + X1:X3 + X2:X3;0.5;1;1;1;1;0.276454545454545;0.930921052631579;0.941005098324836;26;421;14.4123222748815;14.083953713372;4;0.932975871313673;0.944;-0.0202817272727273
59;Y ~ X1 + X2 + X3 + X1:X2 + X1:X3 + X2:X3;0.5;1;1;1;1;0.285727272727273;0.927434754933164;0.934971098265896;5;457;13.7248908296943;13.944700955804;2;0.918491484184915;0.941932168550874;0.0781544636363636
60;Y ~ X1 + X2 + X3 + X1:X2 + X1:X3 + X2:X3;0.5;1;1;1;1;0.250454545454545;0.923774954627949;0.941744102930665;169;420;13.1190476190476;13.7437282450679;7;0.91235632183908;0.951474785918173;0.0577023454545454
61;Y ~ X1 + X2 + X3 + X1:X2 + X1:X3 + X2:X3;0.5;1;1;1;1;0.273181818181818;0.943760399334443;0.961897915168943;29;338;17.7810650887574;18.2180737391085;5;0.95693135935397;0.963707699852869;0.0506314818181818
62;Y ~ X1 + X2 + X3 + X1:X2 + X1:X3 + X2:X3;0.5;1;1;1;1;0.211363636363636;0.939354838709677;0.976310122038765;6;282;16.4893617021277;19.7008400913248;3;0.945111492281304;0.984566500226963;0.0883347909090909
63;Y ~ X1 + X2 + X3 + X1:X2 + X1:X3 + X2:X3;0.5;1;1;1;1;0.209181818181818;0.920469361147327;0.949588845191276;20;366;12.5737704918033;12.2238179721055;5;0.893728222996516;0.964012595591543;0.156787727272727
64;Y ~ X1 + X2 + X3 + X1:X2 + X1:X3 + X2:X3;0.5;1;1;1;1;0.246636363636364;0.894950239587173;0.89541547277937;1;570;9.51929824561403;9.66974806677097;1;0.872093023255814;0.903041825095057;-0.0574356727272727
65;Y ~ X1 + X2 + X3 + X1:X2 + X1:X3 + X2:X3;0.5;1;1;1;1;0.306;0.941158989598811;0.955736543909348;107;397;16.9145728643216;17.4363992522049;2;0.950762016412661;0.957889396245561;0.0369132818181818
66;Y ~ X1 + X2 + X3 + X1:X2 + X1:X3 + X2:X3;0.5;1;1;1;1;0.249636363636364;0.909686817188638;0.921777451340433;5;496;11.0725806451613;11.1868006281092;2;0.909620991253644;0.925871379479627;-0.0357368727272727
67;Y ~ X1 + X2 + X3 + X1:X2 + X1:X3 + X2:X3;0.5;1;1;1;1;0.253909090909091;0.922994269340974;0.940454709491158;14;431;12.9305555555556;12.9869269389579;2;0.911680911680912;0.95021749637506;-0.0818599636363636
68;Y ~ X1 + X2 + X3 + X1:X2 + X1:X3 + X2:X3;0.5;1;1;1;1;0.266363636363636;0.937883959044369;0.953652206154987;6;364;16.0989010989011;16.7279532123702;2;0.933975240715268;0.960913705583756;-0.157941227272727
69;Y ~ X1 + X2 + X3 + X1:X2 + X1:X3 + X2:X3;0.5;1;1;1;1;0.216636363636364;0.936634494334872;0.971367215461704;39;302;15.7814569536424;15.6012367200959;1;0.933786078098472;0.98140589569161;0.0504085909090909
70;Y ~ X1 + X2 + X3 + X1:X2 + X1:X3 + X2:X3;0.5;1;1;1;1;0.250454545454545;0.932849364791289;0.971788028974457;4;370;14.8918918918919;14.4474004427602;1;0.94620253164557;0.979909593169262;-0.0554415363636364
71;Y ~ X1 + X2 + X3 + X1:X2 + X1:X3 + X2:X3;0.5;1;1;1;1;0.314181818181818;0.928530092592593;0.937840785169029;25;494;13.9919028340081;13.830857424477;3;0.930681818181818;0.941207910208445;0.0367184818181818
72;Y ~ X1 + X2 + X3 + X1:X2 + X1:X3 + X2:X3;0.5;1;1;1;1;0.263818181818182;0.935906271536871;0.962057643195914;3;372;15.6021505376344;16.3770701831134;1;0.940852819807428;0.969712015888779;0.133618481818182
73;Y ~ X1 + X2 + X3 + X1:X2 + X1:X3 + X2:X3;0.5;1;1;1;1;0.230545454545455;0.936489151873767;0.965429403202329;3;323;15.6543209876543;16.4416230582852;2;0.928221859706362;0.976112412177986;0.138262681818182
74;Y ~ X1 + X2 + X3 + X1:X2 + X1:X3 + X2:X3;0.5;1;1;1;1;0.284909090909091;0.939693682195278;0.953942520265291;21;378;16.5820105820106;14.9249859823839;4;0.93112582781457;0.962736089841756;-0.0212272272727273
75;Y ~ X1 + X2 + X3 + X1:X2 + X1:X3 + X2:X3;0.5;1;1;1;1;0.285272727272727;0.919719655941383;0.915804495183732;46;503;12.452380952381;13.615146910121;2;0.918136020151133;0.914883026381284;0.0387571727272727
76;Y ~ X1 + X2 + X3 + X1:X2 + X1:X3 + X2:X3;0.5;1;1;1;1;0.248454545454545;0.930113428466886;0.966791044776119;47;382;14.3089005235602;14.320903909488;5;0.93587786259542;0.97679012345679;0.0945238909090909
77;Y ~ X1 + X2 + X3 + X1:X2 + X1:X3 + X2:X3;0.5;1;1;1;1;0.281;0.937560659980589;0.943190094683175;1;386;16.0155440414508;15.4206560212059;1;0.938608458390177;0.944858420268256;-0.121858772727273
78;Y ~ X1 + X2 + X3 + X1:X2 + X1:X3 + X2:X3;0.5;1;1;1;1;0.240909090909091;0.924905660377358;0.948180815876516;69;398;13.3165829145729;13.1015951061373;5;0.914860681114551;0.95855421686747;-0.0803597545454545
79;Y ~ X1 + X2 + X3 + X1:X2 + X1:X3 + X2:X3;0.5;1;1;1;1;0.246363636363636;0.92764857881137;0.942628903413217;9;393;13.756345177665;12.4495521943333;2;0.901146131805158;0.956712062256809;0.0684180363636364
80;Y ~ X1 + X2 + X3 + X1:X2 + X1:X3 + X2:X3;0.5;1;1;1;1;0.268818181818182;0.920554428668019;0.94119808893789;46;469;12.5829787234043;11.4113326328177;3;0.923184357541899;0.947630922693267;-0.105161045454545
81;Y ~ X1 + X2 + X3 + X1:X2 + X1:X3 + X2:X3;0.5;1;1;1;1;0.251727272727273;0.89346334416757;0.881951919626839;33;590;9.3864406779661;8.84060394455391;7;0.878321678321678;0.883204633204633;0.0421668818181818
82;Y ~ X1 + X2 + X3 + X1:X2 + X1:X3 + X2:X3;0.5;1;1;1;1;0.249909090909091;0.930131004366812;0.943600867678959;66;385;14.2435233160622;15.5639732241349;6;0.938129496402878;0.94543698696282;0.0867717727272727
83;Y ~ X1 + X2 + X3 + X1:X2 + X1:X3 + X2:X3;0.5;1;1;1;1;0.284090909090909;0.928937259923175;0.93706549579217;98;445;14.0134529147982;14.1406957984151;6;0.920212765957447;0.943462897526502;0.0503684727272727
84;Y ~ X1 + X2 + X3 + X1:X2 + X1:X3 + X2:X3;0.5;1;1;1;1;0.239454545454545;0.934295480440562;0.959791511541325;215;347;15.1379310344828;14.8671748553714;2;0.906103286384977;0.976551050317538;-0.0677272181818182
85;Y ~ X1 + X2 + X3 + X1:X2 + X1:X3 + X2:X3;0.5;1;1;1;1;0.228090909090909;0.931048226385014;0.961329960245754;14;346;14.4195402298851;14.8387037986216;3;0.924528301886792;0.972313467855467;-0.0797326909090909
86;Y ~ X1 + X2 + X3 + X1:X2 + X1:X3 + X2:X3;0.5;1;1;1;1;0.253;0.887531440891125;0.866090712742981;4;626;8.89137380191693;8.66733972533161;2;0.876944837340877;0.862385321100917;-0.00896431818181818
87;Y ~ X1 + X2 + X3 + X1:X2 + X1:X3 + X2:X3;0.5;1;1;1;1;0.247090909090909;0.895879323031641;0.882605583392985;64;566;9.60424028268551;9.86319092118434;9;0.893982808022923;0.87881679389313;-0.0887073272727273
88;Y ~ X1 + X2 + X3 + X1:X2 + X1:X3 + X2:X3;0.5;1;1;1;1;0.241727272727273;0.930775018811136;0.962580185317177;283;369;14.372972972973;13.2643000898753;9;0.945985401459854;0.967939651107968;0.0217548636363636
89;Y ~ X1 + X2 + X3 + X1:X2 + X1:X3 + X2:X3;0.5;1;1;1;1;0.263090909090909;0.918106427090532;0.924165457184325;2;474;12.210970464135;11.1293343255015;1;0.924119241192412;0.92418235877106;0.0394369636363636
90;Y ~ X1 + X2 + X3 + X1:X2 + X1:X3 + X2:X3;0.5;1;1;1;1;0.275818181818182;0.905044510385757;0.909259259259259;5;577;10.4982698961938;10.9042946965717;2;0.88659793814433;0.918399168399168;0.0785323818181818
91;Y ~ X1 + X2 + X3 + X1:X2 + X1:X3 + X2:X3;0.5;1;1;1;1;0.233727272727273;0.933463035019455;0.966702859211003;5;343;14.9476744186047;15.5921199676747;1;0.927786499215071;0.978363123236124;0.0647174272727273
92;Y ~ X1 + X2 + X3 + X1:X2 + X1:X3 + X2:X3;0.5;1;1;1;1;0.248;0.917521994134897;0.940550458715596;31;450;12.1244444444444;13.3471030088989;2;0.919762258543834;0.947368421052632;0.0583461272727273
93;Y ~ X1 + X2 + X3 + X1:X2 + X1:X3 + X2:X3;0.5;1;1;1;1;0.234909090909091;0.871467286101432;0.84966395472232;13;665;7.75975975975976;7.62817794347323;4;0.865781710914454;0.844578873894835;0.0737693454545455
94;Y ~ X1 + X2 + X3 + X1:X2 + X1:X3 + X2:X3;0.5;1;1;1;1;0.126636363636364;0.805455850681981;0.825420560747664;7;542;5.14022140221402;4.87270234048291;1;0.814917127071823;0.827064418504107;0.151013581818182
95;Y ~ X1 + X2 + X3 + X1:X2 + X1:X3 + X2:X3;0.5;1;1;1;1;0.264454545454545;0.922627235213205;0.939301972685888;31;451;12.8716814159292;12.0120825765952;4;0.917366946778711;0.947450572320499;-0.157961136363636
96;Y ~ X1 + X2 + X3 + X1:X2 + X1:X3 + X2:X3;0.5;1;1;1;1;0.255545454545455;0.917437722419929;0.934444042013763;8;465;12.0643776824034;13.018560082258;1;0.907246376811594;0.943505552873008;-0.0803337181818182
97;Y ~ X1 + X2 + X3 + X1:X2 + X1:X3 + X2:X3;0.5;1;1;1;1;0.253636363636364;0.940839010397992;0.964067553000359;4;331;16.8072289156627;18.6218886073582;2;0.935664335664336;0.973887814313346;-0.0911512818181818
98;Y ~ X1 + X2 + X3 + X1:X2 + X1:X3 + X2:X3;0.5;1;1;1;1;0.256727272727273;0.92528328611898;0.932234432234432;14;422;13.3838862559242;12.7320191069359;6;0.925816023738872;0.934338521400778;0.0924385727272727
99;Y ~ X1 + X2 + X3 + X1:X2 + X1:X3 + X2:X3;0.5;1;1;1;1;0.256272727272727;0.922312876906704;0.942385321100917;14;438;12.8721461187215;13.2696833357757;3;0.916548797736917;0.951437066402379;0.102292572727273
100;Y ~ X1 + X2 + X3 + X1:X2 + X1:X3 + X2:X3;0.5;1;1;1;1;0.218818181818182;0.927325581395349;0.966356478167502;102;349;13.7542857142857;13.3068201089573;2;0.934065934065934;0.975892443208159;-0.00742194545454545
1;Y ~ X1 + X2 + X3 + X1:X2 + X1:X3 + X2:X3;0.5;300;1;1;1;0.374;0.953318745441284;0.946184222609973;130;385;21.3160621761658;100.630401516703;4;0.953128834355828;0.942031112415615;0.123589536363636
2;Y ~ X1 + X2 + X3 + X1:X2 + X1:X3 + X2:X3;0.5;300;1;1;1;0.297090909090909;0.95563035495716;0.951389525818582;5213;290;22.5379310344828;81.6901344418902;235;0.956159308428527;0.94937369519833;-0.117677927272727
3;Y ~ X1 + X2 + X3 + X1:X2 + X1:X3 + X2:X3;0.5;300;1;1;1;0.429909090909091;0.916684288433073;0.896288811317288;3533;788;12.002538071066;53.4675235537119;287;0.916292974588939;0.88118652265033;0.0934792909090909
4;Y ~ X1 + X2 + X3 + X1:X2 + X1:X3 + X2:X3;0.5;300;1;1;1;0.202272727272727;0.871460674157303;0.918380462724936;575;572;7.77972027972028;32.6923523638079;34;0.870513402998637;0.930502819008169;-0.079794
5;Y ~ X1 + X2 + X3 + X1:X2 + X1:X3 + X2:X3;0.5;300;1;1;1;0.00636363636363636;0.214285714285714;0.975840529119971;638;110;1.27272727272727;0.525446739541008;3;0.214285714285714;0.980769230769231;-0.0789290727272727
6;Y ~ X1 + X2 + X3 + X1:X2 + X1:X3 + X2:X3;0.5;300;1;1;1;0.267818181818182;0.847929395790903;0.834618916437098;1392;896;6.57589285714286;19.1856244912822;221;0.847521367521368;0.829880728185813;0.0897111636363637
7;Y ~ X1 + X2 + X3 + X1:X2 + X1:X3 + X2:X3;0.5;300;1;1;1;0.199272727272727;0.969876768598813;0.966198218058235;322;133;32.7164179104478;97.5740287679284;2;0.970520497466605;0.965121615419917;0.102096745454545
8;Y ~ X1 + X2 + X3 + X1:X2 + X1:X3 + X2:X3;0.5;300;1;1;1;0.281909090909091;0.9061593034505;0.9313824419778;921;582;10.6563573883162;47.9756991553458;135;0.90628050764725;0.941236586612161;-0.0287382363636364
9;Y ~ X1 + X2 + X3 + X1:X2 + X1:X3 + X2:X3;0.5;300;1;1;1;0.232636363636364;0.91832747166862;0.928144813011118;166;418;12.244019138756;50.8563472243105;2;0.918278720884327;0.931137724550898;-0.0263408636363636
10;Y ~ X1 + X2 + X3 + X1:X2 + X1:X3 + X2:X3;0.5;300;1;1;1;0.528454545454545;0.921555135042147;0.87662814162539;349;912;12.7478070175439;44.2016855580109;9;0.921207913918778;0.826653696498054;0.103470645454545
11;Y ~ X1 + X2 + X3 + X1:X2 + X1:X3 + X2:X3;0.5;300;1;1;1;0.486727272727273;0.906611878968995;0.871127861016638;2748;1000;10.708;33.0752881373805;289;0.906167234203557;0.838011800464867;-0.0413171545454546
12;Y ~ X1 + X2 + X3 + X1:X2 + X1:X3 + X2:X3;0.5;300;1;1;1;0.004;0.886363636363636;0.976863753213368;267;10;8.8;6.76017751246223;18;0.886363636363636;0.977230825958702;0.120903490909091
13;Y ~ X1 + X2 + X3 + X1:X2 + X1:X3 + X2:X3;0.5;300;1;1;1;0.257727272727273;0.895201129146083;0.904416490680378;1124;595;9.51342281879195;52.8077144115912;58;0.894642857142857;0.907798788777654;-0.0633289090909091
14;Y ~ X1 + X2 + X3 + X1:X2 + X1:X3 + X2:X3;0.5;300;1;1;1;0.149545454545455;0.724620060790274;0.849141492975852;1273;906;3.63134657836645;16.2608326642558;299;0.723143032535298;0.871302094580004;0.101748127272727
15;Y ~ X1 + X2 + X3 + X1:X2 + X1:X3 + X2:X3;0.5;300;1;1;1;0.167454545454545;0.946796959826276;0.95743119266055;1298;196;18.7959183673469;59.5662949017577;75;0.947368421052632;0.959453503746144;0.121544354545455
16;Y ~ X1 + X2 + X3 + X1:X2 + X1:X3 + X2:X3;0.5;300;1;1;1;0.424818181818182;0.889150438690349;0.876684697900431;562;1036;9.02123552123552;43.7316143497464;2;0.88860103626943;0.867888446215139;-0.0571927909090909
17;Y ~ X1 + X2 + X3 + X1:X2 + X1:X3 + X2:X3;0.5;300;1;1;1;0.123181818181818;0.915867158671587;0.977971546581;7476;228;11.8859649122807;36.6822661626925;15;0.915178571428571;0.98680766411894;0.0299339
18;Y ~ X1 + X2 + X3 + X1:X2 + X1:X3 + X2:X3;0.5;300;1;1;1;0.186818181818182;0.961557177615572;0.981824857719846;7524;158;26.0126582278481;153.402645454982;15;0.961293483586477;0.986558228848978;-0.0242911545454545
19;Y ~ X1 + X2 + X3 + X1:X2 + X1:X3 + X2:X3;0.5;300;1;1;1;0.585909090909091;0.9311093871218;0.910634003119552;601;888;14.5157657657658;61.2980523193696;72;0.930910230299232;0.881975199291408;0.0733206363636364
20;Y ~ X1 + X2 + X3 + X1:X2 + X1:X3 + X2:X3;0.5;300;1;1;1;0.552363636363636;0.930052666227781;0.889357798165138;185;850;14.2964705882353;58.4206978358448;74;0.930232558139535;0.838934426229508;0.0931599090909091
21;Y ~ X1 + X2 + X3 + X1:X2 + X1:X3 + X2:X3;0.5;300;1;1;1;0.180090909090909;0.92226148409894;0.965393794749403;3877;308;12.8636363636364;41.6816550581881;16;0.922369765066394;0.974820948970457;0.0506185454545455
22;Y ~ X1 + X2 + X3 + X1:X2 + X1:X3 + X2:X3;0.5;300;1;1;1;0.342818181818182;0.946684350132626;0.949508858900211;5564;403;18.6683168316832;69.6055259296194;112;0.947340283346699;0.950643176733781;-0.0684969454545455
23;Y ~ X1 + X2 + X3 + X1:X2 + X1:X3 + X2:X3;0.5;300;1;1;1;0.403090909090909;0.937979251240415;0.859790787300422;417;550;16.1236363636364;61.0729429968021;175;0.937727272727273;0.807017543859649;-0.0894843818181818
24;Y ~ X1 + X2 + X3 + X1:X2 + X1:X3 + X2:X3;0.5;300;1;1;1;0.303272727272727;0.913069544364508;0.942584609740438;142;580;11.4639175257732;45.0728288491208;2;0.912727272727273;0.955543864264106;-0.0611708818181818
25;Y ~ X1 + X2 + X3 + X1:X2 + X1:X3 + X2:X3;0.5;300;1;1;1;0.514454545454545;0.912159773771651;0.876493291674325;1325;995;11.363453815261;53.3800242756491;98;0.912136873997505;0.838550559666097;0.0910895181818182
26;Y ~ X1 + X2 + X3 + X1:X2 + X1:X3 + X2:X3;0.5;300;1;1;1;0.596636363636364;0.930824318147189;0.916352951978698;311;908;14.4241758241758;66.2211142923373;2;0.930551278102864;0.895383215828974;0.0527537363636364
27;Y ~ X1 + X2 + X3 + X1:X2 + X1:X3 + X2:X3;0.5;300;1;1;1;0.417454545454545;0.951001742160279;0.941917103207426;122;450;20.4088888888889;72.4808589948748;20;0.950935093509351;0.935448232323232;0.105728754545455
28;Y ~ X1 + X2 + X3 + X1:X2 + X1:X3 + X2:X3;0.5;300;1;1;1;0.168;0.913914455874391;0.95493345571363;1846;319;11.55;35.0198146965921;53;0.913783635365184;0.963191536257439;-0.109180118181818
29;Y ~ X1 + X2 + X3 + X1:X2 + X1:X3 + X2:X3;0.5;300;1;1;1;0.0384545454545455;0.793838862559242;0.900983727130643;596;175;4.80681818181818;4.69251777759008;146;0.792857142857143;0.905326575499665;0.0884713909090909
30;Y ~ X1 + X2 + X3 + X1:X2 + X1:X3 + X2:X3;0.5;300;1;1;1;0.242363636363636;0.948987246811703;0.967851566087995;923;272;19.6029411764706;80.1645788050377;17;0.948387096774194;0.974066892874455;0.0511624272727273
31;Y ~ X1 + X2 + X3 + X1:X2 + X1:X3 + X2:X3;0.5;300;1;1;1;0.263181818181818;0.909875690607735;0.910802866066507;308;521;11.0919540229885;39.6627025488027;2;0.90972464273266;0.911188723961582;0.09311
32;Y ~ X1 + X2 + X3 + X1:X2 + X1:X3 + X2:X3;0.5;300;1;1;1;0.615545454545455;0.929847880667553;0.90356355620867;162;950;14.2547368421053;53.7933649391933;49;0.930052199850858;0.861104470475735;0.0980659363636364
33;Y ~ X1 + X2 + X3 + X1:X2 + X1:X3 + X2:X3;0.5;300;1;1;1;0.00790909090909091;0.896551724137931;0.98569725864124;8793;18;9.66666666666667;10.2713192920871;50;0.896551724137931;0.98641404805915;-0.0531496454545455
34;Y ~ X1 + X2 + X3 + X1:X2 + X1:X3 + X2:X3;0.5;300;1;1;1;0.281909090909091;0.9061593034505;0.9313824419778;921;582;10.6563573883162;47.9756991553458;135;0.90628050764725;0.941236586612161;-0.0287382363636364
35;Y ~ X1 + X2 + X3 + X1:X2 + X1:X3 + X2:X3;0.5;300;1;1;1;0.152636363636364;0.891006551518761;0.959007352941176;4433;366;9.17486338797814;22.5103644469871;38;0.890559230306675;0.97135727460128;-0.0885391727272727
36;Y ~ X1 + X2 + X3 + X1:X2 + X1:X3 + X2:X3;0.5;300;1;1;1;0.265181818181818;0.940006856359273;0.931354530417203;128;350;16.6685714285714;77.956102337313;1;0.939750692520776;0.928321240930698;-0.122829572727273
37;Y ~ X1 + X2 + X3 + X1:X2 + X1:X3 + X2:X3;0.5;300;1;1;1;0.591272727272727;0.956334563345633;0.947687224669604;339;568;22.9014084507042;88.7394096490639;2;0.956366459627329;0.935143626570916;0.0582646
38;Y ~ X1 + X2 + X3 + X1:X2 + X1:X3 + X2:X3;0.5;300;1;1;1;0.196454545454545;0.94447015270708;0.977761440911597;418;240;18.0083333333333;58.7144486867912;5;0.944626935710934;0.985830190835333;0.0807543363636364
39;Y ~ X1 + X2 + X3 + X1:X2 + X1:X3 + X2:X3;0.5;300;1;1;1;0.316;0.855539568345324;0.825739481903362;2021;1005;6.91053677932406;19.9914809622968;348;0.855813953488372;0.811845286059629;0.0920016727272727
40;Y ~ X1 + X2 + X3 + X1:X2 + X1:X3 + X2:X3;0.5;300;1;1;1;0.509272727272727;0.94804499196572;0.898308201544685;2476;583;19.1849315068493;69.7647498525467;197;0.947948671606723;0.846902489238256;-0.108177018181818
41;Y ~ X1 + X2 + X3 + X1:X2 + X1:X3 + X2:X3;0.5;300;1;1;1;0.343818181818182;0.951084082496034;0.958333333333333;1814;370;20.4432432432432;80.9013641946453;87;0.950627168401388;0.962372359770597;0.0579781454545455
42;Y ~ X1 + X2 + X3 + X1:X2 + X1:X3 + X2:X3;0.5;300;1;1;1;0.0796363636363636;0.786529680365297;0.868846436443791;6209;374;4.68449197860963;11.5940253956482;723;0.78735632183908;0.875923337991615;-0.0668664545454545
43;Y ~ X1 + X2 + X3 + X1:X2 + X1:X3 + X2:X3;0.5;300;1;1;1;0.111636363636364;0.755700325732899;0.845355141045668;475;600;4.09333333333333;16.3708471888647;22;0.754934210526316;0.856729078307645;0.133428027272727
44;Y ~ X1 + X2 + X3 + X1:X2 + X1:X3 + X2:X3;0.5;300;1;1;1;0;NA;0.987058283616338;NA;NA;NA;NA;0;NA;0.987058283616338;0.0644829727272727
45;Y ~ X1 + X2 + X3 + X1:X2 + X1:X3 + X2:X3;0.5;300;1;1;1;0.136363636363636;0.948;0.909724770642202;281;156;19.2307692307692;90.5680375771134;3;0.948322147651007;0.903613177470776;0.0765075
46;Y ~ X1 + X2 + X3 + X1:X2 + X1:X3 + X2:X3;0.5;300;1;1;1;0.501727272727273;0.940760869565217;0.930138621132838;4;653;16.8776758409786;77.242727674719;2;0.94088579795022;0.919322158776939;-0.0564252545454546
47;Y ~ X1 + X2 + X3 + X1:X2 + X1:X3 + X2:X3;0.5;300;1;1;1;0.486636363636364;0.910891089108911;0.901458849435728;736;954;11.2222222222222;47.2752632307716;7;0.910737875070768;0.892678571428571;-0.132290436363636
48;Y ~ X1 + X2 + X3 + X1:X2 + X1:X3 + X2:X3;0.5;300;1;1;1;0.235363636363636;0.929702587871765;0.964302101495825;873;364;14.2252747252747;79.964901269288;14;0.929489676665368;0.975030012004802;-0.0779044818181818
49;Y ~ X1 + X2 + X3 + X1:X2 + X1:X3 + X2:X3;0.5;300;1;1;1;0.241909090909091;0.904922961292747;0.948923246824959;592;506;10.5177865612648;27.3821551467023;17;0.904291682491455;0.963196890562371;0.0173954181818182
50;Y ~ X1 + X2 + X3 + X1:X2 + X1:X3 + X2:X3;0.5;300;1;1;1;0.0597272727272727;0.820668693009118;0.955529066568861;6;235;5.56779661016949;27.2834061880704;2;0.820826952526799;0.964108065931922;-0.1153698
51;Y ~ X1 + X2 + X3 + X1:X2 + X1:X3 + X2:X3;0.5;300;1;1;1;0.326636363636364;0.914834400222655;0.938027910392949;1;612;11.7418300653595;52.3772133090042;1;0.915168539325843;0.949127114020731;-0.0969141545454545
52;Y ~ X1 + X2 + X3 + X1:X2 + X1:X3 + X2:X3;0.5;300;1;1;1;0.549272727272727;0.964746772591857;0.957824129376091;444;426;28.3661971830986;114.66562209187;6;0.964692101740295;0.949459955166089;-0.0936002
53;Y ~ X1 + X2 + X3 + X1:X2 + X1:X3 + X2:X3;0.5;300;1;1;1;0.0139090909090909;0.803921568627451;0.975162679864357;6018;60;5.1;4.23735441210587;91;0.803921568627451;0.977598066555122;0.0828899727272727
54;Y ~ X1 + X2 + X3 + X1:X2 + X1:X3 + X2:X3;0.5;300;1;1;1;0.0635454545454545;0.778254649499285;0.808627810922442;1905;310;4.50967741935484;4.5901754796769;273;0.776657060518732;0.810802862464464;0.0984189272727273
55;Y ~ X1 + X2 + X3 + X1:X2 + X1:X3 + X2:X3;0.5;300;1;1;1;0.291909090909091;0.928994082840237;0.938887869333823;12;456;14.0218340611354;53.6649323094641;2;0.928436911487759;0.943205394190871;0.111514727272727
56;Y ~ X1 + X2 + X3 + X1:X2 + X1:X3 + X2:X3;0.5;300;1;1;1;0.873818181818182;0.950161273540735;0.91241613822259;261;959;20.025;101.124426756583;2;0.9501210144165;0.652394775036285;0.0638504636363636
57;Y ~ X1 + X2 + X3 + X1:X2 + X1:X3 + X2:X3;0.5;300;1;1;1;0.0502727272727273;0.918625678119349;0.971533516988062;8079;90;12.2888888888889;30.9857901612851;226;0.919117647058823;0.974289580514208;0.109333236363636
58;Y ~ X1 + X2 + X3 + X1:X2 + X1:X3 + X2:X3;0.5;300;1;1;1;0.0558181818181818;0.89413680781759;0.969953137921529;2080;130;9.44615384615385;22.7616939514277;50;0.893267651888342;0.974498734670041;-0.0218106090909091
59;Y ~ X1 + X2 + X3 + X1:X2 + X1:X3 + X2:X3;0.5;300;1;1;1;0.679909090909091;0.913212088793795;0.879177377892031;2630;1299;11.5061538461538;50.886539179059;24;0.912837837837838;0.807846506300115;0.0771412818181818
60;Y ~ X1 + X2 + X3 + X1:X2 + X1:X3 + X2:X3;0.5;300;1;1;1;0.358181818181818;0.970304568527919;0.977679801598236;1;234;33.6752136752137;139.850340515892;1;0.9705203793899;0.981677640996278;0.0571211727272727
61;Y ~ X1 + X2 + X3 + X1:X2 + X1:X3 + X2:X3;0.5;300;1;1;1;0.254636363636364;0.911785714285714;0.921770269029474;532;495;11.2943548387097;41.1585023559078;2;0.911658218682114;0.92520605240497;0.0524084454545454
62;Y ~ X1 + X2 + X3 + X1:X2 + X1:X3 + X2:X3;0.5;300;1;1;1;0.395454545454545;0.954712643678161;0.963766783152474;836;394;22.0812182741117;78.2450591942019;3;0.954925650557621;0.969558599695586;0.0887227454545454
63;Y ~ X1 + X2 + X3 + X1:X2 + X1:X3 + X2:X3;0.5;300;1;1;1;0.157363636363636;0.883236994219653;0.945372750642674;615;405;8.52709359605911;22.1704246159069;158;0.883003492433062;0.957052539786353;0.158227090909091
64;Y ~ X1 + X2 + X3 + X1:X2 + X1:X3 + X2:X3;0.5;300;1;1;1;0.111;0.825552825552825;0.846323326907188;368;426;5.73239436619718;25.9340370140042;1;0.825619834710744;0.848910461633791;-0.0554485090909091
65;Y ~ X1 + X2 + X3 + X1:X2 + X1:X3 + X2:X3;0.5;300;1;1;1;0.286636363636364;0.936230964467005;0.947281410727406;77;403;15.6089108910891;101.367861293832;1;0.936599423631124;0.951577591757888;0.0372767090909091
66;Y ~ X1 + X2 + X3 + X1:X2 + X1:X3 + X2:X3;0.5;300;1;1;1;0.162181818181818;0.915358744394619;0.911945643191626;3379;302;11.8145695364238;32.2172632757677;387;0.915437003405221;0.911271771278344;-0.0355516909090909
67;Y ~ X1 + X2 + X3 + X1:X2 + X1:X3 + X2:X3;0.5;300;1;1;1;0.00636363636363636;0.214285714285714;0.975840529119971;638;110;1.27272727272727;0.525446739541008;3;0.214285714285714;0.980769230769231;-0.0789290727272727
68;Y ~ X1 + X2 + X3 + X1:X2 + X1:X3 + X2:X3;0.5;300;1;1;1;0.388636363636364;0.971929824561404;0.968368937379664;3977;240;35.625;94.9315598229597;78;0.971967020023557;0.966076253377364;-0.159516981818182
69;Y ~ X1 + X2 + X3 + X1:X2 + X1:X3 + X2:X3;0.5;300;1;1;1;0.441454545454545;0.943163097199341;0.948642699926632;981;552;17.5942028985507;87.4240772062383;5;0.942607610729881;0.953404429860541;0.0493740909090909
70;Y ~ X1 + X2 + X3 + X1:X2 + X1:X3 + X2:X3;0.5;300;1;1;1;0.258272727272727;0.947905667018655;0.972541096519423;40;296;19.1959459459459;80.0270072426474;3;0.947312210751157;0.981311881188119;-0.0554673727272727
71;Y ~ X1 + X2 + X3 + X1:X2 + X1:X3 + X2:X3;0.5;300;1;1;1;0.250363636363636;0.887073347857662;0.92845991367435;1410;622;8.85530546623794;34.1844375432495;155;0.887256702166728;0.942199363213324;0.0365637090909091
72;Y ~ X1 + X2 + X3 + X1:X2 + X1:X3 + X2:X3;0.5;300;1;1;1;0;NA;0.982576799633196;NA;NA;NA;NA;0;NA;0.982576799633196;0.1329421
73;Y ~ X1 + X2 + X3 + X1:X2 + X1:X3 + X2:X3;0.5;300;1;1;1;0.196818181818182;0.944572748267898;0.973681797340669;6125;240;18.0416666666667;75.5356664415024;39;0.944651162790698;0.980810965162764;0.137654445454545
74;Y ~ X1 + X2 + X3 + X1:X2 + X1:X3 + X2:X3;0.5;300;1;1;1;0.237454545454545;0.903905053598775;0.949614537444934;78;502;10.406374501992;38.0777388929961;21;0.903823870220162;0.963885879378837;-0.0224284181818182
75;Y ~ X1 + X2 + X3 + X1:X2 + X1:X3 + X2:X3;0.5;300;1;1;1;0.400272727272727;0.848773841961853;0.862719941348974;85;1331;6.61111111111111;28.331238312638;2;0.84903934126258;0.871865443425076;0.0381163
76;Y ~ X1 + X2 + X3 + X1:X2 + X1:X3 + X2:X3;0.5;300;1;1;1;0.190181818181818;0.944072657743786;0.966274581878331;1;234;17.8803418803419;58.9308715994284;1;0.943450942484292;0.971632815159424;0.0951150545454545
77;Y ~ X1 + X2 + X3 + X1:X2 + X1:X3 + X2:X3;0.5;300;1;1;1;0.344909090909091;0.93384290985767;0.930762167125804;206;502;15.1155378486056;61.5298837769873;7;0.933510638297872;0.929312762973352;-0.121612054545455
78;Y ~ X1 + X2 + X3 + X1:X2 + X1:X3 + X2:X3;0.5;300;1;1;1;0.403363636363636;0.975208474194275;0.973720481484885;313;220;40.3363636363636;180.540385442278;47;0.97514819881441;0.972756656918578;-0.0798364272727273
79;Y ~ X1 + X2 + X3 + X1:X2 + X1:X3 + X2:X3;0.5;300;1;1;1;0.205545454545455;0.884070796460177;0.922265051395007;1420;525;8.59695817490494;38.7539349179927;198;0.883503779457537;0.932346478547473;0.0708732454545455
80;Y ~ X1 + X2 + X3 + X1:X2 + X1:X3 + X2:X3;0.5;300;1;1;1;0.204454545454545;0.939555555555556;0.969663541092113;97;271;16.5367647058824;49.0488657456706;2;0.939216569113012;0.977474875823033;-0.103728063636364
81;Y ~ X1 + X2 + X3 + X1:X2 + X1:X3 + X2:X3;0.5;300;1;1;1;0.540818181818182;0.89946200403497;0.842626559060895;582;1197;9.93155258764608;65.0173914687819;198;0.89895057549086;0.776020816653323;0.0445923
82;Y ~ X1 + X2 + X3 + X1:X2 + X1:X3 + X2:X3;0.5;300;1;1;1;0.234090909090909;0.89044289044289;0.9258647582347;20;565;9.09893992932862;31.896843353121;2;0.890502354788069;0.936654292899054;0.0883857727272727
83;Y ~ X1 + X2 + X3 + X1:X2 + X1:X3 + X2:X3;0.5;300;1;1;1;0.202636363636364;0.901301031852849;0.951922194696761;721;440;10.1318181818182;35.6176535979095;2;0.900090826521344;0.965045417960216;0.0537279727272727
84;Y ~ X1 + X2 + X3 + X1:X2 + X1:X3 + X2:X3;0.5;300;1;1;1;0.491909090909091;0.933456561922366;0.923401522796074;525;721;14.98891966759;61.3374082812681;68;0.933407946278679;0.913718411552347;-0.0670439
85;Y ~ X1 + X2 + X3 + X1:X2 + X1:X3 + X2:X3;0.5;300;1;1;1;0.148181818181818;0.922133660331085;0.966238532110092;68;253;12.8346456692913;66.7744086255662;2;0.921556516368129;0.974032970585066;-0.0789012272727273
86;Y ~ X1 + X2 + X3 + X1:X2 + X1:X3 + X2:X3;0.5;300;1;1;1;0.570545454545455;0.892606755895475;0.841631453242697;591;1348;9.31157270029674;34.6806395612283;87;0.893058463520696;0.773358990806072;-0.0101193272727273
87;Y ~ X1 + X2 + X3 + X1:X2 + X1:X3 + X2:X3;0.5;300;1;1;1;0.275909090909091;0.865853658536585;0.869817045141123;4148;815;7.43872549019608;36.9752712415192;557;0.866133866133866;0.871221742443485;-0.0914553636363636
88;Y ~ X1 + X2 + X3 + X1:X2 + X1:X3 + X2:X3;0.5;300;1;1;1;0.220909090909091;0.937037037037037;0.971252755326965;3226;306;15.8823529411765;63.1941391745009;10;0.936824605153782;0.98101862768215;0.0219160181818182
89;Y ~ X1 + X2 + X3 + X1:X2 + X1:X3 + X2:X3;0.5;300;1;1;1;0.155545454545455;0.921098772647575;0.940343781597573;3830;270;12.6740740740741;43.112111680786;219;0.921441228588305;0.943827563683867;0.0373809454545454
90;Y ~ X1 + X2 + X3 + X1:X2 + X1:X3 + X2:X3;0.5;300;1;1;1;0.141727272727273;0.82360487491982;0.895927185804909;1882;550;5.66909090909091;26.9935709615851;26;0.82235142118863;0.908135920248687;0.0811704454545454
91;Y ~ X1 + X2 + X3 + X1:X2 + X1:X3 + X2:X3;0.5;300;1;1;1;0.143454545454545;0.935994930291508;0.981449168886032;1;202;15.6237623762376;74.6883995658159;1;0.936183790682833;0.989058142029607;0.0648802363636364
92;Y ~ X1 + X2 + X3 + X1:X2 + X1:X3 + X2:X3;0.5;300;1;1;1;0.054;0.292929292929293;0.903770296303091;833;840;1.41428571428571;0.769207951614164;8;0.292929292929293;0.938973513146405;0.0629816363636364
93;Y ~ X1 + X2 + X3 + X1:X2 + X1:X3 + X2:X3;0.5;300;1;1;1;0.360363636363636;0.891523713420787;0.836133296612503;272;860;9.21860465116279;41.7375374295429;84;0.890844172404999;0.805364314400459;0.0737664818181818
94;Y ~ X1 + X2 + X3 + X1:X2 + X1:X3 + X2:X3;0.5;300;1;1;1;0.292;0.793586550435865;0.796362634334527;2;1326;4.8446455505279;21.148839486338;1;0.793775542282301;0.797430573579029;0.149351072727273
95;Y ~ X1 + X2 + X3 + X1:X2 + X1:X3 + X2:X3;0.5;300;1;1;1;0.379909090909091;0.933939684059359;0.907427835999265;943;553;15.086642599278;60.7744082467694;203;0.933591856519632;0.891439573459716;-0.158273581818182
96;Y ~ X1 + X2 + X3 + X1:X2 + X1:X3 + X2:X3;0.5;300;1;1;1;0.421090909090909;0.941049449362989;0.938021454112038;201;547;16.9051094890511;83.9377392855061;1;0.940701983867452;0.936075949367089;-0.0803928272727273
97;Y ~ X1 + X2 + X3 + X1:X2 + X1:X3 + X2:X3;0.5;300;1;1;1;0.436909090909091;0.947773616312942;0.943704656074938;1;502;19.1474103585657;68.5691926689161;1;0.947478991596639;0.940773372491434;-0.0928936727272727
98;Y ~ X1 + X2 + X3 + X1:X2 + X1:X3 + X2:X3;0.5;300;1;1;1;0.146181818181818;0.861940298507463;0.919052863436123;3703;444;7.24324324324324;17.7744624454759;94;0.862350722815839;0.928747984954326;0.0954807272727273
99;Y ~ X1 + X2 + X3 + X1:X2 + X1:X3 + X2:X3;0.5;300;1;1;1;0.371363636363636;0.915544675642595;0.934672905771172;338;690;11.8405797101449;41.5355070812933;19;0.915614946795348;0.945902595508895;0.101285890909091
100;Y ~ X1 + X2 + X3 + X1:X2 + X1:X3 + X2:X3;0.5;300;1;1;1;0.532909090909091;0.949684461879584;0.942804766269478;242;589;19.871186440678;102.720661850655;2;0.949621733149931;0.935021594032195;-0.00741336363636363
1;Y ~ X1 + X2 + X3 + X1:X2 + X1:X3 + X2:X3;0.5;1;300;1;1;0.0749090909090909;0.997572815533981;1;130;4;412;461.033621333629;19;1;1;0.124053027272727
2;Y ~ X1 + X2 + X3 + X1:X2 + X1:X3 + X2:X3;0.5;1;300;1;1;0.711454545454545;0.99961666240736;0.98;746;6;2608.66666666667;2013.30805723648;4;1;0.952380952380952;-0.115262454545455
3;Y ~ X1 + X2 + X3 + X1:X2 + X1:X3 + X2:X3;0.5;1;300;1;1;0.0916363636363636;0.999007936507937;1;7389;2;1008;NA;184;1;1;0.102222454545455
4;Y ~ X1 + X2 + X3 + X1:X2 + X1:X3 + X2:X3;0.5;1;300;1;1;0.221909090909091;0.999590163934426;1;987;3;1220.5;1482.80292014819;2;1;1;-0.0811044636363636
5;Y ~ X1 + X2 + X3 + X1:X2 + X1:X3 + X2:X3;0.5;1;300;1;1;0.38;0.999521416606844;1;699;5;1393.33333333333;1384.76074949189;3;1;1;-0.0794515545454546
6;Y ~ X1 + X2 + X3 + X1:X2 + X1:X3 + X2:X3;0.5;1;300;1;1;0.0268181818181818;0.986440677966102;0.864864864864865;953;8;73.75;55.5;74;1;0.861111111111111;0.0794076363636364
7;Y ~ X1 + X2 + X3 + X1:X2 + X1:X3 + X2:X3;0.5;1;300;1;1;0.203272727272727;0.99865831842576;1;1105;6;745.333333333333;315.025924859103;33;1;1;0.106189081818182
8;Y ~ X1 + X2 + X3 + X1:X2 + X1:X3 + X2:X3;0.5;1;300;1;1;0;NA;1;NA;NA;NA;NA;0;NA;1;-0.0245012272727273
9;Y ~ X1 + X2 + X3 + X1:X2 + X1:X3 + X2:X3;0.5;1;300;1;1;0.0568181818181818;0.9984;1;7264;2;625;NA;9;1;1;-0.0251822909090909
10;Y ~ X1 + X2 + X3 + X1:X2 + X1:X3 + X2:X3;0.5;1;300;1;1;0.0995454545454545;0.99634703196347;0.970588235294118;2529;8;273.75;290.847468615424;326;1;0.966666666666667;0.0934107636363636
11;Y ~ X1 + X2 + X3 + X1:X2 + X1:X3 + X2:X3;0.5;1;300;1;1;0.0491818181818182;0.992606284658041;0.942857142857143;3445;8;135.25;82.3706055985184;296;1;0.939393939393939;-0.0308244
12;Y ~ X1 + X2 + X3 + X1:X2 + X1:X3 + X2:X3;0.5;1;300;1;1;0.0677272727272727;0.997315436241611;0.896551724137931;1090;4;372.5;62.9325035256027;34;1;0.884615384615385;0.0985824636363636
13;Y ~ X1 + X2 + X3 + X1:X2 + X1:X3 + X2:X3;0.5;1;300;1;1;0.148545454545455;0.997552019583843;1;496;8;408.5;473.957452380134;8;1;1;-0.0664136
14;Y ~ X1 + X2 + X3 + X1:X2 + X1:X3 + X2:X3;0.5;1;300;1;1;0.140545454545455;0.998059508408797;1;287;6;515.333333333333;213.846518169769;2;1;1;0.105648463636364
15;Y ~ X1 + X2 + X3 + X1:X2 + X1:X3 + X2:X3;0.5;1;300;1;1;0.0273636363636364;0.990033222591362;1;3038;6;100.333333333333;104.006410058868;4;NA;1;0.122329545454545
16;Y ~ X1 + X2 + X3 + X1:X2 + X1:X3 + X2:X3;0.5;1;300;1;1;0.0274545454545455;0.986754966887417;1;4872;8;75.5;72.8491592264454;5;1;1;-0.0542567090909091
17;Y ~ X1 + X2 + X3 + X1:X2 + X1:X3 + X2:X3;0.5;1;300;1;1;0.188545454545455;0.999035214664737;1;8277;5;691.333333333333;995.734067576948;1;1;1;0.0283384
18;Y ~ X1 + X2 + X3 + X1:X2 + X1:X3 + X2:X3;0.5;1;300;1;1;0.264181818181818;0.999311768754301;1;7302;4;1453;1333.60338931783;6;1;1;-0.0215472727272727
19;Y ~ X1 + X2 + X3 + X1:X2 + X1:X3 + X2:X3;0.5;1;300;1;1;0.153454545454545;0.998222748815166;0.972222222222222;507;6;562.666666666667;219.276841762493;67;1;0.964285714285714;0.0854038272727273
20;Y ~ X1 + X2 + X3 + X1:X2 + X1:X3 + X2:X3;0.5;1;300;1;1;0.149363636363636;0.997565429093122;1;858;8;410.75;404.133125756023;3;1;1;0.0918046090909091
21;Y ~ X1 + X2 + X3 + X1:X2 + X1:X3 + X2:X3;0.5;1;300;1;1;0.274818181818182;0.99900760833609;1;1615;6;1007.66666666667;1593.84137646547;191;1;1;0.0512753363636364
22;Y ~ X1 + X2 + X3 + X1:X2 + X1:X3 + X2:X3;0.5;1;300;1;1;0.0553636363636364;0.990147783251232;0.939393939393939;1463;12;101.5;106.981774148684;193;NA;0.939393939393939;-0.0575186727272727
23;Y ~ X1 + X2 + X3 + X1:X2 + X1:X3 + X2:X3;0.5;1;300;1;1;0.0758181818181818;0.996402877697842;1;2528;6;278;321.342496411539;19;1;1;-0.1008315
24;Y ~ X1 + X2 + X3 + X1:X2 + X1:X3 + X2:X3;0.5;1;300;1;1;0.106636363636364;0.998294970161978;0.971428571428571;7944;4;391;410.296234445309;107;1;0.96969696969697;-0.0521443545454545
25;Y ~ X1 + X2 + X3 + X1:X2 + X1:X3 + X2:X3;0.5;1;300;1;1;0.328454545454545;0.998892580287929;1;1687;9;722.6;470.759280312136;5;1;1;0.0897873545454545
26;Y ~ X1 + X2 + X3 + X1:X2 + X1:X3 + X2:X3;0.5;1;300;1;1;0.416;0.999344405594406;1;4501;6;1144;542.406366727629;3;1;1;0.0540968545454545
27;Y ~ X1 + X2 + X3 + X1:X2 + X1:X3 + X2:X3;0.5;1;300;1;1;0.177454545454545;0.997949769349052;0.9;206;9;390.4;386.458665318815;25;1;0.883720930232558;0.106368290909091
28;Y ~ X1 + X2 + X3 + X1:X2 + X1:X3 + X2:X3;0.5;1;300;1;1;0.0538181818181818;0.998310810810811;0.975;4261;2;592;NA;72;1;0.972222222222222;-0.109792327272727
29;Y ~ X1 + X2 + X3 + X1:X2 + X1:X3 + X2:X3;0.5;1;300;1;1;0.000454545454545455;0.8;0.878787878787879;8416;2;5;NA;1386;NA;0.878787878787879;0.0731208272727273
30;Y ~ X1 + X2 + X3 + X1:X2 + X1:X3 + X2:X3;0.5;1;300;1;1;0.0194545454545455;0.995327102803738;1;1778;2;214;NA;43;NA;1;0.0511894545454546
31;Y ~ X1 + X2 + X3 + X1:X2 + X1:X3 + X2:X3;0.5;1;300;1;1;0.235181818181818;0.996908809891808;0.966666666666667;2850;15;323.375;250.308916284316;325;1;0.96;0.0847214818181818
32;Y ~ X1 + X2 + X3 + X1:X2 + X1:X3 + X2:X3;0.5;1;300;1;1;0.033;0.991735537190083;0.837837837837838;1239;6;121;110.394746251803;127;1;0.833333333333333;0.118051427272727
33;Y ~ X1 + X2 + X3 + X1:X2 + X1:X3 + X2:X3;0.5;1;300;1;1;0.142818181818182;0.999363057324841;1;1941;3;785.5;256.679761570717;3;1;1;-0.0479054909090909
34;Y ~ X1 + X2 + X3 + X1:X2 + X1:X3 + X2:X3;0.5;1;300;1;1;0;NA;1;NA;NA;NA;NA;0;NA;1;-0.0245012272727273
35;Y ~ X1 + X2 + X3 + X1:X2 + X1:X3 + X2:X3;0.5;1;300;1;1;0.0959090909090909;0.999052132701422;0.971428571428571;9240;2;1055;NA;227;1;0.970588235294118;-0.0896642363636364
36;Y ~ X1 + X2 + X3 + X1:X2 + X1:X3 + X2:X3;0.5;1;300;1;1;0.0815454545454545;0.996655518394649;0.973684210526316;6531;6;299;372.424488990721;510;1;0.972972972972973;-0.122896554545455
37;Y ~ X1 + X2 + X3 + X1:X2 + X1:X3 + X2:X3;0.5;1;300;1;1;0.16;0.999431818181818;1;1614;2;1760;NA;2;1;1;0.0595022818181818
38;Y ~ X1 + X2 + X3 + X1:X2 + X1:X3 + X2:X3;0.5;1;300;1;1;0.221818181818182;0.999180327868852;1;416;4;1220;994.192134348286;17;1;1;0.0816551545454546
39;Y ~ X1 + X2 + X3 + X1:X2 + X1:X3 + X2:X3;0.5;1;300;1;1;0.0104545454545455;0.965217391304348;0.878787878787879;1445;8;28.75;34.5964834436488;154;NA;0.878787878787879;0.0671869909090909
40;Y ~ X1 + X2 + X3 + X1:X2 + X1:X3 + X2:X3;0.5;1;300;1;1;0.262454545454545;0.99861447869761;1;6552;8;721.75;1308.47911077454;188;1;1;-0.110312918181818
41;Y ~ X1 + X2 + X3 + X1:X2 + X1:X3 + X2:X3;0.5;1;300;1;1;0.464181818181818;0.999412455934195;1;181;6;1702;1385.56089725425;8;1;1;0.0588788545454546
42;Y ~ X1 + X2 + X3 + X1:X2 + X1:X3 + X2:X3;0.5;1;300;1;1;0.0102727272727273;0.955752212389381;0.842105263157895;302;10;22.6;30.2291250286872;35;NA;0.842105263157895;-0.0738106454545455
43;Y ~ X1 + X2 + X3 + X1:X2 + X1:X3 + X2:X3;0.5;1;300;1;1;0.202818181818182;0.998655311519498;1;554;6;743.666666666667;388.865443737719;2;1;1;0.130341836363636
44;Y ~ X1 + X2 + X3 + X1:X2 + X1:X3 + X2:X3;0.5;1;300;1;1;0.293090909090909;0.999379652605459;1;441;4;1612;288.499566724111;1;1;1;0.0648814909090909
45;Y ~ X1 + X2 + X3 + X1:X2 + X1:X3 + X2:X3;0.5;1;300;1;1;0;NA;0.942857142857143;NA;NA;NA;NA;0;NA;0.942857142857143;0.0756076181818182
46;Y ~ X1 + X2 + X3 + X1:X2 + X1:X3 + X2:X3;0.5;1;300;1;1;0.399636363636364;0.999317716624972;1;1396;5;1465.33333333333;1467.82844138317;2;1;1;-0.0556374272727273
47;Y ~ X1 + X2 + X3 + X1:X2 + X1:X3 + X2:X3;0.5;1;300;1;1;0.169272727272727;0.998388829215897;0.928571428571429;2328;6;620.666666666667;695.997365895399;423;1;0.921052631578947;-0.152178563636364
48;Y ~ X1 + X2 + X3 + X1:X2 + X1:X3 + X2:X3;0.5;1;300;1;1;0.249818181818182;0.999271933017838;1;34;5;916;622.359221029142;1;1;1;-0.0785132181818182
49;Y ~ X1 + X2 + X3 + X1:X2 + X1:X3 + X2:X3;0.5;1;300;1;1;0.159454545454545;0.999429874572406;1;8980;2;1754;NA;4;1;1;0.0158267181818182
50;Y ~ X1 + X2 + X3 + X1:X2 + X1:X3 + X2:X3;0.5;1;300;1;1;0.275818181818182;0.998682042833608;1;6214;7;758.5;427.864074989554;59;1;1;-0.111124981818182
51;Y ~ X1 + X2 + X3 + X1:X2 + X1:X3 + X2:X3;0.5;1;300;1;1;0.217181818181818;0.998744244453746;1;1341;6;796.333333333333;1062.17716664092;103;1;1;-0.104193909090909
52;Y ~ X1 + X2 + X3 + X1:X2 + X1:X3 + X2:X3;0.5;1;300;1;1;0.451909090909091;0.999597585513078;1;603;5;1657;1457.48859343736;13;1;1;-0.0946265909090909
53;Y ~ X1 + X2 + X3 + X1:X2 + X1:X3 + X2:X3;0.5;1;300;1;1;0.387090909090909;0.999765092788349;1;5487;3;2129;2145.36197411999;5;1;1;0.0851189
54;Y ~ X1 + X2 + X3 + X1:X2 + X1:X3 + X2:X3;0.5;1;300;1;1;0.00263636363636364;0.96551724137931;1;4843;2;29;NA;31;NA;1;0.0946785363636364
55;Y ~ X1 + X2 + X3 + X1:X2 + X1:X3 + X2:X3;0.5;1;300;1;1;0.128;0.997870830376153;1;1126;5;469.333333333333;283.065952267901;2;1;1;0.104367872727273
56;Y ~ X1 + X2 + X3 + X1:X2 + X1:X3 + X2:X3;0.5;1;300;1;1;0.151909090909091;0.998204667863555;0.95;1684;6;557;360.151357070885;8;1;0.939393939393939;0.0762342727272727
57;Y ~ X1 + X2 + X3 + X1:X2 + X1:X3 + X2:X3;0.5;1;300;1;1;0.578454545454545;0.999371365707999;1;1179;8;1590.75;1127.59164446473;37;1;1;0.111134027272727
58;Y ~ X1 + X2 + X3 + X1:X2 + X1:X3 + X2:X3;0.5;1;300;1;1;0.310363636363636;1;1;7587;1;3414;NA;5;1;1;-0.0223067909090909
59;Y ~ X1 + X2 + X3 + X1:X2 + X1:X3 + X2:X3;0.5;1;300;1;1;0.357545454545455;0.999237223493516;1;2349;6;1311;723.616611196841;31;1;1;0.0719243272727273
60;Y ~ X1 + X2 + X3 + X1:X2 + X1:X3 + X2:X3;0.5;1;300;1;1;0.133727272727273;0.999320190346703;1;4627;2;1471;NA;8;1;1;0.0664903636363636
61;Y ~ X1 + X2 + X3 + X1:X2 + X1:X3 + X2:X3;0.5;1;300;1;1;0.365636363636364;0.999254102436599;1;1619;6;1340.66666666667;698.751982704402;10;1;1;0.0491320454545454
62;Y ~ X1 + X2 + X3 + X1:X2 + X1:X3 + X2:X3;0.5;1;300;1;1;0.175818181818182;0.999482936918304;1;6010;2;1934;NA;5;1;1;0.0881250363636363
63;Y ~ X1 + X2 + X3 + X1:X2 + X1:X3 + X2:X3;0.5;1;300;1;1;0.128181818181818;0.997872340425532;0.891891891891892;4306;6;470;720.544238752903;356;NA;0.891891891891892;0.166042818181818
64;Y ~ X1 + X2 + X3 + X1:X2 + X1:X3 + X2:X3;0.5;1;300;1;1;0.413818181818182;0.999121265377856;1;1139;8;1138;617.257374736557;1;1;1;-0.0602491181818182
65;Y ~ X1 + X2 + X3 + X1:X2 + X1:X3 + X2:X3;0.5;1;300;1;1;0.334818181818182;0.999185225420967;1;298;7;920.75;642.639543860579;1;1;1;0.0354676454545455
66;Y ~ X1 + X2 + X3 + X1:X2 + X1:X3 + X2:X3;0.5;1;300;1;1;0.0623636363636364;0.995620437956204;1;1050;7;171.5;204.036761393627;187;1;1;-0.0312207363636364
67;Y ~ X1 + X2 + X3 + X1:X2 + X1:X3 + X2:X3;0.5;1;300;1;1;0.38;0.999521416606844;1;699;5;1393.33333333333;1384.76074949189;3;1;1;-0.0794515545454546
68;Y ~ X1 + X2 + X3 + X1:X2 + X1:X3 + X2:X3;0.5;1;300;1;1;0.014;0.987012987012987;0.764705882352941;1359;4;77;93.3380951166243;376;NA;0.764705882352941;-0.159143518181818
69;Y ~ X1 + X2 + X3 + X1:X2 + X1:X3 + X2:X3;0.5;1;300;1;1;0.494272727272727;0.999632082413539;0.973684210526316;1281;5;1812.33333333333;1662.25820296768;93;1;0.96;0.0376164727272727
70;Y ~ X1 + X2 + X3 + X1:X2 + X1:X3 + X2:X3;0.5;1;300;1;1;0.0149090909090909;0.99390243902439;1;8130;2;164;NA;2;1;1;-0.0551002363636364
71;Y ~ X1 + X2 + X3 + X1:X2 + X1:X3 + X2:X3;0.5;1;300;1;1;0.145909090909091;0.998130841121495;0.974358974358974;353;6;535;374.196472457986;4;1;0.967741935483871;0.0279688363636364
72;Y ~ X1 + X2 + X3 + X1:X2 + X1:X3 + X2:X3;0.5;1;300;1;1;0.318181818181818;0.999428571428571;0.891891891891892;1492;4;1750;2382.94985259867;346;1;0.826086956521739;0.160379872727273
73;Y ~ X1 + X2 + X3 + X1:X2 + X1:X3 + X2:X3;0.5;1;300;1;1;0;NA;0.829268292682927;NA;NA;NA;NA;0;NA;0.829268292682927;0.139513509090909
74;Y ~ X1 + X2 + X3 + X1:X2 + X1:X3 + X2:X3;0.5;1;300;1;1;0.286545454545455;0.999682741116751;1;237;2;3152;NA;15;1;1;-0.0204221909090909
75;Y ~ X1 + X2 + X3 + X1:X2 + X1:X3 + X2:X3;0.5;1;300;1;1;0.695818181818182;0.999608048079436;1;242;6;1913.5;2819.24629407696;2;1;1;0.0378314727272727
76;Y ~ X1 + X2 + X3 + X1:X2 + X1:X3 + X2:X3;0.5;1;300;1;1;0.114636363636364;0.998412698412698;1;334;5;420.333333333333;396.071121559416;53;1;1;0.0951481454545454
77;Y ~ X1 + X2 + X3 + X1:X2 + X1:X3 + X2:X3;0.5;1;300;1;1;0.0539090909090909;0.993254637436762;0.9;1746;8;148.25;95.2063548299167;175;1;0.897435897435897;-0.119407954545455
78;Y ~ X1 + X2 + X3 + X1:X2 + X1:X3 + X2:X3;0.5;1;300;1;1;0.190272727272727;0.999043977055449;0.842105263157895;3360;5;697.666666666667;346.192624608517;171;1;0.8125;-0.0887729454545455
79;Y ~ X1 + X2 + X3 + X1:X2 + X1:X3 + X2:X3;0.5;1;300;1;1;0.453363636363636;0.999799438427597;1;2531;3;2493.5;2540.63466480327;22;1;1;0.0694678909090909
80;Y ~ X1 + X2 + X3 + X1:X2 + X1:X3 + X2:X3;0.5;1;300;1;1;0.280090909090909;0.999026606099935;1;5794;5;1027;1318.72817517485;2;1;1;-0.103600036363636
81;Y ~ X1 + X2 + X3 + X1:X2 + X1:X3 + X2:X3;0.5;1;300;1;1;0.535909090909091;0.999660671869698;1;3313;5;1965;2025.93262474348;6;1;1;0.0419252090909091
82;Y ~ X1 + X2 + X3 + X1:X2 + X1:X3 + X2:X3;0.5;1;300;1;1;0.0253636363636364;0.992805755395683;0.853658536585366;1108;5;93;92.5040539652182;190;NA;0.853658536585366;0.0975959909090909
83;Y ~ X1 + X2 + X3 + X1:X2 + X1:X3 + X2:X3;0.5;1;300;1;1;0.301909090909091;0.999096657633243;1;2993;6;1107;917.08014916909;10;1;1;0.0496253454545455
84;Y ~ X1 + X2 + X3 + X1:X2 + X1:X3 + X2:X3;0.5;1;300;1;1;0.697272727272727;0.999608865710561;1;1747;6;2556.66666666667;1460.94296032848;51;1;1;-0.0719643090909091
85;Y ~ X1 + X2 + X3 + X1:X2 + X1:X3 + X2:X3;0.5;1;300;1;1;0.00481818181818182;0.981481481481482;1;NA;1;53;NA;0;NA;1;-0.0762736454545455
86;Y ~ X1 + X2 + X3 + X1:X2 + X1:X3 + X2:X3;0.5;1;300;1;1;0.0128181818181818;0.985815602836879;0.9375;1317;4;70.5;70.0035713374682;42;NA;0.9375;-0.00880818181818182
87;Y ~ X1 + X2 + X3 + X1:X2 + X1:X3 + X2:X3;0.5;1;300;1;1;0.133363636363636;0.996591683708248;1;2732;10;293.4;231.314288361095;3;1;1;-0.0910600272727273
88;Y ~ X1 + X2 + X3 + X1:X2 + X1:X3 + X2:X3;0.5;1;300;1;1;0.258636363636364;0.999297012302285;1;3695;4;1422.5;1072.68098705999;2;1;1;0.0221334
89;Y ~ X1 + X2 + X3 + X1:X2 + X1:X3 + X2:X3;0.5;1;300;1;1;0.349909090909091;0.998960769030917;1;475;8;962.25;868.831159278564;2;1;1;0.0384568818181818
90;Y ~ X1 + X2 + X3 + X1:X2 + X1:X3 + X2:X3;0.5;1;300;1;1;0.517090909090909;0.999472573839662;1;347;6;1896;1124.1009741122;7;1;1;0.0777112454545454
91;Y ~ X1 + X2 + X3 + X1:X2 + X1:X3 + X2:X3;0.5;1;300;1;1;0.377181818181818;0.999276934201012;1;1;6;1383;684.513695991541;1;1;1;0.0644268454545455
92;Y ~ X1 + X2 + X3 + X1:X2 + X1:X3 + X2:X3;0.5;1;300;1;1;0.102272727272727;0.998222222222222;0.977777777777778;272;4;562.5;33.2340187157677;4;1;0.974358974358974;0.0630946090909091
93;Y ~ X1 + X2 + X3 + X1:X2 + X1:X3 + X2:X3;0.5;1;300;1;1;0.317;0.998566102667049;1;162;10;697.4;665.83278681663;2;1;1;0.0721917909090909
94;Y ~ X1 + X2 + X3 + X1:X2 + X1:X3 + X2:X3;0.5;1;300;1;1;0;NA;0.857142857142857;NA;NA;NA;NA;0;NA;0.857142857142857;0.1552027
95;Y ~ X1 + X2 + X3 + X1:X2 + X1:X3 + X2:X3;0.5;1;300;1;1;0.457454545454545;0.999602543720191;1;2009;4;2516;2382.94985259867;19;1;1;-0.157100509090909
96;Y ~ X1 + X2 + X3 + X1:X2 + X1:X3 + X2:X3;0.5;1;300;1;1;0.234636363636364;0.998837659821775;1;1422;6;860.333333333333;347.928632528761;1;1;1;-0.0808430090909091
97;Y ~ X1 + X2 + X3 + X1:X2 + X1:X3 + X2:X3;0.5;1;300;1;1;0.327727272727273;0.999722607489598;1;4131;2;3605;NA;240;1;1;-0.101781209090909
98;Y ~ X1 + X2 + X3 + X1:X2 + X1:X3 + X2:X3;0.5;1;300;1;1;0.352363636363636;0.998709677419355;1;779;11;646;398.915529905768;21;1;1;0.101005027272727
99;Y ~ X1 + X2 + X3 + X1:X2 + X1:X3 + X2:X3;0.5;1;300;1;1;0.295;0.998767334360555;1;747;8;811.25;237.456487242049;20;1;1;0.100580527272727
100;Y ~ X1 + X2 + X3 + X1:X2 + X1:X3 + X2:X3;0.5;1;300;1;1;0.531181818181818;0.999828855040219;1;10444;2;2921.5;3343.90796823118;2;1;1;-0.00783829090909091
1;Y ~ X1 + X2 + X3 + X1:X2 + X1:X3 + X2:X3;0.5;1;1;300;1;0.00172727272727273;0.842105263157895;1;3020;6;6.33333333333333;9.23760430703401;3;NA;1;0.122925154545455
2;Y ~ X1 + X2 + X3 + X1:X2 + X1:X3 + X2:X3;0.5;1;1;300;1;0.00172727272727273;0.947368421052632;1;4901;2;19;NA;4;NA;1;-0.118486845454545
3;Y ~ X1 + X2 + X3 + X1:X2 + X1:X3 + X2:X3;0.5;1;1;300;1;0.000818181818181818;0.666666666666667;1;4840;6;3;2.64575131106459;6;NA;1;0.0997209090909091
4;Y ~ X1 + X2 + X3 + X1:X2 + X1:X3 + X2:X3;0.5;1;1;300;1;0.00181818181818182;0.8;1;988;8;5;4.08248290463863;3;NA;1;-0.0819511272727273
5;Y ~ X1 + X2 + X3 + X1:X2 + X1:X3 + X2:X3;0.5;1;1;300;1;0.000181818181818182;0.5;1;142;2;2;NA;3;NA;1;-0.0781154636363636
6;Y ~ X1 + X2 + X3 + X1:X2 + X1:X3 + X2:X3;0.5;1;1;300;1;0.00190909090909091;0.904761904761905;0.972972972972973;4;4;10.5;3.53553390593274;2;NA;0.972972972972973;0.0913843272727273
7;Y ~ X1 + X2 + X3 + X1:X2 + X1:X3 + X2:X3;0.5;1;1;300;1;0.00527272727272727;0.931034482758621;1;41;8;14.5;3.41565025531987;2;NA;1;0.100626036363636
8;Y ~ X1 + X2 + X3 + X1:X2 + X1:X3 + X2:X3;0.5;1;1;300;1;0.00163636363636364;0.777777777777778;1;654;8;4.5;5.06622805119022;1;NA;1;-0.0252821727272727
9;Y ~ X1 + X2 + X3 + X1:X2 + X1:X3 + X2:X3;0.5;1;1;300;1;0.00118181818181818;0.769230769230769;1;4008;6;4.33333333333333;4.93288286231625;5;NA;1;-0.0278652
10;Y ~ X1 + X2 + X3 + X1:X2 + X1:X3 + X2:X3;0.5;1;1;300;1;0.00354545454545455;0.897435897435897;1;1376;8;9.75;6.70198975429437;2;NA;1;0.104521554545455
11;Y ~ X1 + X2 + X3 + X1:X2 + X1:X3 + X2:X3;0.5;1;1;300;1;0.00127272727272727;0.857142857142857;1;1317;4;7;1.4142135623731;4;NA;1;-0.0446652181818182
12;Y ~ X1 + X2 + X3 + X1:X2 + X1:X3 + X2:X3;0.5;1;1;300;1;0.000454545454545455;0.8;1;1555;2;5;NA;2;NA;1;0.120073663636364
13;Y ~ X1 + X2 + X3 + X1:X2 + X1:X3 + X2:X3;0.5;1;1;300;1;0.00190909090909091;0.857142857142857;1;6417;6;7;5.56776436283002;4;NA;1;-0.0617725818181818
14;Y ~ X1 + X2 + X3 + X1:X2 + X1:X3 + X2:X3;0.5;1;1;300;1;0.002;0.772727272727273;1;268;10;4.4;1.81659021245849;4;NA;1;0.0991072272727272
15;Y ~ X1 + X2 + X3 + X1:X2 + X1:X3 + X2:X3;0.5;1;1;300;1;0.00345454545454545;0.921052631578947;1;5600;6;12.6666666666667;15.1437555888007;3;NA;1;0.119499536363636
16;Y ~ X1 + X2 + X3 + X1:X2 + X1:X3 + X2:X3;0.5;1;1;300;1;0.000545454545454545;0.5;1;4565;6;2;1.73205080756888;3;NA;1;-0.0537054272727273
17;Y ~ X1 + X2 + X3 + X1:X2 + X1:X3 + X2:X3;0.5;1;1;300;1;0;NA;1;NA;NA;NA;NA;0;NA;1;0.0299354545454545
18;Y ~ X1 + X2 + X3 + X1:X2 + X1:X3 + X2:X3;0.5;1;1;300;1;0.003;0.878787878787879;1;2;8;8.25;7.88986691902975;2;NA;1;-0.0230015
19;Y ~ X1 + X2 + X3 + X1:X2 + X1:X3 + X2:X3;0.5;1;1;300;1;0;NA;1;NA;NA;NA;NA;0;NA;1;0.0733466818181818
20;Y ~ X1 + X2 + X3 + X1:X2 + X1:X3 + X2:X3;0.5;1;1;300;1;0.000909090909090909;0.9;1;5682;2;10;NA;4;NA;1;0.0929398090909091
21;Y ~ X1 + X2 + X3 + X1:X2 + X1:X3 + X2:X3;0.5;1;1;300;1;0.00136363636363636;0.733333333333333;1;788;8;3.75;2.87228132326901;2;NA;1;0.0511420272727273
22;Y ~ X1 + X2 + X3 + X1:X2 + X1:X3 + X2:X3;0.5;1;1;300;1;0.00272727272727273;0.933333333333333;1;1418;4;15;2.82842712474619;4;NA;1;-0.0697138727272727
23;Y ~ X1 + X2 + X3 + X1:X2 + X1:X3 + X2:X3;0.5;1;1;300;1;0.00181818181818182;0.75;0.966666666666667;2000;10;4;3.74165738677394;11;NA;0.966666666666667;-0.0842873181818182
24;Y ~ X1 + X2 + X3 + X1:X2 + X1:X3 + X2:X3;0.5;1;1;300;1;0.00181818181818182;0.857142857142857;1;742;5;10;2.82842712474619;2;NA;1;-0.0608256181818182
25;Y ~ X1 + X2 + X3 + X1:X2 + X1:X3 + X2:X3;0.5;1;1;300;1;0.00590909090909091;0.876923076923077;1;1798;16;8.125;6.74933859193413;2;NA;1;0.0897493181818182
26;Y ~ X1 + X2 + X3 + X1:X2 + X1:X3 + X2:X3;0.5;1;1;300;1;0.000909090909090909;0.818181818181818;1;6949;3;5;5.65685424949238;5;NA;1;0.0508161090909091
27;Y ~ X1 + X2 + X3 + X1:X2 + X1:X3 + X2:X3;0.5;1;1;300;1;0.000272727272727273;0.666666666666667;1;206;2;3;NA;3;NA;1;0.106941663636364
28;Y ~ X1 + X2 + X3 + X1:X2 + X1:X3 + X2:X3;0.5;1;1;300;1;0.00454545454545455;0.86;1;3269;14;7.14285714285714;4.7056197405716;4;NA;1;-0.110437618181818
29;Y ~ X1 + X2 + X3 + X1:X2 + X1:X3 + X2:X3;0.5;1;1;300;1;0.00172727272727273;0.736842105263158;1;1;10;3.8;3.63318042491699;1;NA;1;0.0945795909090909
30;Y ~ X1 + X2 + X3 + X1:X2 + X1:X3 + X2:X3;0.5;1;1;300;1;0.00281818181818182;0.774193548387097;1;2;14;4.42857142857143;2.37045304088641;2;NA;1;0.0509344818181818
31;Y ~ X1 + X2 + X3 + X1:X2 + X1:X3 + X2:X3;0.5;1;1;300;1;0.002;0.869565217391304;1;1147;5;7.33333333333333;6.11010092660779;5;1;1;0.0935088727272727
32;Y ~ X1 + X2 + X3 + X1:X2 + X1:X3 + X2:X3;0.5;1;1;300;1;0.001;0.727272727272727;1;4806;6;3.66666666666667;2.08166599946613;4;NA;1;0.0965981636363636
33;Y ~ X1 + X2 + X3 + X1:X2 + X1:X3 + X2:X3;0.5;1;1;300;1;0.00163636363636364;0.944444444444444;1;6516;2;18;NA;4;1;1;-0.0472407909090909
34;Y ~ X1 + X2 + X3 + X1:X2 + X1:X3 + X2:X3;0.5;1;1;300;1;0.00163636363636364;0.777777777777778;1;654;8;4.5;5.06622805119022;1;NA;1;-0.0252821727272727
35;Y ~ X1 + X2 + X3 + X1:X2 + X1:X3 + X2:X3;0.5;1;1;300;1;0.00518181818181818;0.87719298245614;1;3418;14;8.14285714285714;7.33549751615552;7;NA;1;-0.0887065636363636
36;Y ~ X1 + X2 + X3 + X1:X2 + X1:X3 + X2:X3;0.5;1;1;300;1;0.001;0.727272727272727;1;1;6;3.66666666666667;4.61880215351701;1;NA;1;-0.121724063636364
37;Y ~ X1 + X2 + X3 + X1:X2 + X1:X3 + X2:X3;0.5;1;1;300;1;0.000181818181818182;0.5;1;9202;2;2;NA;4;1;1;0.0599922090909091
38;Y ~ X1 + X2 + X3 + X1:X2 + X1:X3 + X2:X3;0.5;1;1;300;1;0.000727272727272727;0.75;1;2931;4;4;4.24264068711928;2;NA;1;0.0819281090909091
39;Y ~ X1 + X2 + X3 + X1:X2 + X1:X3 + X2:X3;0.5;1;1;300;1;0.000818181818181818;0.666666666666667;1;1446;6;3;1;6;NA;1;0.0934139909090909
40;Y ~ X1 + X2 + X3 + X1:X2 + X1:X3 + X2:X3;0.5;1;1;300;1;0.000454545454545455;0.8;1;9275;2;5;NA;7;NA;1;-0.104806345454545
41;Y ~ X1 + X2 + X3 + X1:X2 + X1:X3 + X2:X3;0.5;1;1;300;1;0.00172727272727273;0.894736842105263;1;327;4;9.5;10.6066017177982;2;NA;1;0.0622574454545455
42;Y ~ X1 + X2 + X3 + X1:X2 + X1:X3 + X2:X3;0.5;1;1;300;1;0.00463636363636364;0.803921568627451;1;3;20;5.1;4.58136321294098;2;1;1;-0.0635850909090909
43;Y ~ X1 + X2 + X3 + X1:X2 + X1:X3 + X2:X3;0.5;1;1;300;1;0.00445454545454545;0.816326530612245;1;2;18;5.44444444444444;3.50396600693811;2;NA;1;0.134408754545455
44;Y ~ X1 + X2 + X3 + X1:X2 + X1:X3 + X2:X3;0.5;1;1;300;1;0.002;0.954545454545455;1;6098;2;22;NA;2;NA;1;0.0654910545454546
45;Y ~ X1 + X2 + X3 + X1:X2 + X1:X3 + X2:X3;0.5;1;1;300;1;0.00109090909090909;0.75;1;2057;6;4;1;7;NA;1;0.0696120545454545
46;Y ~ X1 + X2 + X3 + X1:X2 + X1:X3 + X2:X3;0.5;1;1;300;1;0.00172727272727273;0.85;1;1397;5;6.33333333333333;3.51188458428425;3;NA;1;-0.0557144363636364
47;Y ~ X1 + X2 + X3 + X1:X2 + X1:X3 + X2:X3;0.5;1;1;300;1;0.00145454545454545;0.8125;1;1104;6;5.33333333333333;4.04145188432738;3;NA;1;-0.132548890909091
48;Y ~ X1 + X2 + X3 + X1:X2 + X1:X3 + X2:X3;0.5;1;1;300;1;0;NA;1;NA;NA;NA;NA;0;NA;1;-0.0772967727272727
49;Y ~ X1 + X2 + X3 + X1:X2 + X1:X3 + X2:X3;0.5;1;1;300;1;0.000727272727272727;0.625;1;6250;6;2.66666666666667;1.52752523165195;4;NA;1;0.0133476818181818
50;Y ~ X1 + X2 + X3 + X1:X2 + X1:X3 + X2:X3;0.5;1;1;300;1;0.00254545454545455;0.827586206896552;0.976190476190476;770;9;5.6;4.39317652729776;2;0;1;-0.116540109090909
51;Y ~ X1 + X2 + X3 + X1:X2 + X1:X3 + X2:X3;0.5;1;1;300;1;0.000545454545454545;0.833333333333333;1;6068;2;6;NA;4;NA;1;-0.0990989090909091
52;Y ~ X1 + X2 + X3 + X1:X2 + X1:X3 + X2:X3;0.5;1;1;300;1;0.000454545454545455;0.6;1;6026;4;2.5;2.12132034355964;5;NA;1;-0.0956020272727273
53;Y ~ X1 + X2 + X3 + X1:X2 + X1:X3 + X2:X3;0.5;1;1;300;1;0.000272727272727273;0.666666666666667;1;5991;2;3;NA;4;NA;1;0.0828202545454546
54;Y ~ X1 + X2 + X3 + X1:X2 + X1:X3 + X2:X3;0.5;1;1;300;1;0.00472727272727273;0.846153846153846;0.972972972972973;2;16;6.5;5.04267502706365;2;NA;0.972972972972973;0.0927153909090909
55;Y ~ X1 + X2 + X3 + X1:X2 + X1:X3 + X2:X3;0.5;1;1;300;1;0.00345454545454545;0.846153846153846;1;306;11;6.33333333333333;3.61478445646026;3;1;1;0.109187390909091
56;Y ~ X1 + X2 + X3 + X1:X2 + X1:X3 + X2:X3;0.5;1;1;300;1;0.00172727272727273;0.842105263157895;1;261;6;6.33333333333333;4.50924975282289;2;NA;1;0.0620789727272727
57;Y ~ X1 + X2 + X3 + X1:X2 + X1:X3 + X2:X3;0.5;1;1;300;1;0.00209090909090909;0.782608695652174;1;288;10;4.6;6.06630035524124;4;NA;1;0.111225618181818
58;Y ~ X1 + X2 + X3 + X1:X2 + X1:X3 + X2:X3;0.5;1;1;300;1;0.000636363636363636;0.714285714285714;1;2080;4;3.5;3.53553390593274;4;1;1;-0.0220963454545455
59;Y ~ X1 + X2 + X3 + X1:X2 + X1:X3 + X2:X3;0.5;1;1;300;1;0.00190909090909091;0.761904761904762;1;2832;10;4.2;3.11448230047949;4;NA;1;0.0774213636363636
60;Y ~ X1 + X2 + X3 + X1:X2 + X1:X3 + X2:X3;0.5;1;1;300;1;0;NA;1;NA;NA;NA;NA;0;NA;1;0.0574154909090909
61;Y ~ X1 + X2 + X3 + X1:X2 + X1:X3 + X2:X3;0.5;1;1;300;1;0.000818181818181818;0.666666666666667;1;137;6;3;2.64575131106459;2;NA;1;0.0526662
62;Y ~ X1 + X2 + X3 + X1:X2 + X1:X3 + X2:X3;0.5;1;1;300;1;0.000818181818181818;0.555555555555556;1;166;8;2.25;1.5;2;NA;1;0.0889391545454545
63;Y ~ X1 + X2 + X3 + X1:X2 + X1:X3 + X2:X3;0.5;1;1;300;1;9.09090909090909e-05;0;1;4685;2;1;NA;5;NA;1;0.156336127272727
64;Y ~ X1 + X2 + X3 + X1:X2 + X1:X3 + X2:X3;0.5;1;1;300;1;0.00372727272727273;0.780487804878049;1;1;18;4.55555555555556;3.12694383988229;1;NA;1;-0.0566609909090909
65;Y ~ X1 + X2 + X3 + X1:X2 + X1:X3 + X2:X3;0.5;1;1;300;1;0.00281818181818182;0.709677419354839;1;1;18;3.44444444444444;2.83333333333333;1;NA;1;0.0367313818181818
66;Y ~ X1 + X2 + X3 + X1:X2 + X1:X3 + X2:X3;0.5;1;1;300;1;0.00190909090909091;0.80952380952381;1;49;8;5.25;2.87228132326901;3;NA;1;-0.0353872545454545
67;Y ~ X1 + X2 + X3 + X1:X2 + X1:X3 + X2:X3;0.5;1;1;300;1;0.000181818181818182;0.5;1;142;2;2;NA;3;NA;1;-0.0781154636363636
68;Y ~ X1 + X2 + X3 + X1:X2 + X1:X3 + X2:X3;0.5;1;1;300;1;0.002;0.727272727272727;1;1;12;3.66666666666667;3.72379734500505;1;NA;1;-0.158230763636364
69;Y ~ X1 + X2 + X3 + X1:X2 + X1:X3 + X2:X3;0.5;1;1;300;1;0.00227272727272727;0.84;1;1770;8;6.25;8.61684396980704;1;NA;1;0.0500709545454546
70;Y ~ X1 + X2 + X3 + X1:X2 + X1:X3 + X2:X3;0.5;1;1;300;1;0.000818181818181818;0.777777777777778;1;1;4;4.5;0.707106781186548;1;NA;1;-0.0558860181818182
71;Y ~ X1 + X2 + X3 + X1:X2 + X1:X3 + X2:X3;0.5;1;1;300;1;0.00290909090909091;0.875;1;1607;8;8;6.48074069840786;3;NA;1;0.0367789181818182
72;Y ~ X1 + X2 + X3 + X1:X2 + X1:X3 + X2:X3;0.5;1;1;300;1;0.000545454545454545;0.833333333333333;1;1;2;6;NA;1;NA;1;0.133606472727273
73;Y ~ X1 + X2 + X3 + X1:X2 + X1:X3 + X2:X3;0.5;1;1;300;1;9.09090909090909e-05;0;1;144;2;1;NA;3;NA;1;0.1383927
74;Y ~ X1 + X2 + X3 + X1:X2 + X1:X3 + X2:X3;0.5;1;1;300;1;0.00272727272727273;0.866666666666667;1;1446;8;7.5;7.59385716659634;5;NA;1;-0.0180893727272727
75;Y ~ X1 + X2 + X3 + X1:X2 + X1:X3 + X2:X3;0.5;1;1;300;1;0.000454545454545455;0.5;0.976744186046512;9311;5;1.66666666666667;1.15470053837925;6;NA;0.976744186046512;0.0375657181818182
76;Y ~ X1 + X2 + X3 + X1:X2 + X1:X3 + X2:X3;0.5;1;1;300;1;9.09090909090909e-05;0;1;4087;2;1;NA;3;NA;1;0.0943961454545455
77;Y ~ X1 + X2 + X3 + X1:X2 + X1:X3 + X2:X3;0.5;1;1;300;1;0.000909090909090909;0.7;1;969;6;3.33333333333333;2.51661147842358;5;NA;1;-0.121008172727273
78;Y ~ X1 + X2 + X3 + X1:X2 + X1:X3 + X2:X3;0.5;1;1;300;1;0.00181818181818182;0.8;1;4834;8;5;3.55902608401044;3;NA;1;-0.0800863454545455
79;Y ~ X1 + X2 + X3 + X1:X2 + X1:X3 + X2:X3;0.5;1;1;300;1;0.00181818181818182;0.7;1;2;12;3.33333333333333;2.73252020425589;2;NA;1;0.0688779727272727
80;Y ~ X1 + X2 + X3 + X1:X2 + X1:X3 + X2:X3;0.5;1;1;300;1;0.00209090909090909;0.875;1;4346;5;7.66666666666667;0.577350269189626;2;NA;1;-0.104898318181818
81;Y ~ X1 + X2 + X3 + X1:X2 + X1:X3 + X2:X3;0.5;1;1;300;1;0.000636363636363636;0.428571428571429;1;605;8;1.75;0.957427107756338;4;NA;1;0.0340685
82;Y ~ X1 + X2 + X3 + X1:X2 + X1:X3 + X2:X3;0.5;1;1;300;1;0.00154545454545455;0.823529411764706;1;2119;6;5.66666666666667;4.50924975282289;5;NA;1;0.0889566272727273
83;Y ~ X1 + X2 + X3 + X1:X2 + X1:X3 + X2:X3;0.5;1;1;300;1;0.00190909090909091;0.857142857142857;1;2993;6;7;3;3;NA;1;0.0520118454545455
84;Y ~ X1 + X2 + X3 + X1:X2 + X1:X3 + X2:X3;0.5;1;1;300;1;0.000818181818181818;0.777777777777778;1;3888;4;4.5;3.53553390593274;2;NA;1;-0.0676618545454546
85;Y ~ X1 + X2 + X3 + X1:X2 + X1:X3 + X2:X3;0.5;1;1;300;1;0.00181818181818182;0.904761904761905;1;3664;3;10;11.3137084989848;2;NA;1;-0.0779140454545455
86;Y ~ X1 + X2 + X3 + X1:X2 + X1:X3 + X2:X3;0.5;1;1;300;1;0.00209090909090909;0.695652173913043;1;228;14;3.28571428571429;2.49761791275112;2;NA;1;-0.0164133090909091
87;Y ~ X1 + X2 + X3 + X1:X2 + X1:X3 + X2:X3;0.5;1;1;300;1;0.00327272727272727;0.777777777777778;1;716;16;4.5;4.0355562548073;5;1;1;-0.0890887363636364
88;Y ~ X1 + X2 + X3 + X1:X2 + X1:X3 + X2:X3;0.5;1;1;300;1;0.00163636363636364;0.833333333333333;1;2455;6;6;6.08276253029822;2;NA;1;0.0230976454545454
89;Y ~ X1 + X2 + X3 + X1:X2 + X1:X3 + X2:X3;0.5;1;1;300;1;0.00363636363636364;0.8;1;2;16;5;5.01426536422407;1;NA;1;0.0408778909090909
90;Y ~ X1 + X2 + X3 + X1:X2 + X1:X3 + X2:X3;0.5;1;1;300;1;0.000363636363636364;0.75;1;7189;2;4;NA;6;NA;1;0.0851677727272727
91;Y ~ X1 + X2 + X3 + X1:X2 + X1:X3 + X2:X3;0.5;1;1;300;1;0.00181818181818182;0.9;1;1;4;10;8.48528137423857;1;NA;1;0.0647197818181818
92;Y ~ X1 + X2 + X3 + X1:X2 + X1:X3 + X2:X3;0.5;1;1;300;1;0.00218181818181818;0.833333333333333;1;2576;8;6;7.34846922834953;2;NA;1;0.0591205545454546
93;Y ~ X1 + X2 + X3 + X1:X2 + X1:X3 + X2:X3;0.5;1;1;300;1;0.00372727272727273;0.829268292682927;1;8;14;5.85714285714286;4.8452234702014;3;1;1;0.0727610454545455
94;Y ~ X1 + X2 + X3 + X1:X2 + X1:X3 + X2:X3;0.5;1;1;300;1;0.00190909090909091;0.857142857142857;1;5948;6;7;4.58257569495584;18;NA;1;0.153115945454545
95;Y ~ X1 + X2 + X3 + X1:X2 + X1:X3 + X2:X3;0.5;1;1;300;1;0.00218181818181818;0.791666666666667;1;2009;10;4.8;2.38746727726266;2;NA;1;-0.158092109090909
96;Y ~ X1 + X2 + X3 + X1:X2 + X1:X3 + X2:X3;0.5;1;1;300;1;0.00118181818181818;0.923076923076923;1;10870;2;13;NA;4;NA;1;-0.0796554181818182
97;Y ~ X1 + X2 + X3 + X1:X2 + X1:X3 + X2:X3;0.5;1;1;300;1;0.00281818181818182;0.838709677419355;1;2;10;6.2;3.11448230047949;2;1;1;-0.0934013363636364
98;Y ~ X1 + X2 + X3 + X1:X2 + X1:X3 + X2:X3;0.5;1;1;300;1;0.00290909090909091;0.78125;1;1;14;4.57142857142857;3.10145895008263;1;NA;1;0.0934920363636364
99;Y ~ X1 + X2 + X3 + X1:X2 + X1:X3 + X2:X3;0.5;1;1;300;1;0.00218181818181818;0.75;1;3;12;4;3.84707681233427;3;NA;1;0.103241436363636
100;Y ~ X1 + X2 + X3 + X1:X2 + X1:X3 + X2:X3;0.5;1;1;300;1;0.00118181818181818;0.714285714285714;1;1094;7;3.25;2.06155281280883;2;NA;1;-0.00749119090909091
1;Y ~ X1 + X2 + X3 + X1:X2 + X1:X3 + X2:X3;0.5;1;1;1;300;0.654636363636364;0.969444444444444;0.934782608695652;13;441;32.5837104072398;30.6199356745855;2;0.96;0.904761904761905;0.126587372727273
2;Y ~ X1 + X2 + X3 + X1:X2 + X1:X3 + X2:X3;0.5;1;1;1;300;0.617;0.96360153256705;0.96;9;495;27.366935483871;29.1937274106164;3;0.961538461538462;0.958333333333333;-0.118778645454545
3;Y ~ X1 + X2 + X3 + X1:X2 + X1:X3 + X2:X3;0.5;1;1;1;300;0.358;0.942864398171661;0.909090909090909;17;450;17.5022222222222;16.265960415972;3;0.947368421052632;0.88;0.103435781818182
4;Y ~ X1 + X2 + X3 + X1:X2 + X1:X3 + X2:X3;0.5;1;1;1;300;0.196454545454545;0.912037037037037;0.942857142857143;2;381;11.3141361256544;11.7323555835675;1;1;0.935483870967742;-0.0770503272727273
5;Y ~ X1 + X2 + X3 + X1:X2 + X1:X3 + X2:X3;0.5;1;1;1;300;0.237545454545455;0.931496364332185;0.871794871794872;6;358;14.5977653631285;14.1009679933376;3;0.916666666666667;0.851851851851852;-0.0841413090909091
6;Y ~ X1 + X2 + X3 + X1:X2 + X1:X3 + X2:X3;0.5;1;1;1;300;0.253181818181818;0.869658886894075;0.864864864864865;85;726;7.67217630853995;7.43628348716118;7;1;0.814814814814815;0.0881381545454546
7;Y ~ X1 + X2 + X3 + X1:X2 + X1:X3 + X2:X3;0.5;1;1;1;300;0.678272727272727;0.970375335120643;0.870967741935484;3;443;33.6081081081081;31.8912820471786;2;1;0.666666666666667;0.101456045454545
8;Y ~ X1 + X2 + X3 + X1:X2 + X1:X3 + X2:X3;0.5;1;1;1;300;0.405272727272727;0.943921040825482;1;3;500;17.832;17.5220966635259;1;1;1;-0.0320602454545455
9;Y ~ X1 + X2 + X3 + X1:X2 + X1:X3 + X2:X3;0.5;1;1;1;300;0.470363636363636;0.93756040982022;0.816326530612245;10;647;15.9691358024691;17.7474274382232;4;0.8;0.827586206896552;-0.0245617090909091
10;Y ~ X1 + X2 + X3 + X1:X2 + X1:X3 + X2:X3;0.5;1;1;1;300;0.435909090909091;0.923670490093848;0.911764705882353;7;732;13.1010928961749;12.509860172761;1;1;0.857142857142857;0.101109609090909
11;Y ~ X1 + X2 + X3 + X1:X2 + X1:X3 + X2:X3;0.5;1;1;1;300;0.582818181818182;0.958190327613105;0.971428571428571;75;537;23.8327137546468;23.9626164163787;6;0.956521739130435;1;-0.0417041090909091
12;Y ~ X1 + X2 + X3 + X1:X2 + X1:X3 + X2:X3;0.5;1;1;1;300;0.685272727272727;0.973467763332449;0.862068965517241;15;400;37.69;38.0558159238262;3;0.894736842105263;0.8;0.119925818181818
13;Y ~ X1 + X2 + X3 + X1:X2 + X1:X3 + X2:X3;0.5;1;1;1;300;0.564363636363636;0.958118556701031;1;3;520;23.8769230769231;22.9062266271688;2;1;1;-0.0660736
14;Y ~ X1 + X2 + X3 + X1:X2 + X1:X3 + X2:X3;0.5;1;1;1;300;0.171;0.8575225943647;0.951219512195122;106;536;7.01865671641791;6.53567184216982;19;1;0.945945945945946;0.1041395
15;Y ~ X1 + X2 + X3 + X1:X2 + X1:X3 + X2:X3;0.5;1;1;1;300;0.554727272727273;0.957391019337922;0.966666666666667;21;520;23.4692307692308;22.6792945426087;5;1;0.923076923076923;0.122163154545455
16;Y ~ X1 + X2 + X3 + X1:X2 + X1:X3 + X2:X3;0.5;1;1;1;300;0.318181818181818;0.929694198342384;0.926829268292683;3;493;14.17004048583;12.5479338336751;1;1;0.888888888888889;-0.0577014636363636
17;Y ~ X1 + X2 + X3 + X1:X2 + X1:X3 + X2:X3;0.5;1;1;1;300;0.810909090909091;0.987778898979706;1;3;219;81.0909090909091;89.7406605454254;1;1;1;0.0292574909090909
18;Y ~ X1 + X2 + X3 + X1:X2 + X1:X3 + X2:X3;0.5;1;1;1;300;0.773454545454546;0.984248266133772;1;22;269;63.0222222222222;55.5803125601018;4;1;1;-0.0202580090909091
19;Y ~ X1 + X2 + X3 + X1:X2 + X1:X3 + X2:X3;0.5;1;1;1;300;0.702636363636364;0.975029111139863;0.888888888888889;8;386;40.0466321243523;42.2240169309581;2;0.956521739130435;0.769230769230769;0.0732267636363636
20;Y ~ X1 + X2 + X3 + X1:X2 + X1:X3 + X2:X3;0.5;1;1;1;300;0.462454545454545;0.937082186394023;0.882352941176471;39;641;15.8473520249221;15.3823681784963;8;0.9375;0.833333333333333;0.0935000454545454
21;Y ~ X1 + X2 + X3 + X1:X2 + X1:X3 + X2:X3;0.5;1;1;1;300;0.662272727272727;0.969110378912685;0.851063829787234;1;451;32.2345132743363;34.2307575010454;1;0.95;0.777777777777778;0.0514655818181818
22;Y ~ X1 + X2 + X3 + X1:X2 + X1:X3 + X2:X3;0.5;1;1;1;300;0.675909090909091;0.969464622006995;0.96969696969697;9;455;32.609649122807;30.8375206820307;4;1;0.9;-0.0694695636363636
23;Y ~ X1 + X2 + X3 + X1:X2 + X1:X3 + X2:X3;0.5;1;1;1;300;0.227454545454545;0.834466213514594;0.766666666666667;2;829;6.0289156626506;5.24971888183364;2;0.8;0.76;-0.0964392272727273
24;Y ~ X1 + X2 + X3 + X1:X2 + X1:X3 + X2:X3;0.5;1;1;1;300;0.812636363636364;0.984785770220383;1;264;272;65.2481751824817;65.3708629353343;2;1;1;-0.0596378090909091
25;Y ~ X1 + X2 + X3 + X1:X2 + X1:X3 + X2:X3;0.5;1;1;1;300;0.427727272727273;0.919872476089267;0.921052631578947;1;754;12.4801061007958;11.5753889686674;1;1;0.8125;0.0916571181818182
26;Y ~ X1 + X2 + X3 + X1:X2 + X1:X3 + X2:X3;0.5;1;1;1;300;0.450727272727273;0.949778136345301;0.921052631578947;109;498;19.832;19.2684422688986;6;0.85;1;0.0597320090909091
27;Y ~ X1 + X2 + X3 + X1:X2 + X1:X3 + X2:X3;0.5;1;1;1;300;0.659;0.971992273730684;0.98;2;407;35.5343137254902;34.0690952369684;1;1;0.933333333333333;0.106223172727273
28;Y ~ X1 + X2 + X3 + X1:X2 + X1:X3 + X2:X3;0.5;1;1;1;300;0.622636363636364;0.961448598130841;0.95;3;529;25.8452830188679;24.3771391138897;2;1;0.777777777777778;-0.110974481818182
29;Y ~ X1 + X2 + X3 + X1:X2 + X1:X3 + X2:X3;0.5;1;1;1;300;0.552909090909091;0.951496218349227;0.878787878787879;34;590;20.6169491525424;21.8295589447404;5;0.8125;0.941176470588235;0.0892964272727273
30;Y ~ X1 + X2 + X3 + X1:X2 + X1:X3 + X2:X3;0.5;1;1;1;300;0.377818181818182;0.943695861405197;0.88;8;468;17.7606837606838;17.9260041159428;2;0.916666666666667;0.846153846153846;0.0495698909090909
31;Y ~ X1 + X2 + X3 + X1:X2 + X1:X3 + X2:X3;0.5;1;1;1;300;0.543727272727273;0.949841163685002;0.933333333333333;58;600;19.8704318936877;21.8123777432183;5;1;0.818181818181818;0.0919780090909091
32;Y ~ X1 + X2 + X3 + X1:X2 + X1:X3 + X2:X3;0.5;1;1;1;300;0.501545454545455;0.945431472081218;0.891891891891892;19;603;18.2682119205298;17.0735437581049;6;0.869565217391304;0.928571428571429;0.100087336363636
33;Y ~ X1 + X2 + X3 + X1:X2 + X1:X3 + X2:X3;0.5;1;1;1;300;0.699909090909091;0.975707976097688;0.918918918918919;1;375;40.9521276595745;35.3963478243042;1;0.947368421052632;0.888888888888889;-0.0497664181818182
34;Y ~ X1 + X2 + X3 + X1:X2 + X1:X3 + X2:X3;0.5;1;1;1;300;0.405272727272727;0.943921040825482;1;3;500;17.832;17.5220966635259;1;1;1;-0.0320602454545455
35;Y ~ X1 + X2 + X3 + X1:X2 + X1:X3 + X2:X3;0.5;1;1;1;300;0.676909090909091;0.970315648085964;1;17;443;33.5405405405405;30.8046784317115;4;1;1;-0.0884979272727273
36;Y ~ X1 + X2 + X3 + X1:X2 + X1:X3 + X2:X3;0.5;1;1;1;300;0.589363636363636;0.959432361561006;0.921052631578947;10;526;24.6501901140684;24.7484919341998;1;0.9;0.944444444444444;-0.122771063636364
37;Y ~ X1 + X2 + X3 + X1:X2 + X1:X3 + X2:X3;0.5;1;1;1;300;0.786272727272727;0.984389454209066;1;1;271;63.5955882352941;70.4887044984772;1;1;1;0.0614029909090909
38;Y ~ X1 + X2 + X3 + X1:X2 + X1:X3 + X2:X3;0.5;1;1;1;300;0.802181818181818;0.986512524084778;0.979166666666667;9;239;73.5333333333333;66.6703836498817;4;0.977272727272727;1;0.0810873181818182
39;Y ~ X1 + X2 + X3 + X1:X2 + X1:X3 + X2:X3;0.5;1;1;1;300;0.368909090909091;0.904139970428783;0.757575757575758;17;778;10.4318766066838;9.61788560605327;4;0.666666666666667;0.791666666666667;0.0898928909090909
40;Y ~ X1 + X2 + X3 + X1:X2 + X1:X3 + X2:X3;0.5;1;1;1;300;0.398272727272727;0.940196302214106;1;29;524;16.7213740458015;16.522208472762;5;1;1;-0.106886227272727
41;Y ~ X1 + X2 + X3 + X1:X2 + X1:X3 + X2:X3;0.5;1;1;1;300;0.700090909090909;0.972597402597403;0.931034482758621;9;423;36.3254716981132;34.0171787137579;6;1;0.777777777777778;0.0600503272727273
42;Y ~ X1 + X2 + X3 + X1:X2 + X1:X3 + X2:X3;0.5;1;1;1;300;0.383272727272727;0.925047438330171;0.868421052631579;13;632;13.3417721518987;11.3522375401049;5;1;0.75;-0.0664599636363636
43;Y ~ X1 + X2 + X3 + X1:X2 + X1:X3 + X2:X3;0.5;1;1;1;300;0.220181818181818;0.866639141205615;0.906976744186046;125;646;7.4984520123839;6.65772544907784;15;1;0.878787878787879;0.133728118181818
44;Y ~ X1 + X2 + X3 + X1:X2 + X1:X3 + X2:X3;0.5;1;1;1;300;0.766636363636364;0.983752371916509;0.914285714285714;15;275;61.1086956521739;59.6433052860046;2;0.958333333333333;0.818181818181818;0.0649324363636364
45;Y ~ X1 + X2 + X3 + X1:X2 + X1:X3 + X2:X3;0.5;1;1;1;300;0.346909090909091;0.910353866317169;0.8;29;685;11.1253644314869;10.0629029401647;4;0.923076923076923;0.727272727272727;0.0702930454545455
46;Y ~ X1 + X2 + X3 + X1:X2 + X1:X3 + X2:X3;0.5;1;1;1;300;0.350181818181818;0.916947832857514;0.931034482758621;12;639;12.0375;11.5358987186803;3;0.875;0.952380952380952;-0.0616182090909091
47;Y ~ X1 + X2 + X3 + X1:X2 + X1:X3 + X2:X3;0.5;1;1;1;300;0.345636363636364;0.942398737506575;0.928571428571429;90;438;17.3607305936073;17.7063848800039;8;0.933333333333333;0.925925925925926;-0.135541863636364
48;Y ~ X1 + X2 + X3 + X1:X2 + X1:X3 + X2:X3;0.5;1;1;1;300;0.677909090909091;0.972907725321888;0.931818181818182;54;405;36.7339901477833;37.2275339566691;3;1;0.857142857142857;-0.0799913727272727
49;Y ~ X1 + X2 + X3 + X1:X2 + X1:X3 + X2:X3;0.5;1;1;1;300;0.800181818181818;0.984208134514883;0.91304347826087;19;278;63.3237410071942;63.4619840360157;5;1;0.5;0.0171759636363636
50;Y ~ X1 + X2 + X3 + X1:X2 + X1:X3 + X2:X3;0.5;1;1;1;300;0.209909090909091;0.916017316017316;0.857142857142857;48;387;11.9020618556701;12.3710214571201;6;0.733333333333333;0.925925925925926;-0.114903472727273
51;Y ~ X1 + X2 + X3 + X1:X2 + X1:X3 + X2:X3;0.5;1;1;1;300;0.783363636363636;0.985492107706592;0.955555555555556;22;251;68.3888888888889;69.4128486344967;4;0.972222222222222;0.888888888888889;-0.0977326454545454
52;Y ~ X1 + X2 + X3 + X1:X2 + X1:X3 + X2:X3;0.5;1;1;1;300;0.792272727272727;0.984509466437177;0.972972972972973;3;270;64.5555555555556;59.257050297414;3;0.966666666666667;1;-0.0958744636363636
53;Y ~ X1 + X2 + X3 + X1:X2 + X1:X3 + X2:X3;0.5;1;1;1;300;0.569363636363636;0.962791440434366;0.964285714285714;6;467;26.7649572649573;24.8025743376568;3;1;0.9;0.0880412636363637
54;Y ~ X1 + X2 + X3 + X1:X2 + X1:X3 + X2:X3;0.5;1;1;1;300;0.164272727272727;0.802988378527947;0.702702702702703;43;712;5.07584269662921;4.16184961833179;6;1;0.65625;0.0978412
55;Y ~ X1 + X2 + X3 + X1:X2 + X1:X3 + X2:X3;0.5;1;1;1;300;0.61;0.962747727611384;1;60;499;26.84;27.3480908344469;3;1;1;0.111931109090909
56;Y ~ X1 + X2 + X3 + X1:X2 + X1:X3 + X2:X3;0.5;1;1;1;300;0.722090909090909;0.974187861999496;1;3;411;38.5582524271845;41.1982003496881;2;1;1;0.0645220909090909
57;Y ~ X1 + X2 + X3 + X1:X2 + X1:X3 + X2:X3;0.5;1;1;1;300;0.743727272727273;0.978361858190709;0.96551724137931;42;355;45.9606741573034;42.5210300059075;3;1;0.9;0.109668454545455
58;Y ~ X1 + X2 + X3 + X1:X2 + X1:X3 + X2:X3;0.5;1;1;1;300;0.620909090909091;0.962811127379209;0.941176470588235;14;508;26.8897637795276;25.6082460615158;4;1;0.75;-0.0194803545454545
59;Y ~ X1 + X2 + X3 + X1:X2 + X1:X3 + X2:X3;0.5;1;1;1;300;0.484363636363636;0.950065703022339;0.939393939393939;16;533;19.9550561797753;18.5805967063224;3;0.866666666666667;1;0.0744129545454545
60;Y ~ X1 + X2 + X3 + X1:X2 + X1:X3 + X2:X3;0.5;1;1;1;300;0.266818181818182;0.932174505794138;0.931818181818182;111;399;14.675;14.8888469606983;5;0.909090909090909;0.939393939393939;0.0608064818181818
61;Y ~ X1 + X2 + X3 + X1:X2 + X1:X3 + X2:X3;0.5;1;1;1;300;0.645727272727273;0.968464029283401;0.956521739130435;7;448;31.7098214285714;33.7104618691268;4;0.96551724137931;0.941176470588235;0.0516904181818182
62;Y ~ X1 + X2 + X3 + X1:X2 + X1:X3 + X2:X3;0.5;1;1;1;300;0.786727272727273;0.98601641049347;1;7;243;70.9344262295082;65.0349858426398;2;1;1;0.0881153454545454
63;Y ~ X1 + X2 + X3 + X1:X2 + X1:X3 + X2:X3;0.5;1;1;1;300;0.767636363636364;0.982352244462869;0.945945945945946;4;299;56.2933333333333;55.5731027918632;2;0.935483870967742;1;0.156254027272727
64;Y ~ X1 + X2 + X3 + X1:X2 + X1:X3 + X2:X3;0.5;1;1;1;300;0.242909090909091;0.87874251497006;0.769230769230769;4;648;8.24691358024691;8.44069585293017;2;0.75;0.777777777777778;-0.0588752545454545
65;Y ~ X1 + X2 + X3 + X1:X2 + X1:X3 + X2:X3;0.5;1;1;1;300;0.696818181818182;0.974690150032616;0.916666666666667;4;388;39.5103092783505;35.9571189187916;1;0.91304347826087;0.923076923076923;0.0349135818181818
66;Y ~ X1 + X2 + X3 + X1:X2 + X1:X3 + X2:X3;0.5;1;1;1;300;0.380727272727273;0.927411652340019;0.864864864864865;3;608;13.7763157894737;13.3410195841065;2;0.875;0.857142857142857;-0.0343512909090909
67;Y ~ X1 + X2 + X3 + X1:X2 + X1:X3 + X2:X3;0.5;1;1;1;300;0.237545454545455;0.931496364332185;0.871794871794872;6;358;14.5977653631285;14.1009679933376;3;0.916666666666667;0.851851851851852;-0.0841413090909091
68;Y ~ X1 + X2 + X3 + X1:X2 + X1:X3 + X2:X3;0.5;1;1;1;300;0.773636363636364;0.982606651780468;0.911764705882353;13;297;57.1140939597315;51.5715889468671;3;0.952380952380952;0.846153846153846;-0.1571
69;Y ~ X1 + X2 + X3 + X1:X2 + X1:X3 + X2:X3;0.5;1;1;1;300;0.801272727272727;0.9852490638829;0.921052631578947;3;261;67.2824427480916;68.7382185495936;1;0.9375;0.833333333333333;0.0495385454545455
70;Y ~ X1 + X2 + X3 + X1:X2 + X1:X3 + X2:X3;0.5;1;1;1;300;0.821545454545455;0.987494466578132;0.966666666666667;16;227;79.2719298245614;63.6549444148309;2;0.964285714285714;1;-0.0559896636363636
71;Y ~ X1 + X2 + X3 + X1:X2 + X1:X3 + X2:X3;0.5;1;1;1;300;0.465090909090909;0.948788115715403;0.897435897435897;4;524;19.5267175572519;19.1724691843513;2;1;0.826086956521739;0.0331933090909091
72;Y ~ X1 + X2 + X3 + X1:X2 + X1:X3 + X2:X3;0.5;1;1;1;300;0.774181818181818;0.982266588373459;0.945945945945946;34;303;56.0263157894737;60.4317739512336;2;0.964285714285714;0.888888888888889;0.133884136363636
73;Y ~ X1 + X2 + X3 + X1:X2 + X1:X3 + X2:X3;0.5;1;1;1;300;0.774272727272727;0.98438233912635;1;32;267;63.5597014925373;65.1013681749937;4;1;1;0.138840763636364
74;Y ~ X1 + X2 + X3 + X1:X2 + X1:X3 + X2:X3;0.5;1;1;1;300;0.802545454545455;0.986745213549337;0.945945945945946;1;235;74.8135593220339;83.3697304261295;1;0.964285714285714;0.888888888888889;-0.0208009363636364
75;Y ~ X1 + X2 + X3 + X1:X2 + X1:X3 + X2:X3;0.5;1;1;1;300;0.391818181818182;0.931338436557643;0.930232558139535;14;591;14.5608108108108;14.5968310242507;4;1;0.884615384615385;0.0391041363636364
76;Y ~ X1 + X2 + X3 + X1:X2 + X1:X3 + X2:X3;0.5;1;1;1;300;0.776454545454546;0.981032665964173;0.977272727272727;35;324;52.7222222222222;57.6893856562133;3;1;0.875;0.0948627818181818
77;Y ~ X1 + X2 + X3 + X1:X2 + X1:X3 + X2:X3;0.5;1;1;1;300;0.634272727272727;0.965171277053175;0.95;1;486;28.7119341563786;27.5116681024756;1;1;0.882352941176471;-0.121926018181818
78;Y ~ X1 + X2 + X3 + X1:X2 + X1:X3 + X2:X3;0.5;1;1;1;300;0.696545454545455;0.972327372405691;0.894736842105263;17;425;35.9718309859155;32.7723588508753;4;0.916666666666667;0.857142857142857;-0.0806598545454546
79;Y ~ X1 + X2 + X3 + X1:X2 + X1:X3 + X2:X3;0.5;1;1;1;300;0.616909090909091;0.962717359269083;0.975609756097561;6;506;26.8221343873518;26.0023652806474;1;1;0.933333333333333;0.0693875909090909
80;Y ~ X1 + X2 + X3 + X1:X2 + X1:X3 + X2:X3;0.5;1;1;1;300;0.49;0.950102021888332;0.96875;40;537;20.0371747211896;19.16090822295;3;1;0.9375;-0.104148327272727
81;Y ~ X1 + X2 + X3 + X1:X2 + X1:X3 + X2:X3;0.5;1;1;1;300;0.221090909090909;0.850678733031674;0.82051282051282;7;727;6.68131868131868;5.70993840626995;4;1;0.740740740740741;0.0396903272727273
82;Y ~ X1 + X2 + X3 + X1:X2 + X1:X3 + X2:X3;0.5;1;1;1;300;0.804181818181818;0.982589033352176;0.975609756097561;4;309;57.0709677419355;60.2724452643851;4;1;0.833333333333333;0.0868249181818182
83;Y ~ X1 + X2 + X3 + X1:X2 + X1:X3 + X2:X3;0.5;1;1;1;300;0.443454545454545;0.948749487494875;0.894736842105263;15;500;19.512;22.6689519282675;2;0.944444444444444;0.85;0.0462163909090909
84;Y ~ X1 + X2 + X3 + X1:X2 + X1:X3 + X2:X3;0.5;1;1;1;300;0.773363636363636;0.980719492123207;0.928571428571429;1;329;51.5575757575758;51.6819956756126;1;0.96875;0.8;-0.0688076363636364
85;Y ~ X1 + X2 + X3 + X1:X2 + X1:X3 + X2:X3;0.5;1;1;1;300;0.739454545454545;0.976641258913204;1;31;380;42.586387434555;41.5989830725483;3;1;1;-0.0772027181818182
86;Y ~ X1 + X2 + X3 + X1:X2 + X1:X3 + X2:X3;0.5;1;1;1;300;0.268727272727273;0.87005076142132;0.75;4;769;7.67792207792208;7.17998925284681;1;1;0.724137931034483;-0.00872320909090909
87;Y ~ X1 + X2 + X3 + X1:X2 + X1:X3 + X2:X3;0.5;1;1;1;300;0.193545454545455;0.852982620948802;0.896551724137931;12;626;6.80191693290735;6.2217873106714;5;1;0.884615384615385;-0.0916636545454545
88;Y ~ X1 + X2 + X3 + X1:X2 + X1:X3 + X2:X3;0.5;1;1;1;300;0.698454545454545;0.973965113251757;0.923076923076923;60;401;38.2238805970149;41.0464934783189;3;0.961538461538462;0.846153846153846;0.0228277454545454
89;Y ~ X1 + X2 + X3 + X1:X2 + X1:X3 + X2:X3;0.5;1;1;1;300;0.433363636363636;0.929920268569031;0.828571428571429;6;669;14.2298507462687;13.8440092204181;1;1;0.76;0.0294707636363636
90;Y ~ X1 + X2 + X3 + X1:X2 + X1:X3 + X2:X3;0.5;1;1;1;300;0.320363636363636;0.913709906329833;0.846153846153846;7;609;11.5540983606557;9.8840909814594;2;0.777777777777778;0.866666666666667;0.078025
91;Y ~ X1 + X2 + X3 + X1:X2 + X1:X3 + X2:X3;0.5;1;1;1;300;0.778727272727273;0.982837127845884;0.978723404255319;3;295;57.8783783783784;56.4014890290974;1;0.966666666666667;1;0.0659916272727273
92;Y ~ X1 + X2 + X3 + X1:X2 + X1:X3 + X2:X3;0.5;1;1;1;300;0.327636363636364;0.935331668054399;0.911111111111111;3;467;15.4017094017094;16.3287365264549;2;1;0.891891891891892;0.0627573545454546
93;Y ~ X1 + X2 + X3 + X1:X2 + X1:X3 + X2:X3;0.5;1;1;1;300;0.169454545454545;0.808476394849785;0.810810810810811;32;714;5.22128851540616;4.50140995616833;6;1;0.78125;0.0739114454545455
94;Y ~ X1 + X2 + X3 + X1:X2 + X1:X3 + X2:X3;0.5;1;1;1;300;0.192272727272727;0.808983451536643;0.571428571428571;10;808;5.23514851485149;5.56679737195185;3;0.375;0.62962962962963;0.145218772727273
95;Y ~ X1 + X2 + X3 + X1:X2 + X1:X3 + X2:X3;0.5;1;1;1;300;0.606727272727273;0.963284879364604;0.9375;1;491;27.130081300813;28.7291246233855;1;0.95;0.916666666666667;-0.157310972727273
96;Y ~ X1 + X2 + X3 + X1:X2 + X1:X3 + X2:X3;0.5;1;1;1;300;0.315272727272727;0.930219146482122;1;17;484;14.3305785123967;15.7289744687379;2;1;1;-0.0817808272727273
97;Y ~ X1 + X2 + X3 + X1:X2 + X1:X3 + X2:X3;0.5;1;1;1;300;0.789454545454545;0.983646205228608;0.973684210526316;12;285;60.7272727272727;62.3676267840826;3;1;0.888888888888889;-0.0918683545454546
98;Y ~ X1 + X2 + X3 + X1:X2 + X1:X3 + X2:X3;0.5;1;1;1;300;0.576636363636364;0.953484705140334;0.842105263157895;9;591;21.4290540540541;20.0743119547865;6;0.923076923076923;0.666666666666667;0.0930694818181818
99;Y ~ X1 + X2 + X3 + X1:X2 + X1:X3 + X2:X3;0.5;1;1;1;300;0.219272727272727;0.924958540630182;0.970588235294118;21;362;13.3259668508287;12.55825712337;4;1;0.961538461538462;0.100998681818182
100;Y ~ X1 + X2 + X3 + X1:X2 + X1:X3 + X2:X3;0.5;1;1;1;300;0.737727272727273;0.977451946771809;1;18;365;44.344262295082;38.5709928783682;2;1;1;-0.00940878181818182
1;Y ~ X1 + X2 + X3 + X1:X2 + X1:X3 + X2:X3;0.8;1;1;1;1;0.0400909090909091;0.625850340136054;0.663907880532566;98;330;2.67272727272727;2.03375069929272;24;0.595419847328244;0.667296072507553;0.0294843363636364
2;Y ~ X1 + X2 + X3 + X1:X2 + X1:X3 + X2:X3;0.8;1;1;1;1;0.0370909090909091;0.604422604422604;0.686944147990039;2;323;2.51851851851852;1.97255146504816;2;0.595959595959596;0.690265486725664;-0.0260592818181818
3;Y ~ X1 + X2 + X3 + X1:X2 + X1:X3 + X2:X3;0.8;1;1;1;1;0.0360909090909091;0.64735516372796;0.699036323202372;209;280;2.83571428571429;2.34631415918828;80;0.70873786407767;0.698651252408478;0.0172789636363636
4;Y ~ X1 + X2 + X3 + X1:X2 + X1:X3 + X2:X3;0.8;1;1;1;1;0.0419090909090909;0.639130434782609;0.642752023546726;52;333;2.76047904191617;2.40784255989315;17;0.620967741935484;0.643793369313801;-0.0224779454545455
5;Y ~ X1 + X2 + X3 + X1:X2 + X1:X3 + X2:X3;0.8;1;1;1;1;0.0299090909090909;0.586626139817629;0.680620714543486;200;272;2.41911764705882;2.15872097611602;60;0.451219512195122;0.687616214206025;0.00212896363636364
6;Y ~ X1 + X2 + X3 + X1:X2 + X1:X3 + X2:X3;0.8;1;1;1;1;0.0235454545454545;0.555984555984556;0.713766799854704;180;230;2.25217391304348;1.74136203124879;35;0.537313432835821;0.718168279970216;0.00217866363636363
7;Y ~ X1 + X2 + X3 + X1:X2 + X1:X3 + X2:X3;0.8;1;1;1;1;0.0411818181818182;0.615894039735099;0.671381936887922;12;348;2.60344827586207;2.03671208891863;4;0.605042016806723;0.674374526156179;0.0259298272727273
8;Y ~ X1 + X2 + X3 + X1:X2 + X1:X3 + X2:X3;0.8;1;1;1;1;0.058;0.658307210031348;0.71100583090379;90;436;2.92660550458716;2.35043450054496;23;0.657458563535912;0.714787358564183;0.00267874545454546
9;Y ~ X1 + X2 + X3 + X1:X2 + X1:X3 + X2:X3;0.8;1;1;1;1;0.0557272727272727;0.699836867862969;0.671802221426012;65;368;3.33152173913043;3.4234622601278;22;0.70059880239521;0.669969512195122;-0.0170420272727273
10;Y ~ X1 + X2 + X3 + X1:X2 + X1:X3 + X2:X3;0.8;1;1;1;1;0.0207272727272727;0.535087719298246;0.701411509229099;1;212;2.15094339622642;1.86594775014986;1;0.402985074626866;0.708827893175074;0.0283657
11;Y ~ X1 + X2 + X3 + X1:X2 + X1:X3 + X2:X3;0.8;1;1;1;1;0.0323636363636364;0.640449438202247;0.735089645078668;146;256;2.78125;3.14213804535431;41;0.576470588235294;0.740181268882175;-0.0115748272727273
12;Y ~ X1 + X2 + X3 + X1:X2 + X1:X3 + X2:X3;0.8;1;1;1;1;0.0237272727272727;0.509578544061303;0.684036697247706;158;256;2.0390625;1.35392310549401;46;0.455882352941176;0.689875799774181;0.00910136363636364
13;Y ~ X1 + X2 + X3 + X1:X2 + X1:X3 + X2:X3;0.8;1;1;1;1;0.0361818181818182;0.575376884422111;0.659336697909156;147;338;2.35502958579882;2.2290001827267;44;0.617977528089888;0.660707635009311;-0.0156918818181818
14;Y ~ X1 + X2 + X3 + X1:X2 + X1:X3 + X2:X3;0.8;1;1;1;1;0.025;0.574545454545454;0.670325649469448;91;234;2.35042735042735;2.00566542107962;30;0.560975609756098;0.673708034703885;0.0241433
15;Y ~ X1 + X2 + X3 + X1:X2 + X1:X3 + X2:X3;0.8;1;1;1;1;0.0284545454545455;0.568690095846645;0.667889908256881;109;270;2.31851851851852;2.04666401974753;52;0.549450549450549;0.671981776765376;0.0279948
16;Y ~ X1 + X2 + X3 + X1:X2 + X1:X3 + X2:X3;0.8;1;1;1;1;0.0571818181818182;0.643879173290938;0.667880553532411;4;448;2.80803571428571;2.56812606010729;2;0.562874251497006;0.674680108569213;-0.00536928181818182
17;Y ~ X1 + X2 + X3 + X1:X2 + X1:X3 + X2:X3;0.8;1;1;1;1;0.0741818181818182;0.704656862745098;0.658227848101266;130;482;3.38589211618257;2.80409821600087;42;0.717703349282297;0.653209527654421;0.0157344272727273
18;Y ~ X1 + X2 + X3 + X1:X2 + X1:X3 + X2:X3;0.8;1;1;1;1;0.054;0.636363636363636;0.646996089584074;22;432;2.75;2.49324669252111;6;0.603658536585366;0.64967912419781;-0.00129155454545455
19;Y ~ X1 + X2 + X3 + X1:X2 + X1:X3 + X2:X3;0.8;1;1;1;1;0.0295454545454545;0.618461538461538;0.735251274581209;105;248;2.62096774193548;2.56490619152215;27;0.619047619047619;0.738918106686702;0.0316497636363636
20;Y ~ X1 + X2 + X3 + X1:X2 + X1:X3 + X2:X3;0.8;1;1;1;1;0.0392727272727273;0.631944444444444;0.659672830725462;3;318;2.71698113207547;2.15868008039986;2;0.654545454545455;0.659881569207994;0.0127504909090909
21;Y ~ X1 + X2 + X3 + X1:X2 + X1:X3 + X2:X3;0.8;1;1;1;1;0.0298181818181818;0.579268292682927;0.695683979517191;76;276;2.3768115942029;1.97503727600681;19;0.530120481927711;0.700867597133157;0.000705590909090912
22;Y ~ X1 + X2 + X3 + X1:X2 + X1:X3 + X2:X3;0.8;1;1;1;1;0.027;0.558922558922559;0.705707931801334;39;262;2.26717557251908;1.57296597587006;13;0.516483516483517;0.712313003452244;-0.0203992818181818
23;Y ~ X1 + X2 + X3 + X1:X2 + X1:X3 + X2:X3;0.8;1;1;1;1;0.0247272727272727;0.584558823529412;0.685575925285368;25;226;2.4070796460177;1.6724509823139;10;0.485714285714286;0.690535271180432;-0.0215461272727273
24;Y ~ X1 + X2 + X3 + X1:X2 + X1:X3 + X2:X3;0.8;1;1;1;1;0.0491818181818182;0.649446494464945;0.673160173160173;11;379;2.84736842105263;2.52874865451821;2;0.625954198473282;0.675501703900038;-0.00735477272727273
25;Y ~ X1 + X2 + X3 + X1:X2 + X1:X3 + X2:X3;0.8;1;1;1;1;0.0327272727272727;0.591666666666667;0.661614247821144;77;294;2.44897959183673;2.11382816226406;25;0.546511627906977;0.665491578535057;0.0214256090909091
26;Y ~ X1 + X2 + X3 + X1:X2 + X1:X3 + X2:X3;0.8;1;1;1;1;0.0464545454545455;0.646484375;0.676688938381589;140;361;2.8232044198895;2.28076807413212;42;0.603174603174603;0.680295950155763;0.0303450272727273
27;Y ~ X1 + X2 + X3 + X1:X2 + X1:X3 + X2:X3;0.8;1;1;1;1;0.0315454545454545;0.636887608069164;0.694604316546763;201;252;2.75396825396825;2.74426385884888;51;0.590909090909091;0.697994056463596;0.0117364181818182
28;Y ~ X1 + X2 + X3 + X1:X2 + X1:X3 + X2:X3;0.8;1;1;1;1;0.0523636363636364;0.645833333333333;0.673808644255634;33;408;2.82352941176471;2.26087634914556;11;0.594771241830065;0.678543461237275;-0.0206243545454546
29;Y ~ X1 + X2 + X3 + X1:X2 + X1:X3 + X2:X3;0.8;1;1;1;1;0.0415454545454545;0.649890590809628;0.737291280148423;55;320;2.85625;2.63227876742452;16;0.554545454545455;0.745067698259188;0.00912478181818182
30;Y ~ X1 + X2 + X3 + X1:X2 + X1:X3 + X2:X3;0.8;1;1;1;1;0.0514545454545455;0.653710247349823;0.719512195121951;14;392;2.88775510204082;2.28880285833726;2;0.675496688741722;0.722032612817596;0.0123660818181818
31;Y ~ X1 + X2 + X3 + X1:X2 + X1:X3 + X2:X3;0.8;1;1;1;1;0.0353636363636364;0.6;0.68996282527881;8;311;2.50967741935484;1.94524976507203;4;0.580246913580247;0.693369106937524;0.0157924727272727
32;Y ~ X1 + X2 + X3 + X1:X2 + X1:X3 + X2:X3;0.8;1;1;1;1;0.049;0.64378478664193;0.694802801326944;26;384;2.80729166666667;2.63073834684556;4;0.604166666666667;0.699883223043986;0.00751607272727273
33;Y ~ X1 + X2 + X3 + X1:X2 + X1:X3 + X2:X3;0.8;1;1;1;1;0.0681818181818182;0.69826435246996;0.675646159446669;11;453;3.30396475770925;3.25469465672081;2;0.678391959798995;0.675431711145997;0.00397925454545455
34;Y ~ X1 + X2 + X3 + X1:X2 + X1:X3 + X2:X3;0.8;1;1;1;1;0.058;0.658307210031348;0.71100583090379;90;436;2.92660550458716;2.35043450054496;23;0.657458563535912;0.714787358564183;0.00267874545454546
35;Y ~ X1 + X2 + X3 + X1:X2 + X1:X3 + X2:X3;0.8;1;1;1;1;0.0275454545454545;0.537953795379538;0.678263988522238;269;280;2.16428571428571;1.95492631477438;80;0.423529411764706;0.686274509803922;-0.0210491909090909
36;Y ~ X1 + X2 + X3 + X1:X2 + X1:X3 + X2:X3;0.8;1;1;1;1;0.0358181818181818;0.604060913705584;0.706363313188766;8;312;2.52564102564103;2.05237460565047;3;0.630630630630631;0.709474463360474;-0.0168997454545455
37;Y ~ X1 + X2 + X3 + X1:X2 + X1:X3 + X2:X3;0.8;1;1;1;1;0.0747272727272727;0.701946472019465;0.673841663626414;86;490;3.35510204081633;3.07961710046016;24;0.659192825112108;0.675138999205719;0.0143940272727273
38;Y ~ X1 + X2 + X3 + X1:X2 + X1:X3 + X2:X3;0.8;1;1;1;1;0.0503636363636364;0.670886075949367;0.715892053973013;92;365;3.02732240437158;2.59846043595867;26;0.659090909090909;0.71884858044164;0.0345800727272727
39;Y ~ X1 + X2 + X3 + X1:X2 + X1:X3 + X2:X3;0.8;1;1;1;1;0.0266363636363636;0.569965870307167;0.730755460078768;20;252;2.32539682539683;1.77010447185183;9;0.612903225806452;0.733430977663859;0.00972082727272728
40;Y ~ X1 + X2 + X3 + X1:X2 + X1:X3 + X2:X3;0.8;1;1;1;1;0.0292727272727273;0.585669781931464;0.707957957957958;50;267;2.40298507462687;2.23142087976085;11;0.4875;0.714783281733746;-0.0464377090909091
41;Y ~ X1 + X2 + X3 + X1:X2 + X1:X3 + X2:X3;0.8;1;1;1;1;0.0435454545454545;0.599164926931106;0.654848046309696;32;384;2.49479166666667;2.15862423666405;6;0.578947368421053;0.65811320754717;0.0220779818181818
42;Y ~ X1 + X2 + X3 + X1:X2 + X1:X3 + X2:X3;0.8;1;1;1;1;0.0344545454545455;0.635883905013193;0.730949801372337;71;276;2.7463768115942;2.23136760199318;16;0.684684684684685;0.73288186606471;-0.00813033636363637
43;Y ~ X1 + X2 + X3 + X1:X2 + X1:X3 + X2:X3;0.8;1;1;1;1;0.0185454545454545;0.450980392156863;0.668341708542714;42;224;1.82142857142857;1.26073256063552;16;0.431818181818182;0.672137126185266;0.0174999818181818
44;Y ~ X1 + X2 + X3 + X1:X2 + X1:X3 + X2:X3;0.8;1;1;1;1;0.052;0.666083916083916;0.652236652236652;6;382;2.99476439790576;2.42898588801983;1;0.619047619047619;0.654095238095238;0.0224570818181818
45;Y ~ X1 + X2 + X3 + X1:X2 + X1:X3 + X2:X3;0.8;1;1;1;1;0.0244545454545455;0.609665427509294;0.77195627591406;256;210;2.56190476190476;2.23143541903055;72;0.6;0.775596612779061;0.0135941272727273
46;Y ~ X1 + X2 + X3 + X1:X2 + X1:X3 + X2:X3;0.8;1;1;1;1;0.0418181818181818;0.644251626898048;0.706761565836299;40;327;2.82208588957055;2.44424303563881;14;0.691588785046729;0.707362190159083;-0.0543387181818182
47;Y ~ X1 + X2 + X3 + X1:X2 + X1:X3 + X2:X3;0.8;1;1;1;1;0.0278181818181818;0.611111111111111;0.726775956284153;220;238;2.57142857142857;1.9811459984848;61;0.631578947368421;0.729486699138254;-0.0483165454545454
48;Y ~ X1 + X2 + X3 + X1:X2 + X1:X3 + X2:X3;0.8;1;1;1;1;0.0454545454545455;0.652;0.716412490922295;67;348;2.8735632183908;2.56839212293147;15;0.631578947368421;0.720075757575758;-0.0154155818181818
49;Y ~ X1 + X2 + X3 + X1:X2 + X1:X3 + X2:X3;0.8;1;1;1;1;0.0574545454545455;0.670886075949367;0.64874682164911;63;416;3.03846153846154;3.10811024780705;19;0.625;0.650057493292449;0.00727878181818182
50;Y ~ X1 + X2 + X3 + X1:X2 + X1:X3 + X2:X3;0.8;1;1;1;1;0.0265454545454545;0.535836177474403;0.702586206896552;217;271;2.14705882352941;1.92268874915931;56;0.527027027027027;0.707380073800738;-0.0027252
51;Y ~ X1 + X2 + X3 + X1:X2 + X1:X3 + X2:X3;0.8;1;1;1;1;0.0291818181818182;0.579439252336449;0.723490427098675;112;270;2.37777777777778;2.04744714241785;29;0.581081081081081;0.727479182437547;-0.0244591181818182
52;Y ~ X1 + X2 + X3 + X1:X2 + X1:X3 + X2:X3;0.8;1;1;1;1;0.0471818181818182;0.624277456647399;0.676778620440592;78;390;2.66153846153846;2.18200411338583;22;0.621212121212121;0.679560106181267;-0.0104547272727273
53;Y ~ X1 + X2 + X3 + X1:X2 + X1:X3 + X2:X3;0.8;1;1;1;1;0.0380909090909091;0.665871121718377;0.683487940630798;6;280;2.99285714285714;2.76539881878311;2;0.723809523809524;0.681853281853282;0.0554978454545455
54;Y ~ X1 + X2 + X3 + X1:X2 + X1:X3 + X2:X3;0.8;1;1;1;1;0.0184545454545455;0.556650246305419;0.685513673318551;57;180;2.25555555555556;1.91129764208879;16;0.464285714285714;0.690188679245283;0.0257461727272727
55;Y ~ X1 + X2 + X3 + X1:X2 + X1:X3 + X2:X3;0.8;1;1;1;1;0.0368181818181818;0.640394088669951;0.671465485418974;98;291;2.77397260273973;2.35992562111081;26;0.532608695652174;0.676346962170424;0.0100590909090909
56;Y ~ X1 + X2 + X3 + X1:X2 + X1:X3 + X2:X3;0.8;1;1;1;1;0.0367272727272727;0.613861386138614;0.669767441860465;88;312;2.58974358974359;2.07557778934832;34;0.518181818181818;0.675977653631285;0.0279735363636364
57;Y ~ X1 + X2 + X3 + X1:X2 + X1:X3 + X2:X3;0.8;1;1;1;1;0.0369090909090909;0.613300492610837;0.724342349018155;150;314;2.5859872611465;2.26468027399596;42;0.623853211009174;0.728571428571429;0.0106336636363636
58;Y ~ X1 + X2 + X3 + X1:X2 + X1:X3 + X2:X3;0.8;1;1;1;1;0.0645454545454545;0.656338028169014;0.644938091769847;42;488;2.90983606557377;2.32716680167304;15;0.641711229946524;0.645173896053146;-0.00191403636363636
59;Y ~ X1 + X2 + X3 + X1:X2 + X1:X3 + X2:X3;0.8;1;1;1;1;0.0474545454545455;0.634099616858238;0.700505780346821;37;382;2.73298429319372;2.49144029254786;9;0.573770491803279;0.706349206349206;0.0190774454545455
60;Y ~ X1 + X2 + X3 + X1:X2 + X1:X3 + X2:X3;0.8;1;1;1;1;0.0402727272727273;0.63882618510158;0.65939957112223;131;320;2.76875;2.20411814394166;49;0.614678899082569;0.661212346597248;0.0264092636363636
61;Y ~ X1 + X2 + X3 + X1:X2 + X1:X3 + X2:X3;0.8;1;1;1;1;0.046;0.624505928853755;0.704888569374551;87;380;2.66315789473684;2.17543051174826;21;0.624161073825503;0.70945689327763;0.0149696545454545
62;Y ~ X1 + X2 + X3 + X1:X2 + X1:X3 + X2:X3;0.8;1;1;1;1;0.0400909090909091;0.646258503401361;0.71356783919598;38;312;2.82692307692308;2.5656878887409;17;0.554545454545455;0.720104633781764;0.0257630545454545
63;Y ~ X1 + X2 + X3 + X1:X2 + X1:X3 + X2:X3;0.8;1;1;1;1;0.0282727272727273;0.594855305466238;0.716481944941008;635;252;2.46825396825397;2.15290132773988;173;0.594936708860759;0.720014716703458;0.0278923545454545
64;Y ~ X1 + X2 + X3 + X1:X2 + X1:X3 + X2:X3;0.8;1;1;1;1;0.0262727272727273;0.550173010380623;0.66404011461318;4;260;2.22307692307692;1.74438361035739;1;0.467532467532468;0.669613259668508;-0.00255754545454546
65;Y ~ X1 + X2 + X3 + X1:X2 + X1:X3 + X2:X3;0.8;1;1;1;1;0.0671818181818182;0.709066305818674;0.70856940509915;74;430;3.43720930232558;2.9709672467433;16;0.695852534562212;0.709627924817798;-0.00368855454545455
66;Y ~ X1 + X2 + X3 + X1:X2 + X1:X3 + X2:X3;0.8;1;1;1;1;0.0369090909090909;0.652709359605911;0.721263312522953;29;282;2.87943262411348;2.01237307427597;9;0.689655172413793;0.722306525037936;0.000507909090909089
67;Y ~ X1 + X2 + X3 + X1:X2 + X1:X3 + X2:X3;0.8;1;1;1;1;0.0299090909090909;0.586626139817629;0.680620714543486;200;272;2.41911764705882;2.15872097611602;60;0.451219512195122;0.687616214206025;0.00212896363636364
68;Y ~ X1 + X2 + X3 + X1:X2 + X1:X3 + X2:X3;0.8;1;1;1;1;0.0208181818181818;0.506550218340611;0.743047830923248;102;226;2.02654867256637;1.62821208358361;33;0.433962264150943;0.749243570347958;-0.0316745818181818
69;Y ~ X1 + X2 + X3 + X1:X2 + X1:X3 + X2:X3;0.8;1;1;1;1;0.042;0.651515151515151;0.690765926986399;66;322;2.8695652173913;2.56449418692705;16;0.683333333333333;0.691099476439791;0.00198744545454545
70;Y ~ X1 + X2 + X3 + X1:X2 + X1:X3 + X2:X3;0.8;1;1;1;1;0.0470909090909091;0.640926640926641;0.686999618757148;156;372;2.78494623655914;2.46203371160792;49;0.657894736842105;0.688789963577499;-0.00868210909090909
71;Y ~ X1 + X2 + X3 + X1:X2 + X1:X3 + X2:X3;0.8;1;1;1;1;0.0397272727272727;0.615560640732265;0.686659396583061;41;336;2.60119047619048;2.23510339739228;19;0.543859649122807;0.692832764505119;-0.0171589272727273
72;Y ~ X1 + X2 + X3 + X1:X2 + X1:X3 + X2:X3;0.8;1;1;1;1;0.0269090909090909;0.543918918918919;0.744983582634075;157;270;2.19259259259259;2.12833161586932;32;0.546666666666667;0.750562640660165;0.0486265818181818
73;Y ~ X1 + X2 + X3 + X1:X2 + X1:X3 + X2:X3;0.8;1;1;1;1;0.0305454545454545;0.594029850746269;0.727438136826783;10;273;2.45255474452555;1.80673089128545;5;0.567567567567568;0.731862378459237;0.0338668
74;Y ~ X1 + X2 + X3 + X1:X2 + X1:X3 + X2:X3;0.8;1;1;1;1;0.052;0.629370629370629;0.681650700073692;13;424;2.69811320754717;2.08660731150626;2;0.561290322580645;0.688940992575225;0.0132512909090909
75;Y ~ X1 + X2 + X3 + X1:X2 + X1:X3 + X2:X3;0.8;1;1;1;1;0.0307272727272727;0.578171091445428;0.655369247235105;41;285;2.38028169014085;2.09941698886561;19;0.619565217391304;0.656584286241239;0.0160590181818182
76;Y ~ X1 + X2 + X3 + X1:X2 + X1:X3 + X2:X3;0.8;1;1;1;1;0.0410909090909091;0.592920353982301;0.727238805970149;13;368;2.45652173913043;1.84012973810999;4;0.605504587155963;0.732399844418514;0.0378348818181818
77;Y ~ X1 + X2 + X3 + X1:X2 + X1:X3 + X2:X3;0.8;1;1;1;1;0.0333636363636364;0.626702997275204;0.705389657683904;66;274;2.67883211678832;2.20938608244776;16;0.5125;0.711177794448612;-0.0105782545454546
78;Y ~ X1 + X2 + X3 + X1:X2 + X1:X3 + X2:X3;0.8;1;1;1;1;0.0349090909090909;0.5859375;0.685409775817714;122;318;2.41509433962264;2.18829419374669;30;0.567307692307692;0.690103171570501;-0.0329896636363636
79;Y ~ X1 + X2 + X3 + X1:X2 + X1:X3 + X2:X3;0.8;1;1;1;1;0.0410909090909091;0.652654867256637;0.665940450254176;70;314;2.87898089171975;2.51240593259635;24;0.663716814159292;0.666035592578569;0.0380292363636364
80;Y ~ X1 + X2 + X3 + X1:X2 + X1:X3 + X2:X3;0.8;1;1;1;1;0.0388181818181818;0.626168224299065;0.685042263873576;139;319;2.66875;2.25907499019416;40;0.645454545454546;0.686710072769054;-0.0317554727272727
81;Y ~ X1 + X2 + X3 + X1:X2 + X1:X3 + X2:X3;0.8;1;1;1;1;0.0313636363636364;0.617391304347826;0.658414065303193;93;264;2.61363636363636;2.14599832556414;24;0.536842105263158;0.662704309063893;-0.0172689
82;Y ~ X1 + X2 + X3 + X1:X2 + X1:X3 + X2:X3;0.8;1;1;1;1;0.0377272727272727;0.587951807228916;0.757772957339118;15;342;2.42690058479532;1.9968154901801;5;0.571428571428571;0.764617691154423;0.0171847909090909
83;Y ~ X1 + X2 + X3 + X1:X2 + X1:X3 + X2:X3;0.8;1;1;1;1;0.0493636363636364;0.629834254143646;0.656055616538602;106;402;2.70149253731343;2.16343425164576;44;0.608391608391608;0.658687258687259;0.024414
84;Y ~ X1 + X2 + X3 + X1:X2 + X1:X3 + X2:X3;0.8;1;1;1;1;0.0716363636363636;0.701397712833545;0.69620253164557;10;471;3.33898305084746;2.95129351801862;6;0.711442786069652;0.694969818913481;-0.0142540272727273
85;Y ~ X1 + X2 + X3 + X1:X2 + X1:X3 + X2:X3;0.8;1;1;1;1;0.0315454545454545;0.594827586206897;0.727864112757499;142;281;2.46099290780142;2.05814663678776;42;0.6;0.730698189878094;-0.000813045454545451
86;Y ~ X1 + X2 + X3 + X1:X2 + X1:X3 + X2:X3;0.8;1;1;1;1;0.0241818181818182;0.590225563909774;0.712023038156947;295;218;2.44036697247706;1.96935406152368;88;0.536231884057971;0.716500553709856;-0.0118489909090909
87;Y ~ X1 + X2 + X3 + X1:X2 + X1:X3 + X2:X3;0.8;1;1;1;1;0.0263636363636364;0.572413793103448;0.660701503221188;134;248;2.33870967741935;1.9873056351214;45;0.567567567567568;0.663235294117647;-0.0198974727272727
88;Y ~ X1 + X2 + X3 + X1:X2 + X1:X3 + X2:X3;0.8;1;1;1;1;0.0478181818181818;0.665399239543726;0.658945117605132;51;352;2.98863636363636;2.56122434196424;15;0.64;0.659828422230511;0.0155490909090909
89;Y ~ X1 + X2 + X3 + X1:X2 + X1:X3 + X2:X3;0.8;1;1;1;1;0.0272727272727273;0.556666666666667;0.688679245283019;63;266;2.25563909774436;2.00625588015128;19;0.544303797468354;0.692939858050056;-0.0170011454545455
90;Y ~ X1 + X2 + X3 + X1:X2 + X1:X3 + X2:X3;0.8;1;1;1;1;0.025;0.592727272727273;0.676296296296296;5;224;2.45535714285714;1.75472793947385;4;0.608695652173913;0.678069175218548;0.0499493818181818
91;Y ~ X1 + X2 + X3 + X1:X2 + X1:X3 + X2:X3;0.8;1;1;1;1;0.0729090909090909;0.718204488778055;0.709735794426348;5;452;3.54867256637168;3.3664782797259;3;0.701570680628272;0.710342146189736;0.0206300545454546
92;Y ~ X1 + X2 + X3 + X1:X2 + X1:X3 + X2:X3;0.8;1;1;1;1;0.052;0.67600700525394;0.727339449541284;143;371;3.0752688172043;2.66807576836286;33;0.614814814814815;0.733204633204633;0.00621727272727273
93;Y ~ X1 + X2 + X3 + X1:X2 + X1:X3 + X2:X3;0.8;1;1;1;1;0.0317272727272727;0.610315186246418;0.677396533427662;24;272;2.56617647058824;2.00259907373117;8;0.588888888888889;0.680306905370844;0.00189723636363636
94;Y ~ X1 + X2 + X3 + X1:X2 + X1:X3 + X2:X3;0.8;1;1;1;1;0.0195454545454545;0.572093023255814;0.742429906542056;103;184;2.33695652173913;1.78687014669947;29;0.577777777777778;0.745247148288973;0.0161328181818182
95;Y ~ X1 + X2 + X3 + X1:X2 + X1:X3 + X2:X3;0.8;1;1;1;1;0.0304545454545455;0.562874251497006;0.692336874051593;6;293;2.27891156462585;1.60385798967045;2;0.569620253164557;0.696128275322644;-0.00991525454545455
96;Y ~ X1 + X2 + X3 + X1:X2 + X1:X3 + X2:X3;0.8;1;1;1;1;0.0384545454545455;0.58628841607565;0.666063020644694;27;350;2.41714285714286;1.98057894042239;11;0.568807339449541;0.670060331825038;-0.0293388909090909
97;Y ~ X1 + X2 + X3 + X1:X2 + X1:X3 + X2:X3;0.8;1;1;1;1;0.0352727272727273;0.628865979381443;0.680560546173194;31;288;2.69444444444444;2.48991750861132;12;0.616071428571429;0.683264694870835;-0.0102335454545455
98;Y ~ X1 + X2 + X3 + X1:X2 + X1:X3 + X2:X3;0.8;1;1;1;1;0.0262727272727273;0.615916955017301;0.683882783882784;50;222;2.6036036036036;2.24126295272545;24;0.685714285714286;0.683834586466165;0.0380552818181818
99;Y ~ X1 + X2 + X3 + X1:X2 + X1:X3 + X2:X3;0.8;1;1;1;1;0.0560909090909091;0.674230145867099;0.711926605504587;6;402;3.06965174129353;2.45053552884047;3;0.675675675675676;0.714008537058595;0.00415919090909091
100;Y ~ X1 + X2 + X3 + X1:X2 + X1:X3 + X2:X3;0.8;1;1;1;1;0.0517272727272727;0.666666666666667;0.690408017179671;46;379;3.01058201058201;2.45597278466932;18;0.578947368421053;0.696820590461771;0.0120061454545455
1;Y ~ X1 + X2 + X3 + X1:X2 + X1:X3 + X2:X3;0.8;300;1;1;1;0.0437272727272727;0.621621621621622;0.728349710717238;299;364;2.64285714285714;4.35432452486914;139;0.623949579831933;0.733122058964756;0.0302373090909091
2;Y ~ X1 + X2 + X3 + X1:X2 + X1:X3 + X2:X3;0.8;300;1;1;1;0.0537272727272727;0.629441624365482;0.637530954783087;2079;438;2.6986301369863;3.55307696413018;837;0.629692832764505;0.637976155859261;-0.0262756
3;Y ~ X1 + X2 + X3 + X1:X2 + X1:X3 + X2:X3;0.8;300;1;1;1;0.029;0.344827586206897;0.658735991181334;1360;418;1.52631578947368;1.02868769826746;560;0.34384858044164;0.668180527959126;0.0127618909090909
4;Y ~ X1 + X2 + X3 + X1:X2 + X1:X3 + X2:X3;0.8;300;1;1;1;0.0439090909090909;0.606625258799172;0.66920675725303;1360;380;2.54210526315789;4.21584511596087;449;0.605427974947808;0.672140593488908;-0.0262112090909091
5;Y ~ X1 + X2 + X3 + X1:X2 + X1:X3 + X2:X3;0.8;300;1;1;1;0.0223636363636364;0.463414634146341;0.657725519015249;638;264;1.86363636363636;1.6381553919373;235;0.458677685950413;0.662251033446073;-0.00289018181818182
6;Y ~ X1 + X2 + X3 + X1:X2 + X1:X3 + X2:X3;0.8;300;1;1;1;0.00736363636363636;0.333333333333333;0.735353535353535;4058;108;1.5;0.863297757942139;1090;0.333333333333333;0.738366176334536;-0.000405272727272729
7;Y ~ X1 + X2 + X3 + X1:X2 + X1:X3 + X2:X3;0.8;300;1;1;1;0.0114545454545455;0.246031746031746;0.670432626067787;4171;190;1.32631578947368;0.675436899790872;1535;0.24;0.675432075822338;0.0273230636363636
8;Y ~ X1 + X2 + X3 + X1:X2 + X1:X3 + X2:X3;0.8;300;1;1;1;0.0472727272727273;0.688461538461538;0.696358132281442;921;324;3.20987654320988;8.01507283380804;219;0.687984496124031;0.696774193548387;0.00175238181818182
9;Y ~ X1 + X2 + X3 + X1:X2 + X1:X3 + X2:X3;0.8;300;1;1;1;0.0317272727272727;0.464183381088825;0.662225489295231;168;374;1.86631016042781;2.07605104098832;19;0.468208092485549;0.6685963746797;-0.0217687272727273
10;Y ~ X1 + X2 + X3 + X1:X2 + X1:X3 + X2:X3;0.8;300;1;1;1;0.00445454545454545;0.285714285714286;0.716198862594019;708;70;1.4;0.694516336148021;207;0.285714285714286;0.718142449092417;0.0267490909090909
11;Y ~ X1 + X2 + X3 + X1:X2 + X1:X3 + X2:X3;0.8;300;1;1;1;0.140727272727273;0.694444444444444;0.737108190091001;1567;946;3.27272727272727;5.91819554600904;535;0.693917593198169;0.744171122994652;-0.0139972636363636
12;Y ~ X1 + X2 + X3 + X1:X2 + X1:X3 + X2:X3;0.8;300;1;1;1;0.0168181818181818;0.340540540540541;0.664065369078223;3425;244;1.51639344262295;0.911212130298388;892;0.348066298342541;0.669405284287181;0.00932443636363637
13;Y ~ X1 + X2 + X3 + X1:X2 + X1:X3 + X2:X3;0.8;300;1;1;1;0.0187272727272727;0.407766990291262;0.658066293269672;2739;244;1.68852459016393;1.01298974249426;543;0.406862745098039;0.662861420417329;-0.0187622727272727
14;Y ~ X1 + X2 + X3 + X1:X2 + X1:X3 + X2:X3;0.8;300;1;1;1;0.004;0.159090909090909;0.673950968689744;6015;74;1.18918918918919;0.518429135725191;1869;0.159090909090909;0.676039457914631;0.0254125545454545
15;Y ~ X1 + X2 + X3 + X1:X2 + X1:X3 + X2:X3;0.8;300;1;1;1;0.0243636363636364;0.302238805970149;0.645596330275229;1298;374;1.4331550802139;0.885712271851869;466;0.300751879699248;0.654222305811548;0.0219223727272727
16;Y ~ X1 + X2 + X3 + X1:X2 + X1:X3 + X2:X3;0.8;300;1;1;1;0.0606363636363636;0.668665667166417;0.621619143669203;562;442;3.01809954751131;3.62436677968464;224;0.670676691729323;0.618433899628979;-0.00728807272727273
17;Y ~ X1 + X2 + X3 + X1:X2 + X1:X3 + X2:X3;0.8;300;1;1;1;0.0444545454545455;0.591002044989775;0.712253327214318;6248;400;2.445;1.80645826336687;1685;0.588477366255144;0.718032471899318;0.0202807545454545
18;Y ~ X1 + X2 + X3 + X1:X2 + X1:X3 + X2:X3;0.8;300;1;1;1;0.035;0.446753246753247;0.669083899394162;1368;426;1.8075117370892;1.21140021357763;348;0.447643979057592;0.677130898021309;-0.00309872727272727
19;Y ~ X1 + X2 + X3 + X1:X2 + X1:X3 + X2:X3;0.8;300;1;1;1;0;NA;0.70978988898064;NA;NA;NA;NA;0;NA;0.70978988898064;0.0297124272727273
20;Y ~ X1 + X2 + X3 + X1:X2 + X1:X3 + X2:X3;0.8;300;1;1;1;0.034;0.5;0.671743119266055;769;374;2;2.38498889787998;272;0.501355013550135;0.6777134175292;0.00780492727272727
21;Y ~ X1 + X2 + X3 + X1:X2 + X1:X3 + X2:X3;0.8;300;1;1;1;0.0386363636363636;0.505882352941176;0.685790343308243;2415;420;2.02380952380952;1.52942581148205;781;0.504739336492891;0.693086325439267;-0.00365572727272727
22;Y ~ X1 + X2 + X3 + X1:X2 + X1:X3 + X2:X3;0.8;300;1;1;1;0.0596363636363636;0.722560975609756;0.690810612319838;5252;364;3.6043956043956;4.14216726276086;1443;0.721792890262751;0.688854186999805;-0.0206488090909091
23;Y ~ X1 + X2 + X3 + X1:X2 + X1:X3 + X2:X3;0.8;300;1;1;1;0.00609090909090909;0.238805970149254;0.6616810423931;2724;102;1.31372549019608;0.67794383479552;795;0.238805970149254;0.664296925491644;-0.0256877909090909
24;Y ~ X1 + X2 + X3 + X1:X2 + X1:X3 + X2:X3;0.8;300;1;1;1;0.0871818181818182;0.634375;0.624598734293314;5;701;2.73219373219373;3.28060369480384;2;0.634736842105263;0.623631066010248;-0.00931623636363636
25;Y ~ X1 + X2 + X3 + X1:X2 + X1:X3 + X2:X3;0.8;300;1;1;1;0.0219090909090909;0.427385892116183;0.640047785333578;1326;276;1.7463768115942;1.09452248830921;600;0.432773109243697;0.644682450206689;0.0248525090909091
26;Y ~ X1 + X2 + X3 + X1:X2 + X1:X3 + X2:X3;0.8;300;1;1;1;0.0616363636363636;0.495575221238938;0.637774309062529;5;684;1.98245614035088;1.79596708266057;2;0.495535714285714;0.647127899011645;0.0315778181818182
27;Y ~ X1 + X2 + X3 + X1:X2 + X1:X3 + X2:X3;0.8;300;1;1;1;0.024;0.412878787878788;0.641668964249609;188;310;1.70322580645161;1.2952169429095;78;0.405405405405405;0.647429862549426;0.00947335454545455
28;Y ~ X1 + X2 + X3 + X1:X2 + X1:X3 + X2:X3;0.8;300;1;1;1;0.0454545454545455;0.642;0.673061037173015;2045;358;2.79329608938547;2.97871848180741;470;0.637651821862348;0.674742813191039;-0.0243479272727273
29;Y ~ X1 + X2 + X3 + X1:X2 + X1:X3 + X2:X3;0.8;300;1;1;1;0.0284545454545455;0.536741214057508;0.75324078330422;2287;290;2.15862068965517;2.41141919390545;675;0.535483870967742;0.759629033784423;0.00907066363636364
30;Y ~ X1 + X2 + X3 + X1:X2 + X1:X3 + X2:X3;0.8;300;1;1;1;0.0296363636363636;0.576687116564417;0.676678607513548;923;276;2.36231884057971;2.72576789953294;363;0.575851393188854;0.679761453994699;0.0115713818181818
31;Y ~ X1 + X2 + X3 + X1:X2 + X1:X3 + X2:X3;0.8;300;1;1;1;0.0202727272727273;0.401785714285714;0.738563292302039;7;267;1.67669172932331;1.01912672198377;2;0.396396396396396;0.745686421605401;0.0174168454545455
32;Y ~ X1 + X2 + X3 + X1:X2 + X1:X3 + X2:X3;0.8;300;1;1;1;0.0655454545454545;0.65880721220527;0.751010286554004;3112;492;2.93089430894309;4.74140477041847;651;0.659154929577465;0.757417960306544;0.00395006363636364
33;Y ~ X1 + X2 + X3 + X1:X2 + X1:X3 + X2:X3;0.8;300;1;1;1;0.00536363636363636;0.322033898305085;0.650132942147245;5038;80;1.475;1.19802187386392;1585;0.322033898305085;0.651917404129793;0.00153151818181819
34;Y ~ X1 + X2 + X3 + X1:X2 + X1:X3 + X2:X3;0.8;300;1;1;1;0.0472727272727273;0.688461538461538;0.696358132281442;921;324;3.20987654320988;8.01507283380804;219;0.687984496124031;0.696774193548387;0.00175238181818182
35;Y ~ X1 + X2 + X3 + X1:X2 + X1:X3 + X2:X3;0.8;300;1;1;1;0.0229090909090909;0.44047619047619;0.713235294117647;127;282;1.78723404255319;1.74768626899476;57;0.437751004016064;0.719687705766156;-0.0202827545454545
36;Y ~ X1 + X2 + X3 + X1:X2 + X1:X3 + X2:X3;0.8;300;1;1;1;0.0907272727272727;0.552104208416834;0.641885682778901;1919;894;2.23266219239374;5.1200395729603;756;0.551411290322581;0.650960566228514;-0.0165330636363636
37;Y ~ X1 + X2 + X3 + X1:X2 + X1:X3 + X2:X3;0.8;300;1;1;1;0.0270909090909091;0.523489932885906;0.627661527165932;1026;284;2.09859154929577;1.88427557859733;445;0.521885521885522;0.630625530710444;0.0105453545454545
38;Y ~ X1 + X2 + X3 + X1:X2 + X1:X3 + X2:X3;0.8;300;1;1;1;0.0136363636363636;0.466666666666667;0.675243521411505;1347;160;1.875;1.25662799748002;521;0.459459459459459;0.67821874417738;0.0361387545454546
39;Y ~ X1 + X2 + X3 + X1:X2 + X1:X3 + X2:X3;0.8;300;1;1;1;0.0121818181818182;0.291044776119403;0.728642292853206;555;190;1.41052631578947;0.721917317746163;194;0.291044776119403;0.734095982142857;0.00990902727272728
40;Y ~ X1 + X2 + X3 + X1:X2 + X1:X3 + X2:X3;0.8;300;1;1;1;0.00963636363636364;0.245283018867924;0.651250459727841;3014;160;1.325;0.689431980471027;786;0.245283018867925;0.655246053853296;-0.0468523363636364
41;Y ~ X1 + X2 + X3 + X1:X2 + X1:X3 + X2:X3;0.8;300;1;1;1;0.014;0.337662337662338;0.615730543318649;5581;204;1.50980392156863;0.817447101134248;1912;0.339869281045752;0.61965931304105;0.0225614727272727
42;Y ~ X1 + X2 + X3 + X1:X2 + X1:X3 + X2:X3;0.8;300;1;1;1;0.0151818181818182;0.397590361445783;0.707751653196179;2214;201;1.65346534653465;1.8891037216858;538;0.392638036809816;0.712540792540793;-0.0111798727272727
43;Y ~ X1 + X2 + X3 + X1:X2 + X1:X3 + X2:X3;0.8;300;1;1;1;0.0101818181818182;0.303571428571429;0.636681062207112;2944;156;1.43589743589744;0.815272141477105;1160;0.303571428571429;0.640144833348807;0.0179380636363636
44;Y ~ X1 + X2 + X3 + X1:X2 + X1:X3 + X2:X3;0.8;300;1;1;1;0.225;0.700606060606061;0.692060578246902;803;1482;3.34008097165992;4.3895298638769;314;0.701102490812577;0.689438787591759;0.0240465363636364
45;Y ~ X1 + X2 + X3 + X1:X2 + X1:X3 + X2:X3;0.8;300;1;1;1;0.00190909090909091;0.666666666666667;0.789357798165138;283;14;3;1.91485421551268;66;0.666666666666667;0.789594631859546;0.0164466818181818
46;Y ~ X1 + X2 + X3 + X1:X2 + X1:X3 + X2:X3;0.8;300;1;1;1;0.0433636363636364;0.53765690376569;0.723583952997338;9418;441;2.16818181818182;2.4390069024067;2454;0.535181236673774;0.732060629316961;-0.0462636727272727
47;Y ~ X1 + X2 + X3 + X1:X2 + X1:X3 + X2:X3;0.8;300;1;1;1;0.0210909090909091;0.405172413793103;0.738324616937334;746;276;1.68115942028985;2.47906712866236;162;0.404347826086957;0.745524416533883;-0.0465007090909091
48;Y ~ X1 + X2 + X3 + X1:X2 + X1:X3 + X2:X3;0.8;300;1;1;1;0.0668181818181818;0.66530612244898;0.719096999174085;252;492;2.98780487804878;6.09615583610676;105;0.665749656121045;0.72291052114061;-0.0199132272727273
49;Y ~ X1 + X2 + X3 + X1:X2 + X1:X3 + X2:X3;0.8;300;1;1;1;0.0379090909090909;0.520383693045564;0.650745444505798;599;400;2.085;2.05643370863005;91;0.518248175182482;0.655954088952654;0.00358260909090909
50;Y ~ X1 + X2 + X3 + X1:X2 + X1:X3 + X2:X3;0.8;300;1;1;1;0.0605454545454545;0.529235382308846;0.706125068769485;11;627;2.12101910828025;10.3931350643628;2;0.528700906344411;0.717590784849668;-0.00584750909090909
51;Y ~ X1 + X2 + X3 + X1:X2 + X1:X3 + X2:X3;0.8;300;1;1;1;0.0749090909090909;0.786407766990291;0.752662504590525;4;352;4.68181818181818;20.4783065452454;1;0.785801713586291;0.749975186104218;-0.0260946090909091
52;Y ~ X1 + X2 + X3 + X1:X2 + X1:X3 + X2:X3;0.8;300;1;1;1;0.0592727272727273;0.470858895705521;0.664798309289718;445;690;1.88985507246377;1.28250129510976;58;0.468944099378882;0.677116905947846;-0.0114797909090909
53;Y ~ X1 + X2 + X3 + X1:X2 + X1:X3 + X2:X3;0.8;300;1;1;1;0.0106363636363636;0.333333333333333;0.606360553569792;1719;156;1.5;0.879049072991533;662;0.330434782608696;0.609299740644683;0.0559730181818182
54;Y ~ X1 + X2 + X3 + X1:X2 + X1:X3 + X2:X3;0.8;300;1;1;1;0.00890909090909091;0.357142857142857;0.71537402478201;4551;126;1.55555555555556;1.04384181501175;1210;0.354166666666667;0.718585054171683;0.0166684909090909
55;Y ~ X1 + X2 + X3 + X1:X2 + X1:X3 + X2:X3;0.8;300;1;1;1;0.0661818181818182;0.532235939643347;0.633051936135071;2;681;2.14117647058824;8.18250950128857;2;0.533333333333333;0.640106111220279;0.0157017636363636
56;Y ~ X1 + X2 + X3 + X1:X2 + X1:X3 + X2:X3;0.8;300;1;1;1;0.0531818181818182;0.712820512820513;0.688907269552431;2676;336;3.48214285714286;3.80666483645125;988;0.715025906735751;0.687439332168511;0.0313473181818182
57;Y ~ X1 + X2 + X3 + X1:X2 + X1:X3 + X2:X3;0.8;300;1;1;1;0.00572727272727273;0.396825396825397;0.754637281910009;9706;76;1.65789473684211;0.908706112795006;2310;0.396825396825397;0.756719312829038;0.00883678181818182
58;Y ~ X1 + X2 + X3 + X1:X2 + X1:X3 + X2:X3;0.8;300;1;1;1;0.0394545454545455;0.599078341013825;0.626206009372416;2081;348;2.49425287356322;2.15778500870171;930;0.603729603729604;0.627128371915056;9.12545454545444e-05
59;Y ~ X1 + X2 + X3 + X1:X2 + X1:X3 + X2:X3;0.8;300;1;1;1;0.0654545454545455;0.7125;0.704461990451708;5549;414;3.47826086956522;8.59545267391315;1421;0.710674157303371;0.704027504911591;0.0216722636363636
60;Y ~ X1 + X2 + X3 + X1:X2 + X1:X3 + X2:X3;0.8;300;1;1;1;0.0218181818181818;0.495833333333333;0.693763203821071;2;242;1.98347107438017;1.65822933212096;1;0.493670886075949;0.698215962441315;0.0218128181818182
61;Y ~ X1 + X2 + X3 + X1:X2 + X1:X3 + X2:X3;0.8;300;1;1;1;0.0896363636363636;0.530425963488844;0.6651363511156;1411;926;2.12958963282937;4.23912528295256;301;0.528747433264887;0.67853181405667;0.0155719090909091
62;Y ~ X1 + X2 + X3 + X1:X2 + X1:X3 + X2:X3;0.8;300;1;1;1;0.00354545454545455;0.435897435897436;0.729998160750414;2362;44;1.77272727272727;1.10977553207923;916;0.435897435897436;0.731056760498385;0.0242562454545454
63;Y ~ X1 + X2 + X3 + X1:X2 + X1:X3 + X2:X3;0.8;300;1;1;1;0.0260909090909091;0.681818181818182;0.780389276533235;6647;183;3.1195652173913;4.51333163486237;1262;0.683098591549296;0.782993966817496;0.0284677545454545
64;Y ~ X1 + X2 + X3 + X1:X2 + X1:X3 + X2:X3;0.8;300;1;1;1;0.000727272727272727;0.5;0.676214082438263;5102;8;2;1.4142135623731;1811;0.5;0.676343592099219;-0.00227987272727273
65;Y ~ X1 + X2 + X3 + X1:X2 + X1:X3 + X2:X3;0.8;300;1;1;1;0.0638181818181818;0.827635327635328;0.720793534166054;80;242;5.80165289256198;23.2467273089894;39;0.828776978417266;0.713430785833415;-0.00859088181818182
66;Y ~ X1 + X2 + X3 + X1:X2 + X1:X3 + X2:X3;0.8;300;1;1;1;0.0500909090909091;0.509981851179673;0.708199430722615;3078;540;2.04074074074074;2.22402549717594;864;0.507352941176471;0.718759060597275;-0.00101165454545455
67;Y ~ X1 + X2 + X3 + X1:X2 + X1:X3 + X2:X3;0.8;300;1;1;1;0.0223636363636364;0.463414634146341;0.657725519015249;638;264;1.86363636363636;1.6381553919373;235;0.458677685950413;0.662251033446073;-0.00289018181818182
68;Y ~ X1 + X2 + X3 + X1:X2 + X1:X3 + X2:X3;0.8;300;1;1;1;0.00454545454545455;0.24;0.724397176125424;991;76;1.31578947368421;0.774780288224563;353;0.24;0.726627981947131;-0.0332180909090909
69;Y ~ X1 + X2 + X3 + X1:X2 + X1:X3 + X2:X3;0.8;300;1;1;1;0.0339090909090909;0.525469168900804;0.677549523110785;1794;354;2.10734463276836;6.50129377507828;785;0.525745257452574;0.682866635026103;0.00958504545454545
70;Y ~ X1 + X2 + X3 + X1:X2 + X1:X3 + X2:X3;0.8;300;1;1;1;0.0227272727272727;0.464;0.637340435301681;42;268;1.86567164179104;1.31384212310799;17;0.464;0.641413666697998;-0.00682408181818182
71;Y ~ X1 + X2 + X3 + X1:X2 + X1:X3 + X2:X3;0.8;300;1;1;1;0.148636363636364;0.678899082568807;0.700064285058316;2248;1050;3.11428571428571;6.48561868501162;532;0.678175092478422;0.70389554332578;-0.0118800818181818
72;Y ~ X1 + X2 + X3 + X1:X2 + X1:X3 + X2:X3;0.8;300;1;1;1;0.0107272727272727;0.483050847457627;0.755983493810179;2061;122;1.9344262295082;1.28930022956921;674;0.487179487179487;0.758898776418242;0.0480778818181818
73;Y ~ X1 + X2 + X3 + X1:X2 + X1:X3 + X2:X3;0.8;300;1;1;1;0.0574545454545455;0.583860759493671;0.718386061439707;2722;526;2.40304182509506;6.84152051270219;833;0.579872204472843;0.726821675260239;0.0322814727272727
74;Y ~ X1 + X2 + X3 + X1:X2 + X1:X3 + X2:X3;0.8;300;1;1;1;0.0506363636363636;0.755834829443447;0.710627753303965;1602;272;4.09558823529412;24.6152252422254;538;0.754512635379061;0.708276929027267;0.0162454181818182
75;Y ~ X1 + X2 + X3 + X1:X2 + X1:X3 + X2:X3;0.8;300;1;1;1;0.0399090909090909;0.645454545454546;0.696847507331378;31;311;2.81410256410256;7.79644624352162;2;0.641379310344828;0.699150520187076;0.0174931181818182
76;Y ~ X1 + X2 + X3 + X1:X2 + X1:X3 + X2:X3;0.8;300;1;1;1;0.0101818181818182;0.504504504504504;0.683146480426392;2;111;2;1.1908743922773;1;0.5;0.68501670998886;0.0369448272727273
77;Y ~ X1 + X2 + X3 + X1:X2 + X1:X3 + X2:X3;0.8;300;1;1;1;0.00345454545454545;0.236842105263158;0.712947658402204;1337;58;1.31034482758621;0.603764871207686;196;0.236842105263158;0.714614817545153;-0.0104470363636364
78;Y ~ X1 + X2 + X3 + X1:X2 + X1:X3 + X2:X3;0.8;300;1;1;1;0.0824545454545455;0.783902976846747;0.694110079941193;3344;392;4.62755102040816;22.0907001229128;1320;0.786830357142857;0.685791528987684;-0.0315404363636364
79;Y ~ X1 + X2 + X3 + X1:X2 + X1:X3 + X2:X3;0.8;300;1;1;1;0.0197272727272727;0.32258064516129;0.602331130690162;468;294;1.47619047619048;0.862723731818548;183;0.319444444444444;0.608052434456929;0.0388482
80;Y ~ X1 + X2 + X3 + X1:X2 + X1:X3 + X2:X3;0.8;300;1;1;1;0.0352727272727273;0.637532133676093;0.683581540724398;85;281;2.75177304964539;7.07223548045332;2;0.638743455497382;0.685213414634146;-0.0308008090909091
81;Y ~ X1 + X2 + X3 + X1:X2 + X1:X3 + X2:X3;0.8;300;1;1;1;0.0366363636363636;0.754342431761787;0.657006603081438;4802;198;4.07070707070707;5.10752251386554;1689;0.755610972568579;0.653241930876892;-0.0140301727272727
82;Y ~ X1 + X2 + X3 + X1:X2 + X1:X3 + X2:X3;0.8;300;1;1;1;0.0319090909090909;0.783475783475784;0.808606294155427;24;152;4.61842105263158;9.72689344756849;10;0.782608695652174;0.809456130377108;0.0176704090909091
83;Y ~ X1 + X2 + X3 + X1:X2 + X1:X3 + X2:X3;0.8;300;1;1;1;0.081;0.618406285072952;0.673639783466373;722;680;2.62058823529412;2.72649833362924;206;0.616252821670429;0.678717667032857;0.0276012727272727
84;Y ~ X1 + X2 + X3 + X1:X2 + X1:X3 + X2:X3;0.8;300;1;1;1;0.064;0.559659090909091;0.711677827722227;2587;620;2.27096774193548;1.92348684670353;813;0.558273381294964;0.722124240642759;-0.00674719090909091
85;Y ~ X1 + X2 + X3 + X1:X2 + X1:X3 + X2:X3;0.8;300;1;1;1;0.0895454545454545;0.755578093306288;0.718623853211009;5;481;4.08713692946058;14.8002210181247;2;0.756122448979592;0.71491935483871;-0.0039701
86;Y ~ X1 + X2 + X3 + X1:X2 + X1:X3 + X2:X3;0.8;300;1;1;1;0.0308181818181818;0.52212389380531;0.695112989160389;747;324;2.09259259259259;2.13752499692784;143;0.518072289156627;0.700682205798749;-0.00943690909090909
87;Y ~ X1 + X2 + X3 + X1:X2 + X1:X3 + X2:X3;0.8;300;1;1;1;0.0864545454545455;0.649842271293375;0.620299714994943;1454;666;2.85585585585586;3.47065194783564;526;0.649627263045793;0.617528677802375;-0.0178122545454545
88;Y ~ X1 + X2 + X3 + X1:X2 + X1:X3 + X2:X3;0.8;300;1;1;1;0.0325454545454545;0.55586592178771;0.69865907421014;3907;318;2.25157232704403;2.71183191261319;1690;0.552407932011331;0.703559563360228;0.0160874363636364
89;Y ~ X1 + X2 + X3 + X1:X2 + X1:X3 + X2:X3;0.8;300;1;1;1;0.000818181818181818;0.333333333333333;0.704292673959004;4994;12;1.5;0.836660026534076;1696;0.333333333333333;0.70459981600736;-0.0104516
90;Y ~ X1 + X2 + X3 + X1:X2 + X1:X3 + X2:X3;0.8;300;1;1;1;0.052;0.517482517482518;0.705341546382275;4914;552;2.07246376811594;8.24103937059964;1287;0.517667844522968;0.715643487537581;0.0526547636363636
91;Y ~ X1 + X2 + X3 + X1:X2 + X1:X3 + X2:X3;0.8;300;1;1;1;0.0390909090909091;0.737209302325581;0.676737992469465;4;226;3.80530973451327;4.14439898942719;1;0.738207547169811;0.674247491638796;0.014534
92;Y ~ X1 + X2 + X3 + X1:X2 + X1:X3 + X2:X3;0.8;300;1;1;1;0.0887272727272727;0.756147540983607;0.723144665627007;3110;476;4.10084033613445;8.06083929206775;1065;0.757763975155279;0.719778560644187;0.0078386090909091
93;Y ~ X1 + X2 + X3 + X1:X2 + X1:X3 + X2:X3;0.8;300;1;1;1;0.0268181818181818;0.484745762711864;0.663820802350133;271;304;1.94078947368421;3.46645906444189;87;0.482876712328767;0.668804829733044;0.00137434545454545
94;Y ~ X1 + X2 + X3 + X1:X2 + X1:X3 + X2:X3;0.8;300;1;1;1;0.00363636363636364;0.175;0.698723247910352;2;66;1.21212121212121;0.415148750267281;1;0.175;0.700654558864202;0.0215434909090909
95;Y ~ X1 + X2 + X3 + X1:X2 + X1:X3 + X2:X3;0.8;300;1;1;1;0.00945454545454546;0.240384615384615;0.693877551020408;943;158;1.31645569620253;0.707909595080389;359;0.240384615384615;0.698255058474104;-0.0132118272727273
96;Y ~ X1 + X2 + X3 + X1:X2 + X1:X3 + X2:X3;0.8;300;1;1;1;0.0402727272727273;0.419864559819413;0.665169157421839;533;514;1.72373540856031;1.45423037797245;225;0.419501133786848;0.675520733804701;-0.0306617181818182
97;Y ~ X1 + X2 + X3 + X1:X2 + X1:X3 + X2:X3;0.8;300;1;1;1;0.0202727272727273;0.582959641255605;0.664523831389476;1;186;2.39784946236559;3.02575820518139;1;0.583710407239819;0.666197975253093;-0.0135136272727273
98;Y ~ X1 + X2 + X3 + X1:X2 + X1:X3 + X2:X3;0.8;300;1;1;1;0.00472727272727273;0.269230769230769;0.676395007342144;2839;76;1.36842105263158;0.633354545326193;802;0.269230769230769;0.678347473257101;0.0372570818181818
99;Y ~ X1 + X2 + X3 + X1:X2 + X1:X3 + X2:X3;0.8;300;1;1;1;0.000272727272727273;0;0.702082759886228;4312;6;1;0;1064;0;0.702276064610866;0.00615695454545455
100;Y ~ X1 + X2 + X3 + X1:X2 + X1:X3 + X2:X3;0.8;300;1;1;1;0.193545454545455;0.786384976525822;0.68038496791934;18;909;4.67912087912088;21.181050443825;2;0.785714285714286;0.655070486584811;0.00868990909090909
1;Y ~ X1 + X2 + X3 + X1:X2 + X1:X3 + X2:X3;0.8;1;300;1;1;0;NA;0.695652173913043;NA;NA;NA;NA;0;NA;0.695652173913043;0.0363123272727273
2;Y ~ X1 + X2 + X3 + X1:X2 + X1:X3 + X2:X3;0.8;1;300;1;1;0;NA;0.7;NA;NA;NA;NA;0;NA;0.7;-0.0252314818181818
3;Y ~ X1 + X2 + X3 + X1:X2 + X1:X3 + X2:X3;0.8;1;300;1;1;0.000181818181818182;0.5;0.681818181818182;8438;2;2;NA;2972;NA;0.681818181818182;0.00691612727272727
4;Y ~ X1 + X2 + X3 + X1:X2 + X1:X3 + X2:X3;0.8;1;300;1;1;9.09090909090909e-05;0;0.657142857142857;10386;2;1;NA;3899;NA;0.657142857142857;-0.0172417727272727
5;Y ~ X1 + X2 + X3 + X1:X2 + X1:X3 + X2:X3;0.8;1;300;1;1;0;NA;0.743589743589744;NA;NA;NA;NA;0;NA;0.743589743589744;0.00887562727272727
6;Y ~ X1 + X2 + X3 + X1:X2 + X1:X3 + X2:X3;0.8;1;300;1;1;0;NA;0.72972972972973;NA;NA;NA;NA;0;NA;0.72972972972973;-0.00116965454545455
7;Y ~ X1 + X2 + X3 + X1:X2 + X1:X3 + X2:X3;0.8;1;300;1;1;0;NA;0.645161290322581;NA;NA;NA;NA;0;NA;0.645161290322581;0.0388657181818182
8;Y ~ X1 + X2 + X3 + X1:X2 + X1:X3 + X2:X3;0.8;1;300;1;1;0.001;0.818181818181818;0.75;1670;4;5.5;2.12132034355964;511;NA;0.75;-0.000307499999999999
9;Y ~ X1 + X2 + X3 + X1:X2 + X1:X3 + X2:X3;0.8;1;300;1;1;0.000545454545454545;0.833333333333333;0.591836734693878;3994;2;6;NA;1489;NA;0.591836734693878;-0.0259614909090909
10;Y ~ X1 + X2 + X3 + X1:X2 + X1:X3 + X2:X3;0.8;1;300;1;1;0;NA;0.617647058823529;NA;NA;NA;NA;0;NA;0.617647058823529;0.0258239909090909
11;Y ~ X1 + X2 + X3 + X1:X2 + X1:X3 + X2:X3;0.8;1;300;1;1;0;NA;0.628571428571429;NA;NA;NA;NA;0;NA;0.628571428571429;-0.0218958272727273
12;Y ~ X1 + X2 + X3 + X1:X2 + X1:X3 + X2:X3;0.8;1;300;1;1;0;NA;0.586206896551724;NA;NA;NA;NA;0;NA;0.586206896551724;0.00941880909090909
13;Y ~ X1 + X2 + X3 + X1:X2 + X1:X3 + X2:X3;0.8;1;300;1;1;0;NA;0.576923076923077;NA;NA;NA;NA;0;NA;0.576923076923077;-0.0140153363636364
14;Y ~ X1 + X2 + X3 + X1:X2 + X1:X3 + X2:X3;0.8;1;300;1;1;0.000272727272727273;0.333333333333333;0.707317073170732;6753;4;1.5;0.707106781186548;2620;NA;0.707317073170732;0.0243354363636364
15;Y ~ X1 + X2 + X3 + X1:X2 + X1:X3 + X2:X3;0.8;1;300;1;1;0;NA;0.466666666666667;NA;NA;NA;NA;0;NA;0.466666666666667;0.0308603272727273
16;Y ~ X1 + X2 + X3 + X1:X2 + X1:X3 + X2:X3;0.8;1;300;1;1;0.000181818181818182;0.5;0.682926829268293;8434;2;2;NA;2904;NA;0.682926829268293;-0.0118052272727273
17;Y ~ X1 + X2 + X3 + X1:X2 + X1:X3 + X2:X3;0.8;1;300;1;1;0.000181818181818182;0.5;0.697674418604651;4898;2;2;NA;1577;NA;0.697674418604651;0.0221163545454545
18;Y ~ X1 + X2 + X3 + X1:X2 + X1:X3 + X2:X3;0.8;1;300;1;1;0.000363636363636364;0.75;0.515151515151515;6002;2;4;NA;2109;NA;0.515151515151515;-0.00043678181818182
19;Y ~ X1 + X2 + X3 + X1:X2 + X1:X3 + X2:X3;0.8;1;300;1;1;0;NA;0.722222222222222;NA;NA;NA;NA;0;NA;0.722222222222222;0.0337963636363636
20;Y ~ X1 + X2 + X3 + X1:X2 + X1:X3 + X2:X3;0.8;1;300;1;1;0;NA;0.558823529411765;NA;NA;NA;NA;0;NA;0.558823529411765;0.00708526363636363
21;Y ~ X1 + X2 + X3 + X1:X2 + X1:X3 + X2:X3;0.8;1;300;1;1;0;NA;0.702127659574468;NA;NA;NA;NA;0;NA;0.702127659574468;0.00132006363636364
22;Y ~ X1 + X2 + X3 + X1:X2 + X1:X3 + X2:X3;0.8;1;300;1;1;9.09090909090909e-05;0;0.787878787878788;9554;2;1;NA;2886;NA;0.787878787878788;-0.0243278818181818
23;Y ~ X1 + X2 + X3 + X1:X2 + X1:X3 + X2:X3;0.8;1;300;1;1;0;NA;0.6;NA;NA;NA;NA;0;NA;0.6;-0.0245843363636364
24;Y ~ X1 + X2 + X3 + X1:X2 + X1:X3 + X2:X3;0.8;1;300;1;1;0.000181818181818182;0.666666666666667;0.657142857142857;NA;1;2;NA;0;NA;0.657142857142857;-0.004351
25;Y ~ X1 + X2 + X3 + X1:X2 + X1:X3 + X2:X3;0.8;1;300;1;1;9.09090909090909e-05;0;0.657894736842105;6843;2;1;NA;2714;NA;0.657894736842105;0.0218691727272727
26;Y ~ X1 + X2 + X3 + X1:X2 + X1:X3 + X2:X3;0.8;1;300;1;1;0.000272727272727273;0.5;0.605263157894737;7371;3;1.5;0.707106781186548;2758;NA;0.605263157894737;0.0382243090909091
27;Y ~ X1 + X2 + X3 + X1:X2 + X1:X3 + X2:X3;0.8;1;300;1;1;0;NA;0.68;NA;NA;NA;NA;0;NA;0.68;0.00915352727272728
28;Y ~ X1 + X2 + X3 + X1:X2 + X1:X3 + X2:X3;0.8;1;300;1;1;0.000454545454545455;0.6;0.6;252;4;2.5;0.707106781186548;84;NA;0.6;-0.0207183454545455
29;Y ~ X1 + X2 + X3 + X1:X2 + X1:X3 + X2:X3;0.8;1;300;1;1;0.000181818181818182;0.5;0.696969696969697;3458;2;2;NA;1026;NA;0.696969696969697;-0.00765735454545454
30;Y ~ X1 + X2 + X3 + X1:X2 + X1:X3 + X2:X3;0.8;1;300;1;1;0.000545454545454545;0.666666666666667;0.6;3051;4;3;1.4142135623731;933;NA;0.6;0.00869433636363636
31;Y ~ X1 + X2 + X3 + X1:X2 + X1:X3 + X2:X3;0.8;1;300;1;1;0.000181818181818182;0.333333333333333;0.7;4091;3;2;NA;1327;NA;0.7;0.0108661181818182
32;Y ~ X1 + X2 + X3 + X1:X2 + X1:X3 + X2:X3;0.8;1;300;1;1;0;NA;0.756756756756757;NA;NA;NA;NA;0;NA;0.756756756756757;-0.00417218181818182
33;Y ~ X1 + X2 + X3 + X1:X2 + X1:X3 + X2:X3;0.8;1;300;1;1;9.09090909090909e-05;0;0.756756756756757;353;2;1;NA;140;NA;0.756756756756757;0.0100513818181818
34;Y ~ X1 + X2 + X3 + X1:X2 + X1:X3 + X2:X3;0.8;1;300;1;1;0.001;0.818181818181818;0.75;1670;4;5.5;2.12132034355964;511;NA;0.75;-0.000307499999999999
35;Y ~ X1 + X2 + X3 + X1:X2 + X1:X3 + X2:X3;0.8;1;300;1;1;0;NA;0.657142857142857;NA;NA;NA;NA;0;NA;0.657142857142857;-0.0170017454545454
36;Y ~ X1 + X2 + X3 + X1:X2 + X1:X3 + X2:X3;0.8;1;300;1;1;0.000545454545454545;0.666666666666667;0.657894736842105;5864;4;3;1.4142135623731;1801;NA;0.657894736842105;-0.0126904818181818
37;Y ~ X1 + X2 + X3 + X1:X2 + X1:X3 + X2:X3;0.8;1;300;1;1;0.000181818181818182;0.5;0.735294117647059;5109;2;2;NA;1921;NA;0.735294117647059;0.00642743636363637
38;Y ~ X1 + X2 + X3 + X1:X2 + X1:X3 + X2:X3;0.8;1;300;1;1;0;NA;0.791666666666667;NA;NA;NA;NA;0;NA;0.791666666666667;0.0448425727272727
39;Y ~ X1 + X2 + X3 + X1:X2 + X1:X3 + X2:X3;0.8;1;300;1;1;0;NA;0.696969696969697;NA;NA;NA;NA;0;NA;0.696969696969697;0.00938067272727273
40;Y ~ X1 + X2 + X3 + X1:X2 + X1:X3 + X2:X3;0.8;1;300;1;1;0.001;0.727272727272727;0.615384615384615;1568;6;3.66666666666667;2.88675134594813;500;NA;0.615384615384615;-0.0538633727272727
41;Y ~ X1 + X2 + X3 + X1:X2 + X1:X3 + X2:X3;0.8;1;300;1;1;0.000545454545454545;0.666666666666667;0.586206896551724;1080;4;3;1.4142135623731;384;NA;0.586206896551724;0.0315741
42;Y ~ X1 + X2 + X3 + X1:X2 + X1:X3 + X2:X3;0.8;1;300;1;1;0;NA;0.710526315789474;NA;NA;NA;NA;0;NA;0.710526315789474;-0.00746874545454546
43;Y ~ X1 + X2 + X3 + X1:X2 + X1:X3 + X2:X3;0.8;1;300;1;1;0.000363636363636364;0.75;0.581395348837209;9498;2;4;NA;3606;NA;0.581395348837209;0.0197538090909091
44;Y ~ X1 + X2 + X3 + X1:X2 + X1:X3 + X2:X3;0.8;1;300;1;1;0.000272727272727273;0.333333333333333;0.714285714285714;3101;4;1.5;0.707106781186548;937;NA;0.714285714285714;0.0223560636363636
45;Y ~ X1 + X2 + X3 + X1:X2 + X1:X3 + X2:X3;0.8;1;300;1;1;0.000181818181818182;0;0.771428571428571;3321;4;1;0;1042;NA;0.771428571428571;0.0186963545454545
46;Y ~ X1 + X2 + X3 + X1:X2 + X1:X3 + X2:X3;0.8;1;300;1;1;0.00118181818181818;0.785714285714286;0.758620689655172;58;5;4.33333333333333;4.16333199893227;13;NA;0.758620689655172;-0.0716934
47;Y ~ X1 + X2 + X3 + X1:X2 + X1:X3 + X2:X3;0.8;1;300;1;1;0.000181818181818182;0.5;0.619047619047619;2328;2;2;NA;682;NA;0.619047619047619;-0.0519422272727273
48;Y ~ X1 + X2 + X3 + X1:X2 + X1:X3 + X2:X3;0.8;1;300;1;1;0.000181818181818182;0.5;0.704545454545455;2101;2;2;NA;537;NA;0.704545454545455;-0.0158677727272727
49;Y ~ X1 + X2 + X3 + X1:X2 + X1:X3 + X2:X3;0.8;1;300;1;1;0;NA;0.608695652173913;NA;NA;NA;NA;0;NA;0.608695652173913;0.00168006363636363
50;Y ~ X1 + X2 + X3 + X1:X2 + X1:X3 + X2:X3;0.8;1;300;1;1;0;0;0.69047619047619;NA;1;NA;NA;0;NA;0.69047619047619;0.000253881818181816
51;Y ~ X1 + X2 + X3 + X1:X2 + X1:X3 + X2:X3;0.8;1;300;1;1;0.000545454545454545;0.666666666666667;0.755555555555556;7560;4;3;1.4142135623731;2298;NA;0.755555555555556;-0.0278343090909091
52;Y ~ X1 + X2 + X3 + X1:X2 + X1:X3 + X2:X3;0.8;1;300;1;1;0;NA;0.783783783783784;NA;NA;NA;NA;0;NA;0.783783783783784;-0.00790340909090909
53;Y ~ X1 + X2 + X3 + X1:X2 + X1:X3 + X2:X3;0.8;1;300;1;1;0;NA;0.785714285714286;NA;NA;NA;NA;0;NA;0.785714285714286;0.0663122454545455
54;Y ~ X1 + X2 + X3 + X1:X2 + X1:X3 + X2:X3;0.8;1;300;1;1;0.000181818181818182;0.5;0.675675675675676;10445;2;2;NA;3709;NA;0.675675675675676;0.0272882454545455
55;Y ~ X1 + X2 + X3 + X1:X2 + X1:X3 + X2:X3;0.8;1;300;1;1;9.09090909090909e-05;0;0.65;6542;3;1;NA;2191;NA;0.65;0.00946976363636364
56;Y ~ X1 + X2 + X3 + X1:X2 + X1:X3 + X2:X3;0.8;1;300;1;1;0.000272727272727273;0.333333333333333;0.825;3709;4;1.5;0.707106781186548;1291;NA;0.825;0.0308650818181818
57;Y ~ X1 + X2 + X3 + X1:X2 + X1:X3 + X2:X3;0.8;1;300;1;1;0.000181818181818182;0.5;0.862068965517241;180;2;2;NA;49;NA;0.862068965517241;0.0086909
58;Y ~ X1 + X2 + X3 + X1:X2 + X1:X3 + X2:X3;0.8;1;300;1;1;0.000545454545454545;0.666666666666667;0.676470588235294;255;4;3;2.82842712474619;92;NA;0.676470588235294;-0.000581881818181819
59;Y ~ X1 + X2 + X3 + X1:X2 + X1:X3 + X2:X3;0.8;1;300;1;1;0;NA;0.545454545454545;NA;NA;NA;NA;0;NA;0.545454545454545;0.0215180909090909
60;Y ~ X1 + X2 + X3 + X1:X2 + X1:X3 + X2:X3;0.8;1;300;1;1;0;NA;0.590909090909091;NA;NA;NA;NA;0;NA;0.590909090909091;0.0303856090909091
61;Y ~ X1 + X2 + X3 + X1:X2 + X1:X3 + X2:X3;0.8;1;300;1;1;0.000454545454545455;0.6;0.521739130434783;136;4;2.5;0.707106781186548;61;NA;0.521739130434783;0.0106590727272727
62;Y ~ X1 + X2 + X3 + X1:X2 + X1:X3 + X2:X3;0.8;1;300;1;1;0.000454545454545455;0.4;0.878787878787879;215;6;1.66666666666667;0.577350269189626;48;NA;0.878787878787879;0.0300333363636364
63;Y ~ X1 + X2 + X3 + X1:X2 + X1:X3 + X2:X3;0.8;1;300;1;1;0;NA;0.675675675675676;NA;NA;NA;NA;0;NA;0.675675675675676;0.0295006454545454
64;Y ~ X1 + X2 + X3 + X1:X2 + X1:X3 + X2:X3;0.8;1;300;1;1;0.00118181818181818;0.769230769230769;0.794871794871795;2941;6;4.33333333333333;4.93288286231625;1086;NA;0.794871794871795;-0.00067919090909091
65;Y ~ X1 + X2 + X3 + X1:X2 + X1:X3 + X2:X3;0.8;1;300;1;1;0.00118181818181818;0.769230769230769;0.583333333333333;1644;6;4.33333333333333;4.93288286231625;529;1;0.571428571428571;-0.0210920818181818
66;Y ~ X1 + X2 + X3 + X1:X2 + X1:X3 + X2:X3;0.8;1;300;1;1;0.000181818181818182;0.5;0.810810810810811;9499;2;2;NA;2776;NA;0.810810810810811;0.00156392727272727
67;Y ~ X1 + X2 + X3 + X1:X2 + X1:X3 + X2:X3;0.8;1;300;1;1;0;NA;0.743589743589744;NA;NA;NA;NA;0;NA;0.743589743589744;0.00887562727272727
68;Y ~ X1 + X2 + X3 + X1:X2 + X1:X3 + X2:X3;0.8;1;300;1;1;0;NA;0.852941176470588;NA;NA;NA;NA;0;NA;0.852941176470588;-0.0353142
69;Y ~ X1 + X2 + X3 + X1:X2 + X1:X3 + X2:X3;0.8;1;300;1;1;0.000272727272727273;0.666666666666667;0.815789473684211;1281;2;3;NA;426;NA;0.815789473684211;0.00466239090909091
70;Y ~ X1 + X2 + X3 + X1:X2 + X1:X3 + X2:X3;0.8;1;300;1;1;0.000181818181818182;0.5;0.533333333333333;1397;2;2;NA;438;NA;0.533333333333333;-0.00451655454545455
71;Y ~ X1 + X2 + X3 + X1:X2 + X1:X3 + X2:X3;0.8;1;300;1;1;0.000181818181818182;0.5;0.717948717948718;3627;2;2;NA;1351;NA;0.717948717948718;-0.0249135181818182
72;Y ~ X1 + X2 + X3 + X1:X2 + X1:X3 + X2:X3;0.8;1;300;1;1;0;NA;0.810810810810811;NA;NA;NA;NA;0;NA;0.810810810810811;0.0561425454545455
73;Y ~ X1 + X2 + X3 + X1:X2 + X1:X3 + X2:X3;0.8;1;300;1;1;0.000818181818181818;0.666666666666667;0.829268292682927;2088;6;3;1.73205080756888;606;NA;0.829268292682927;0.0334566272727273
74;Y ~ X1 + X2 + X3 + X1:X2 + X1:X3 + X2:X3;0.8;1;300;1;1;0;NA;0.594594594594595;NA;NA;NA;NA;0;NA;0.594594594594595;0.0201649818181818
75;Y ~ X1 + X2 + X3 + X1:X2 + X1:X3 + X2:X3;0.8;1;300;1;1;0.000272727272727273;0.25;0.581395348837209;3958;5;1.5;0.707106781186548;1450;NA;0.581395348837209;0.0231272909090909
76;Y ~ X1 + X2 + X3 + X1:X2 + X1:X3 + X2:X3;0.8;1;300;1;1;0.000636363636363636;0.571428571428571;0.75;4111;6;2.33333333333333;2.3094010767585;1089;NA;0.75;0.0446446363636364
77;Y ~ X1 + X2 + X3 + X1:X2 + X1:X3 + X2:X3;0.8;1;300;1;1;0;NA;0.65;NA;NA;NA;NA;0;NA;0.65;-0.0101172545454546
78;Y ~ X1 + X2 + X3 + X1:X2 + X1:X3 + X2:X3;0.8;1;300;1;1;0.000636363636363636;0.571428571428571;0.684210526315789;4825;6;2.33333333333333;1.52752523165195;1593;NA;0.684210526315789;-0.0403049181818182
79;Y ~ X1 + X2 + X3 + X1:X2 + X1:X3 + X2:X3;0.8;1;300;1;1;0.000181818181818182;0.5;0.634146341463415;9191;2;2;NA;3203;NA;0.634146341463415;0.0425511727272727
80;Y ~ X1 + X2 + X3 + X1:X2 + X1:X3 + X2:X3;0.8;1;300;1;1;0.000545454545454545;0.571428571428571;0.84375;1573;5;2;1;531;NA;0.84375;-0.0380712272727273
81;Y ~ X1 + X2 + X3 + X1:X2 + X1:X3 + X2:X3;0.8;1;300;1;1;0;NA;0.461538461538462;NA;NA;NA;NA;0;NA;0.461538461538462;-0.0226266181818182
82;Y ~ X1 + X2 + X3 + X1:X2 + X1:X3 + X2:X3;0.8;1;300;1;1;0.000636363636363636;0.714285714285714;0.682926829268293;6061;4;3.5;0.707106781186548;1374;NA;0.682926829268293;0.0148661909090909
83;Y ~ X1 + X2 + X3 + X1:X2 + X1:X3 + X2:X3;0.8;1;300;1;1;0;NA;0.684210526315789;NA;NA;NA;NA;0;NA;0.684210526315789;0.0274888636363636
84;Y ~ X1 + X2 + X3 + X1:X2 + X1:X3 + X2:X3;0.8;1;300;1;1;0.000454545454545455;0.6;0.666666666666667;2785;4;2.5;0.707106781186548;875;NA;0.666666666666667;-0.0127952454545455
85;Y ~ X1 + X2 + X3 + X1:X2 + X1:X3 + X2:X3;0.8;1;300;1;1;0.000363636363636364;0.4;0.708333333333333;1968;5;2;0;504;NA;0.708333333333333;0.00205208181818182
86;Y ~ X1 + X2 + X3 + X1:X2 + X1:X3 + X2:X3;0.8;1;300;1;1;0.000181818181818182;0;0.65625;8759;4;1;0;2734;NA;0.65625;-0.0105630545454545
87;Y ~ X1 + X2 + X3 + X1:X2 + X1:X3 + X2:X3;0.8;1;300;1;1;0.000363636363636364;0.5;0.689655172413793;5608;4;2;1.4142135623731;2129;NA;0.689655172413793;-0.0188402181818182
88;Y ~ X1 + X2 + X3 + X1:X2 + X1:X3 + X2:X3;0.8;1;300;1;1;0;NA;0.717948717948718;NA;NA;NA;NA;0;NA;0.717948717948718;0.0220165636363636
89;Y ~ X1 + X2 + X3 + X1:X2 + X1:X3 + X2:X3;0.8;1;300;1;1;0.000181818181818182;0.5;0.542857142857143;3435;2;2;NA;1218;NA;0.542857142857143;-0.0197338818181818
90;Y ~ X1 + X2 + X3 + X1:X2 + X1:X3 + X2:X3;0.8;1;300;1;1;0.000727272727272727;0.75;0.692307692307692;3059;4;4;4.24264068711928;1095;NA;0.692307692307692;0.0634423818181818
91;Y ~ X1 + X2 + X3 + X1:X2 + X1:X3 + X2:X3;0.8;1;300;1;1;9.09090909090909e-05;0;0.808510638297872;1634;2;1;NA;395;NA;0.808510638297872;0.0254645636363636
92;Y ~ X1 + X2 + X3 + X1:X2 + X1:X3 + X2:X3;0.8;1;300;1;1;0.00209090909090909;0.695652173913043;0.755555555555556;2785;14;3.28571428571429;3.09377254681539;805;NA;0.755555555555556;-0.000323399999999994
93;Y ~ X1 + X2 + X3 + X1:X2 + X1:X3 + X2:X3;0.8;1;300;1;1;0.000363636363636364;0.5;0.567567567567568;2210;4;2;0;796;NA;0.567567567567568;0.00519522727272727
94;Y ~ X1 + X2 + X3 + X1:X2 + X1:X3 + X2:X3;0.8;1;300;1;1;0.000181818181818182;0;0.771428571428571;2997;4;1;0;884;NA;0.771428571428571;0.0107936090909091
95;Y ~ X1 + X2 + X3 + X1:X2 + X1:X3 + X2:X3;0.8;1;300;1;1;0.000181818181818182;0;0.71875;3108;4;1;0;1022;NA;0.71875;-0.00747074545454546
96;Y ~ X1 + X2 + X3 + X1:X2 + X1:X3 + X2:X3;0.8;1;300;1;1;0.000363636363636364;0;0.627906976744186;3912;8;1;0;1338;NA;0.627906976744186;-0.0288006454545454
97;Y ~ X1 + X2 + X3 + X1:X2 + X1:X3 + X2:X3;0.8;1;300;1;1;0.000181818181818182;0.5;0.710526315789474;6431;2;2;NA;2227;NA;0.710526315789474;-0.00946790909090909
98;Y ~ X1 + X2 + X3 + X1:X2 + X1:X3 + X2:X3;0.8;1;300;1;1;9.09090909090909e-05;0;0.605263157894737;2974;2;1;NA;1035;NA;0.605263157894737;0.0389604272727273
99;Y ~ X1 + X2 + X3 + X1:X2 + X1:X3 + X2:X3;0.8;1;300;1;1;9.09090909090909e-05;0;0.647058823529412;2755;2;1;NA;810;NA;0.647058823529412;-0.00824174545454545
100;Y ~ X1 + X2 + X3 + X1:X2 + X1:X3 + X2:X3;0.8;1;300;1;1;0.000181818181818182;0.666666666666667;0.564102564102564;NA;1;2;NA;0;NA;0.564102564102564;0.0196847636363636
1;Y ~ X1 + X2 + X3 + X1:X2 + X1:X3 + X2:X3;0.8;1;1;300;1;0.00190909090909091;0.80952380952381;0.956521739130435;8061;8;5.25;3.77491721763537;18;1;0.955555555555556;0.0238296909090909
2;Y ~ X1 + X2 + X3 + X1:X2 + X1:X3 + X2:X3;0.8;1;1;300;1;0.00227272727272727;0.8;1;4723;10;5;3.16227766016838;18;NA;1;-0.0243583363636364
3;Y ~ X1 + X2 + X3 + X1:X2 + X1:X3 + X2:X3;0.8;1;1;300;1;0.00372727272727273;0.780487804878049;1;358;18;4.55555555555556;3.74536750904071;6;NA;1;0.0238588636363636
4;Y ~ X1 + X2 + X3 + X1:X2 + X1:X3 + X2:X3;0.8;1;1;300;1;0.00545454545454545;0.866666666666667;1;1362;16;7.5;5.45108115095397;7;NA;1;-0.0284585545454546
5;Y ~ X1 + X2 + X3 + X1:X2 + X1:X3 + X2:X3;0.8;1;1;300;1;0.00154545454545455;0.705882352941176;1;137;10;3.4;2.30217288664427;3;NA;1;-0.00660120909090909
6;Y ~ X1 + X2 + X3 + X1:X2 + X1:X3 + X2:X3;0.8;1;1;300;1;0.00409090909090909;0.844444444444444;1;2;14;6.42857142857143;5.50324579550235;2;NA;1;0.00615331818181818
7;Y ~ X1 + X2 + X3 + X1:X2 + X1:X3 + X2:X3;0.8;1;1;300;1;0.004;0.863636363636364;1;2472;12;7.33333333333333;6.02218122167265;13;NA;1;0.0173566181818182
8;Y ~ X1 + X2 + X3 + X1:X2 + X1:X3 + X2:X3;0.8;1;1;300;1;0.00372727272727273;0.829268292682927;1;654;14;5.85714285714286;6.12178000880385;2;NA;1;0.000942718181818183
9;Y ~ X1 + X2 + X3 + X1:X2 + X1:X3 + X2:X3;0.8;1;1;300;1;0.00445454545454545;0.775510204081633;1;1907;22;4.45454545454545;3.35748823865807;8;NA;1;-0.0159765727272727
10;Y ~ X1 + X2 + X3 + X1:X2 + X1:X3 + X2:X3;0.8;1;1;300;1;0.00363636363636364;0.875;1;399;10;8;8.77496438739212;5;1;1;0.0327522454545455
11;Y ~ X1 + X2 + X3 + X1:X2 + X1:X3 + X2:X3;0.8;1;1;300;1;0.00181818181818182;0.85;1;5583;6;6.66666666666667;5.5075705472861;15;NA;1;-0.0165771272727273
12;Y ~ X1 + X2 + X3 + X1:X2 + X1:X3 + X2:X3;0.8;1;1;300;1;0.00109090909090909;0.583333333333333;1;5;10;2.4;1.34164078649987;2;NA;1;0.00110743636363636
13;Y ~ X1 + X2 + X3 + X1:X2 + X1:X3 + X2:X3;0.8;1;1;300;1;0.00109090909090909;0.583333333333333;1;3484;10;2.4;1.51657508881031;21;NA;1;-0.0136372727272727
14;Y ~ X1 + X2 + X3 + X1:X2 + X1:X3 + X2:X3;0.8;1;1;300;1;0.00427272727272727;0.829787234042553;1;1291;16;5.875;4.76407688554966;8;NA;1;0.0208116090909091
15;Y ~ X1 + X2 + X3 + X1:X2 + X1:X3 + X2:X3;0.8;1;1;300;1;0.00309090909090909;0.823529411764706;1;583;12;5.66666666666667;5.08592829940284;3;NA;1;0.0263661727272727
16;Y ~ X1 + X2 + X3 + X1:X2 + X1:X3 + X2:X3;0.8;1;1;300;1;0.00236363636363636;0.846153846153846;1;1151;8;6.5;7;8;NA;1;-6.91090909090898e-05
17;Y ~ X1 + X2 + X3 + X1:X2 + X1:X3 + X2:X3;0.8;1;1;300;1;0.00236363636363636;0.807692307692308;1;4881;10;5.2;6.68580586017871;13;NA;1;0.0190374181818182
18;Y ~ X1 + X2 + X3 + X1:X2 + X1:X3 + X2:X3;0.8;1;1;300;1;0.00118181818181818;0.692307692307692;1;3918;8;3.25;1.70782512765993;18;NA;1;0.000786172727272725
19;Y ~ X1 + X2 + X3 + X1:X2 + X1:X3 + X2:X3;0.8;1;1;300;1;0.00145454545454545;0.75;1;514;8;4;5.35412613473634;7;NA;1;0.0294859272727273
20;Y ~ X1 + X2 + X3 + X1:X2 + X1:X3 + X2:X3;0.8;1;1;300;1;0.003;0.727272727272727;1;248;18;3.66666666666667;4.12310562561766;4;NA;1;0.0219238
21;Y ~ X1 + X2 + X3 + X1:X2 + X1:X3 + X2:X3;0.8;1;1;300;1;0.000181818181818182;0;1;5156;4;1;0;17;NA;1;-0.00220058181818182
22;Y ~ X1 + X2 + X3 + X1:X2 + X1:X3 + X2:X3;0.8;1;1;300;1;0.00381818181818182;0.857142857142857;1;336;12;7;6.26099033699941;5;NA;1;-0.0195889909090909
23;Y ~ X1 + X2 + X3 + X1:X2 + X1:X3 + X2:X3;0.8;1;1;300;1;0.00218181818181818;0.791666666666667;0.966666666666667;484;10;4.8;3.96232255123179;8;NA;0.966666666666667;-0.0330245363636364
24;Y ~ X1 + X2 + X3 + X1:X2 + X1:X3 + X2:X3;0.8;1;1;300;1;0.006;0.835820895522388;1;593;21;6.6;6.0772800933751;3;NA;1;-0.00860355454545455
25;Y ~ X1 + X2 + X3 + X1:X2 + X1:X3 + X2:X3;0.8;1;1;300;1;0.00518181818181818;0.87719298245614;1;3673;14;8.14285714285714;5.61036455822529;13;NA;1;0.0234250727272727
26;Y ~ X1 + X2 + X3 + X1:X2 + X1:X3 + X2:X3;0.8;1;1;300;1;0.00554545454545455;0.806451612903226;0.973684210526316;2616;23;5.08333333333333;4.79504163093755;20;NA;0.973684210526316;0.0248846818181818
27;Y ~ X1 + X2 + X3 + X1:X2 + X1:X3 + X2:X3;0.8;1;1;300;1;0.002;0.727272727272727;1;390;12;3.66666666666667;2.58198889747161;11;NA;1;0.0148520818181818
28;Y ~ X1 + X2 + X3 + X1:X2 + X1:X3 + X2:X3;0.8;1;1;300;1;0.00127272727272727;0.714285714285714;1;252;8;3.5;3;2;NA;1;-0.0262392090909091
29;Y ~ X1 + X2 + X3 + X1:X2 + X1:X3 + X2:X3;0.8;1;1;300;1;0.00563636363636364;0.790322580645161;1;477;26;4.76923076923077;3.21853605836168;8;NA;1;0.0142742545454546
30;Y ~ X1 + X2 + X3 + X1:X2 + X1:X3 + X2:X3;0.8;1;1;300;1;0.00218181818181818;0.833333333333333;1;2;8;6;5.65685424949238;2;NA;1;0.0150076272727273
31;Y ~ X1 + X2 + X3 + X1:X2 + X1:X3 + X2:X3;0.8;1;1;300;1;0.00390909090909091;0.795454545454545;1;126;17;4.77777777777778;3.70060055186242;3;NA;1;0.0168159636363636
32;Y ~ X1 + X2 + X3 + X1:X2 + X1:X3 + X2:X3;0.8;1;1;300;1;0.003;0.757575757575758;1;184;16;4.125;1.80772153354911;4;NA;1;0.00559111818181818
33;Y ~ X1 + X2 + X3 + X1:X2 + X1:X3 + X2:X3;0.8;1;1;300;1;0.00490909090909091;0.87037037037037;0.972972972972973;974;14;7.71428571428571;7.20449595077698;14;1;0.972222222222222;0.00435427272727273
34;Y ~ X1 + X2 + X3 + X1:X2 + X1:X3 + X2:X3;0.8;1;1;300;1;0.00372727272727273;0.829268292682927;1;654;14;5.85714285714286;6.12178000880385;2;NA;1;0.000942718181818183
35;Y ~ X1 + X2 + X3 + X1:X2 + X1:X3 + X2:X3;0.8;1;1;300;1;0.00472727272727273;0.807692307692308;1;1598;20;5.2;3.04776785350999;11;1;1;-0.0242207818181818
36;Y ~ X1 + X2 + X3 + X1:X2 + X1:X3 + X2:X3;0.8;1;1;300;1;0.00472727272727273;0.846153846153846;1;1601;16;6.5;6.65475125648692;5;NA;1;-0.0118336454545455
37;Y ~ X1 + X2 + X3 + X1:X2 + X1:X3 + X2:X3;0.8;1;1;300;1;0.00309090909090909;0.823529411764706;1;989;12;5.66666666666667;4.45720390678581;7;NA;1;0.0136003454545455
38;Y ~ X1 + X2 + X3 + X1:X2 + X1:X3 + X2:X3;0.8;1;1;300;1;0;NA;1;NA;NA;NA;NA;0;NA;1;0.0409842636363636
39;Y ~ X1 + X2 + X3 + X1:X2 + X1:X3 + X2:X3;0.8;1;1;300;1;0.00281818181818182;0.741935483870968;1;770;16;3.875;2.5319388392523;8;NA;1;0.000656263636363642
40;Y ~ X1 + X2 + X3 + X1:X2 + X1:X3 + X2:X3;0.8;1;1;300;1;0.00518181818181818;0.87719298245614;1;1569;14;8.14285714285714;6.25642526870234;9;NA;1;-0.0387424454545455
41;Y ~ X1 + X2 + X3 + X1:X2 + X1:X3 + X2:X3;0.8;1;1;300;1;0.00281818181818182;0.838709677419355;1;1814;10;6.2;2.94957624075052;7;NA;1;0.0255526454545455
42;Y ~ X1 + X2 + X3 + X1:X2 + X1:X3 + X2:X3;0.8;1;1;300;1;0.00263636363636364;0.793103448275862;1;2970;12;4.83333333333333;3.86867763798777;18;NA;1;-0.00890161818181819
43;Y ~ X1 + X2 + X3 + X1:X2 + X1:X3 + X2:X3;0.8;1;1;300;1;0.00445454545454545;0.836734693877551;1;15;16;6.125;4.51782185192315;2;NA;1;0.0162362636363636
44;Y ~ X1 + X2 + X3 + X1:X2 + X1:X3 + X2:X3;0.8;1;1;300;1;0.00818181818181818;0.877777777777778;1;11;22;8.18181818181818;6.49335324494489;1;NA;1;0.0263109818181818
45;Y ~ X1 + X2 + X3 + X1:X2 + X1:X3 + X2:X3;0.8;1;1;300;1;0.00318181818181818;0.742857142857143;1;4;18;3.88888888888889;3.9510898637099;2;NA;1;0.0163118727272727
46;Y ~ X1 + X2 + X3 + X1:X2 + X1:X3 + X2:X3;0.8;1;1;300;1;0.00636363636363636;0.887323943661972;1;89;15;8.75;9.34650431215558;4;NA;1;-0.0448271636363636
47;Y ~ X1 + X2 + X3 + X1:X2 + X1:X3 + X2:X3;0.8;1;1;300;1;0.00109090909090909;0.75;1;6708;6;4;1.73205080756888;20;NA;1;-0.0443787545454545
48;Y ~ X1 + X2 + X3 + X1:X2 + X1:X3 + X2:X3;0.8;1;1;300;1;0.00163636363636364;0.666666666666667;1;1909;12;3;2.36643191323985;8;NA;1;-0.0155104636363636
49;Y ~ X1 + X2 + X3 + X1:X2 + X1:X3 + X2:X3;0.8;1;1;300;1;0.001;0.545454545454545;0.956521739130435;6437;10;2.2;1.6431676725155;26;0;1;0.0107131363636364
50;Y ~ X1 + X2 + X3 + X1:X2 + X1:X3 + X2:X3;0.8;1;1;300;1;0.00227272727272727;0.769230769230769;0.976190476190476;2782;11;4.16666666666667;4.07021702943058;7;NA;0.976190476190476;-0.00143380909090909
51;Y ~ X1 + X2 + X3 + X1:X2 + X1:X3 + X2:X3;0.8;1;1;300;1;0.00327272727272727;0.833333333333333;1;332;12;6;2.96647939483827;5;NA;1;-0.0176836636363636
52;Y ~ X1 + X2 + X3 + X1:X2 + X1:X3 + X2:X3;0.8;1;1;300;1;0.00627272727272727;0.898550724637681;1;629;14;9.85714285714286;11.9083804024529;6;NA;1;-0.00938139090909091
53;Y ~ X1 + X2 + X3 + X1:X2 + X1:X3 + X2:X3;0.8;1;1;300;1;0.00563636363636364;0.919354838709677;1;1391;10;12.4;18.514858897653;11;NA;1;0.0439034090909091
54;Y ~ X1 + X2 + X3 + X1:X2 + X1:X3 + X2:X3;0.8;1;1;300;1;0.004;0.863636363636364;1;13;12;7.33333333333333;7.06163342766153;2;NA;1;0.0255591272727273
55;Y ~ X1 + X2 + X3 + X1:X2 + X1:X3 + X2:X3;0.8;1;1;300;1;0.00490909090909091;0.890909090909091;1;310;11;9;5.32916503778969;4;NA;1;-0.000628036363636359
56;Y ~ X1 + X2 + X3 + X1:X2 + X1:X3 + X2:X3;0.8;1;1;300;1;0.00354545454545455;0.82051282051282;1;786;14;5.57142857142857;4.19750492781696;8;NA;1;0.0235634272727273
57;Y ~ X1 + X2 + X3 + X1:X2 + X1:X3 + X2:X3;0.8;1;1;300;1;0.00536363636363636;0.847457627118644;1;1867;18;6.55555555555556;4.8762462794426;9;NA;1;0.0144507454545455
58;Y ~ X1 + X2 + X3 + X1:X2 + X1:X3 + X2:X3;0.8;1;1;300;1;0.00436363636363636;0.791666666666667;1;114;20;4.8;2.69979423084221;4;NA;1;-0.00489515454545455
59;Y ~ X1 + X2 + X3 + X1:X2 + X1:X3 + X2:X3;0.8;1;1;300;1;0.002;0.772727272727273;0.96969696969697;2630;10;4.4;2.30217288664427;4;NA;0.96969696969697;0.0274990545454545
60;Y ~ X1 + X2 + X3 + X1:X2 + X1:X3 + X2:X3;0.8;1;1;300;1;0.00763636363636364;0.892857142857143;1;869;18;9.33333333333333;8.44097150806707;7;NA;1;0.0290143818181818
61;Y ~ X1 + X2 + X3 + X1:X2 + X1:X3 + X2:X3;0.8;1;1;300;1;0.00309090909090909;0.764705882352941;1;1560;16;4.25;2.54950975679639;8;NA;1;0.0215482
62;Y ~ X1 + X2 + X3 + X1:X2 + X1:X3 + X2:X3;0.8;1;1;300;1;0.000727272727272727;0.5;0.96969696969697;6;8;2;0.816496580927726;4;NA;0.96969696969697;0.0231130272727273
63;Y ~ X1 + X2 + X3 + X1:X2 + X1:X3 + X2:X3;0.8;1;1;300;1;0.000727272727272727;0.875;1;9299;2;8;NA;33;NA;1;0.0248341363636364
64;Y ~ X1 + X2 + X3 + X1:X2 + X1:X3 + X2:X3;0.8;1;1;300;1;0.00490909090909091;0.796296296296296;1;314;22;4.90909090909091;4.20605623962746;5;1;1;-0.0051554
65;Y ~ X1 + X2 + X3 + X1:X2 + X1:X3 + X2:X3;0.8;1;1;300;1;0.00381818181818182;0.785714285714286;1;3;18;4.66666666666667;3.16227766016838;1;NA;1;0.00194096363636364
66;Y ~ X1 + X2 + X3 + X1:X2 + X1:X3 + X2:X3;0.8;1;1;300;1;0.00363636363636364;0.8;0.972972972972973;8;16;5;4.72077475481666;2;0;1;-0.0044823
67;Y ~ X1 + X2 + X3 + X1:X2 + X1:X3 + X2:X3;0.8;1;1;300;1;0.00154545454545455;0.705882352941176;1;137;10;3.4;2.30217288664427;3;NA;1;-0.00660120909090909
68;Y ~ X1 + X2 + X3 + X1:X2 + X1:X3 + X2:X3;0.8;1;1;300;1;0.00363636363636364;0.85;1;1;12;6.66666666666667;5.75036230742609;1;NA;1;-0.0280315272727273
69;Y ~ X1 + X2 + X3 + X1:X2 + X1:X3 + X2:X3;0.8;1;1;300;1;0.00172727272727273;0.736842105263158;0.973684210526316;3372;10;3.8;1.92353840616713;17;NA;0.973684210526316;0.00920148181818182
70;Y ~ X1 + X2 + X3 + X1:X2 + X1:X3 + X2:X3;0.8;1;1;300;1;0.00481818181818182;0.830188679245283;1;1;18;5.88888888888889;6.71648055986996;1;1;1;-0.0133641727272727
71;Y ~ X1 + X2 + X3 + X1:X2 + X1:X3 + X2:X3;0.8;1;1;300;1;0.00163636363636364;0.777777777777778;0.974358974358974;140;8;4.5;1.29099444873581;4;NA;0.974358974358974;-0.00933133636363637
72;Y ~ X1 + X2 + X3 + X1:X2 + X1:X3 + X2:X3;0.8;1;1;300;1;0.00345454545454545;0.736842105263158;1;4;20;3.8;3.32665998663324;1;NA;1;0.0462843
73;Y ~ X1 + X2 + X3 + X1:X2 + X1:X3 + X2:X3;0.8;1;1;300;1;0;NA;1;NA;NA;NA;NA;0;NA;1;0.0358947727272727
74;Y ~ X1 + X2 + X3 + X1:X2 + X1:X3 + X2:X3;0.8;1;1;300;1;0.00418181818181818;0.869565217391304;1;463;12;7.66666666666667;5.68037557443754;5;NA;1;0.0122960454545455
75;Y ~ X1 + X2 + X3 + X1:X2 + X1:X3 + X2:X3;0.8;1;1;300;1;0.00281818181818182;0.78125;1;565;13;4.42857142857143;3.86683086679272;5;NA;1;0.0137149818181818
76;Y ~ X1 + X2 + X3 + X1:X2 + X1:X3 + X2:X3;0.8;1;1;300;1;0.00518181818181818;0.842105263157895;1;12;18;6.33333333333333;4.63680924774785;2;NA;1;0.0364898545454545
77;Y ~ X1 + X2 + X3 + X1:X2 + X1:X3 + X2:X3;0.8;1;1;300;1;0.00318181818181818;0.8;1;696;14;5;2.44948974278318;4;NA;1;-0.0119890818181818
78;Y ~ X1 + X2 + X3 + X1:X2 + X1:X3 + X2:X3;0.8;1;1;300;1;0.00345454545454545;0.789473684210526;1;823;16;4.75;5.52268050859363;3;NA;1;-0.0235134181818182
79;Y ~ X1 + X2 + X3 + X1:X2 + X1:X3 + X2:X3;0.8;1;1;300;1;0.00372727272727273;0.829268292682927;1;716;14;5.85714285714286;3.67099311851582;8;NA;1;0.0378939272727273
80;Y ~ X1 + X2 + X3 + X1:X2 + X1:X3 + X2:X3;0.8;1;1;300;1;0.00954545454545455;0.886792452830189;1;174;23;8.75;8.18118684432877;8;1;1;-0.0316517636363636
81;Y ~ X1 + X2 + X3 + X1:X2 + X1:X3 + X2:X3;0.8;1;1;300;1;0.00490909090909091;0.833333333333333;1;1005;18;6;7.69740215917033;6;NA;1;-0.0198467090909091
82;Y ~ X1 + X2 + X3 + X1:X2 + X1:X3 + X2:X3;0.8;1;1;300;1;0.00318181818181818;0.885714285714286;1;3516;8;8.75;8.99536917900909;9;1;1;0.0184791090909091
83;Y ~ X1 + X2 + X3 + X1:X2 + X1:X3 + X2:X3;0.8;1;1;300;1;0.00318181818181818;0.828571428571429;1;337;12;5.83333333333333;4.26223728418147;5;NA;1;0.0243537272727273
84;Y ~ X1 + X2 + X3 + X1:X2 + X1:X3 + X2:X3;0.8;1;1;300;1;0.00245454545454545;0.703703703703704;1;700;16;3.375;2.66926956300783;8;NA;1;-0.0194757
85;Y ~ X1 + X2 + X3 + X1:X2 + X1:X3 + X2:X3;0.8;1;1;300;1;0.002;0.782608695652174;1;3433;9;4.4;2.88097205817759;13;NA;1;-0.00164048181818181
86;Y ~ X1 + X2 + X3 + X1:X2 + X1:X3 + X2:X3;0.8;1;1;300;1;0.00154545454545455;0.764705882352941;1;229;8;4.25;3.30403793359983;2;NA;1;-0.0182270363636364
87;Y ~ X1 + X2 + X3 + X1:X2 + X1:X3 + X2:X3;0.8;1;1;300;1;0.00436363636363636;0.791666666666667;1;14;20;4.8;3.93841479673118;3;1;1;-0.0205931181818182
88;Y ~ X1 + X2 + X3 + X1:X2 + X1:X3 + X2:X3;0.8;1;1;300;1;0.00372727272727273;0.853658536585366;1;3482;12;6.83333333333333;2.99443929086343;25;NA;1;0.00788496363636364
89;Y ~ X1 + X2 + X3 + X1:X2 + X1:X3 + X2:X3;0.8;1;1;300;1;0.00336363636363636;0.783783783783784;1;2;16;4.625;3.85217934606967;1;NA;1;-0.0184391272727273
90;Y ~ X1 + X2 + X3 + X1:X2 + X1:X3 + X2:X3;0.8;1;1;300;1;0.00545454545454545;0.85;1;1064;18;6.66666666666667;3.60555127546399;5;NA;1;0.0446296090909091
91;Y ~ X1 + X2 + X3 + X1:X2 + X1:X3 + X2:X3;0.8;1;1;300;1;0.00327272727272727;0.833333333333333;1;4;12;6;4.09878030638384;1;NA;1;0.0157794909090909
92;Y ~ X1 + X2 + X3 + X1:X2 + X1:X3 + X2:X3;0.8;1;1;300;1;0.003;0.787878787878788;1;1221;14;4.71428571428571;3.72890894294322;9;NA;1;0.00556291818181819
93;Y ~ X1 + X2 + X3 + X1:X2 + X1:X3 + X2:X3;0.8;1;1;300;1;0.00327272727272727;0.777777777777778;1;4286;16;4.5;2.39045721866879;29;NA;1;0.00219881818181818
94;Y ~ X1 + X2 + X3 + X1:X2 + X1:X3 + X2:X3;0.8;1;1;300;1;0.00272727272727273;0.8;1;1;12;5;3.63318042491699;1;NA;1;0.0232517545454546
95;Y ~ X1 + X2 + X3 + X1:X2 + X1:X3 + X2:X3;0.8;1;1;300;1;0.00245454545454545;0.814814814814815;0.96875;4;10;5.4;4.33589667773576;2;NA;0.96875;-0.00535710000000001
96;Y ~ X1 + X2 + X3 + X1:X2 + X1:X3 + X2:X3;0.8;1;1;300;1;0.00172727272727273;0.631578947368421;0.953488372093023;538;14;2.71428571428571;3.68394198806504;6;0;0.976190476190476;-0.0319636
97;Y ~ X1 + X2 + X3 + X1:X2 + X1:X3 + X2:X3;0.8;1;1;300;1;0.00654545454545455;0.861111111111111;1;2;20;7.2;5.07280330126581;2;NA;1;-0.0132591
98;Y ~ X1 + X2 + X3 + X1:X2 + X1:X3 + X2:X3;0.8;1;1;300;1;0.00463636363636364;0.823529411764706;1;1;18;5.66666666666667;2.64575131106459;1;NA;1;0.0449372272727273
99;Y ~ X1 + X2 + X3 + X1:X2 + X1:X3 + X2:X3;0.8;1;1;300;1;0.00781818181818182;0.837209302325581;1;222;28;6.14285714285714;5.28942548657432;11;NA;1;0.00422264545454546
100;Y ~ X1 + X2 + X3 + X1:X2 + X1:X3 + X2:X3;0.8;1;1;300;1;0.00563636363636364;0.841269841269841;1;2269;19;6.2;4.46716415140025;12;NA;1;0.00880964545454546
1;Y ~ X1 + X2 + X3 + X1:X2 + X1:X3 + X2:X3;0.8;1;1;1;300;0.0535454545454545;0.471986417657046;0.543478260869565;14;622;1.89389067524116;1.19068751118833;5;0.8;0.51219512195122;0.0325860545454545
2;Y ~ X1 + X2 + X3 + X1:X2 + X1:X3 + X2:X3;0.8;1;1;1;300;0.0556363636363636;0.498366013071895;0.6;9;614;1.99348534201954;1.39792910641032;3;NA;0.6;-0.0249169909090909
3;Y ~ X1 + X2 + X3 + X1:X2 + X1:X3 + X2:X3;0.8;1;1;1;300;0.0466363636363636;0.43859649122807;0.704545454545455;5;576;1.78125;1.15553319668503;2;1;0.69047619047619;0.0147126818181818
4;Y ~ X1 + X2 + X3 + X1:X2 + X1:X3 + X2:X3;0.8;1;1;1;300;0.0528181818181818;0.481034482758621;0.571428571428571;2;603;1.92384105960265;1.33350429404212;1;1;0.558823529411765;-0.0173806181818182
5;Y ~ X1 + X2 + X3 + X1:X2 + X1:X3 + X2:X3;0.8;1;1;1;300;0.0452727272727273;0.431726907630522;0.461538461538462;56;566;1.75971731448763;1.0974838685791;29;0.666666666666667;0.444444444444444;-0.000744209090909091
6;Y ~ X1 + X2 + X3 + X1:X2 + X1:X3 + X2:X3;0.8;1;1;1;300;0.034;0.385026737967914;0.72972972972973;85;460;1.62608695652174;0.952687484008897;34;0.333333333333333;0.764705882352941;0.00743419090909091
7;Y ~ X1 + X2 + X3 + X1:X2 + X1:X3 + X2:X3;0.8;1;1;1;300;0.051;0.477718360071301;0.612903225806452;3;586;1.91467576791809;1.2343082114901;2;0.5;0.620689655172414;0.0303911727272727
8;Y ~ X1 + X2 + X3 + X1:X2 + X1:X3 + X2:X3;0.8;1;1;1;300;0.0743636363636364;0.56601466992665;0.5625;3;710;2.30422535211268;1.78279890242116;3;0.5;0.571428571428571;-0.00210122727272727
9;Y ~ X1 + X2 + X3 + X1:X2 + X1:X3 + X2:X3;0.8;1;1;1;300;0.0660909090909091;0.572214580467675;0.63265306122449;19;622;2.33762057877814;1.80996332098667;11;0.75;0.622222222222222;-0.0152916636363636
10;Y ~ X1 + X2 + X3 + X1:X2 + X1:X3 + X2:X3;0.8;1;1;1;300;0.0320909090909091;0.382436260623229;0.558823529411765;141;436;1.61926605504587;1.08061913165109;44;0;0.575757575757576;0.0251931818181818
11;Y ~ X1 + X2 + X3 + X1:X2 + X1:X3 + X2:X3;0.8;1;1;1;300;0.0603636363636364;0.548192771084337;0.542857142857143;41;600;2.21333333333333;1.80518267881727;16;0.666666666666667;0.517241379310345;-0.0115179909090909
12;Y ~ X1 + X2 + X3 + X1:X2 + X1:X3 + X2:X3;0.8;1;1;1;300;0.0471818181818182;0.452793834296724;0.551724137931034;79;568;1.82746478873239;1.19856476987675;28;0.5;0.555555555555556;0.0123566
13;Y ~ X1 + X2 + X3 + X1:X2 + X1:X3 + X2:X3;0.8;1;1;1;300;0.0459090909090909;0.441584158415842;0.846153846153846;55;564;1.79078014184397;1.06823436385313;22;1;0.84;-0.0155966272727273
14;Y ~ X1 + X2 + X3 + X1:X2 + X1:X3 + X2:X3;0.8;1;1;1;300;0.036;0.429292929292929;0.658536585365854;138;452;1.75221238938053;1.18906853144301;56;NA;0.658536585365854;0.0241313181818182
15;Y ~ X1 + X2 + X3 + X1:X2 + X1:X3 + X2:X3;0.8;1;1;1;300;0.0406363636363636;0.439461883408072;0.733333333333333;35;501;1.7808764940239;1.21482213870396;12;NA;0.733333333333333;0.0259909
16;Y ~ X1 + X2 + X3 + X1:X2 + X1:X3 + X2:X3;0.8;1;1;1;300;0.0706363636363636;0.539253539253539;0.536585365853659;18;716;2.17039106145251;1.70236788893459;7;1;0.525;-0.0114843
17;Y ~ X1 + X2 + X3 + X1:X2 + X1:X3 + X2:X3;0.8;1;1;1;300;0.0815454545454545;0.565217391304348;0.558139534883721;36;780;2.3;1.62079989138627;19;1;0.536585365853659;0.0132251636363636
18;Y ~ X1 + X2 + X3 + X1:X2 + X1:X3 + X2:X3;0.8;1;1;1;300;0.0591818181818182;0.511520737327189;0.515151515151515;26;636;2.04716981132075;1.63584884035366;13;0.285714285714286;0.576923076923077;0.000658227272727271
19;Y ~ X1 + X2 + X3 + X1:X2 + X1:X3 + X2:X3;0.8;1;1;1;300;0.0399090909090909;0.416856492027335;0.75;13;512;1.71484375;1.07408619391592;5;0;0.771428571428571;0.0253483454545455
20;Y ~ X1 + X2 + X3 + X1:X2 + X1:X3 + X2:X3;0.8;1;1;1;300;0.0444545454545455;0.421267893660532;0.558823529411765;78;566;1.72791519434629;1.02460763977121;31;0;0.575757575757576;0.0127071818181818
21;Y ~ X1 + X2 + X3 + X1:X2 + X1:X3 + X2:X3;0.8;1;1;1;300;0.0429090909090909;0.417372881355932;0.553191489361702;1;550;1.71636363636364;1.14604423367258;1;NA;0.553191489361702;0.00447141818181819
22;Y ~ X1 + X2 + X3 + X1:X2 + X1:X3 + X2:X3;0.8;1;1;1;300;0.0451818181818182;0.440643863179074;0.636363636363636;70;556;1.78776978417266;1.26673407816624;23;0.333333333333333;0.666666666666667;-0.0183140454545455
23;Y ~ X1 + X2 + X3 + X1:X2 + X1:X3 + X2:X3;0.8;1;1;1;300;0.0329090909090909;0.389502762430939;0.666666666666667;22;442;1.63800904977376;1.08091023086585;11;NA;0.666666666666667;-0.0215173090909091
24;Y ~ X1 + X2 + X3 + X1:X2 + X1:X3 + X2:X3;0.8;1;1;1;300;0.0468181818181818;0.441860465116279;0.6;101;575;1.79442508710801;1.16305463517558;29;0;0.617647058823529;-0.0054317
25;Y ~ X1 + X2 + X3 + X1:X2 + X1:X3 + X2:X3;0.8;1;1;1;300;0.0379090909090909;0.362110311750599;0.684210526315789;22;532;1.56766917293233;0.946257683375936;14;1;0.666666666666667;0.0197154090909091
26;Y ~ X1 + X2 + X3 + X1:X2 + X1:X3 + X2:X3;0.8;1;1;1;300;0.0571818181818182;0.5;0.526315789473684;109;629;2.0031847133758;1.40855080998248;49;0.5;0.527777777777778;0.0225353
27;Y ~ X1 + X2 + X3 + X1:X2 + X1:X3 + X2:X3;0.8;1;1;1;300;0.0405454545454545;0.443946188340807;0.64;2;496;1.79838709677419;1.06455471453453;1;NA;0.64;0.0148305818181818
28;Y ~ X1 + X2 + X3 + X1:X2 + X1:X3 + X2:X3;0.8;1;1;1;300;0.056;0.5;0.525;3;616;2;1.39799763738599;1;1;0.512820512820513;-0.0224224272727273
29;Y ~ X1 + X2 + X3 + X1:X2 + X1:X3 + X2:X3;0.8;1;1;1;300;0.0600909090909091;0.555219364599092;0.666666666666667;50;588;2.24829931972789;1.5554310330252;13;1;0.633333333333333;0.00825897272727273
30;Y ~ X1 + X2 + X3 + X1:X2 + X1:X3 + X2:X3;0.8;1;1;1;300;0.059;0.514637904468413;0.64;8;630;2.06031746031746;1.52667780550708;4;0;0.666666666666667;0.0129901272727273
31;Y ~ X1 + X2 + X3 + X1:X2 + X1:X3 + X2:X3;0.8;1;1;1;300;0.0425454545454545;0.415778251599147;0.5;32;547;1.71428571428571;1.17215595371603;8;NA;0.5;0.0185314636363636
32;Y ~ X1 + X2 + X3 + X1:X2 + X1:X3 + X2:X3;0.8;1;1;1;300;0.0471818181818182;0.48747591522158;0.513513513513513;98;532;1.95112781954887;1.34916418802235;43;1;0.5;0.0125829818181818
33;Y ~ X1 + X2 + X3 + X1:X2 + X1:X3 + X2:X3;0.8;1;1;1;300;0.0771818181818182;0.574793875147232;0.567567567567568;1;722;2.35180055401662;1.96378413729427;1;0.5;0.575757575757576;-0.00302848181818181
34;Y ~ X1 + X2 + X3 + X1:X2 + X1:X3 + X2:X3;0.8;1;1;1;300;0.0743636363636364;0.56601466992665;0.5625;3;710;2.30422535211268;1.78279890242116;3;0.5;0.571428571428571;-0.00210122727272727
35;Y ~ X1 + X2 + X3 + X1:X2 + X1:X3 + X2:X3;0.8;1;1;1;300;0.0524545454545455;0.447140381282496;0.514285714285714;17;638;1.80877742946708;1.12061223046212;10;0;0.545454545454545;-0.0168027454545454
36;Y ~ X1 + X2 + X3 + X1:X2 + X1:X3 + X2:X3;0.8;1;1;1;300;0.0530909090909091;0.48885077186964;0.578947368421053;21;597;1.95317725752508;1.39671772669772;9;0;0.594594594594595;-0.0212869363636364
37;Y ~ X1 + X2 + X3 + X1:X2 + X1:X3 + X2:X3;0.8;1;1;1;300;0.0782727272727273;0.601626016260163;0.558823529411765;1;686;2.51020408163265;1.95842331686831;1;1;0.53125;0.0141469545454545
38;Y ~ X1 + X2 + X3 + X1:X2 + X1:X3 + X2:X3;0.8;1;1;1;300;0.0694545454545454;0.523560209424084;0.5625;11;728;2.0989010989011;1.56796402566638;3;0.2;0.604651162790698;0.0301274545454546
39;Y ~ X1 + X2 + X3 + X1:X2 + X1:X3 + X2:X3;0.8;1;1;1;300;0.0289090909090909;0.333333333333333;0.545454545454545;53;424;1.5;0.85708643461328;11;0.666666666666667;0.533333333333333;0.0110531363636364
40;Y ~ X1 + X2 + X3 + X1:X2 + X1:X3 + X2:X3;0.8;1;1;1;300;0.0454545454545455;0.44;0.564102564102564;62;560;1.78571428571429;1.2488602074357;28;0.5;0.567567567567568;-0.0419745818181818
41;Y ~ X1 + X2 + X3 + X1:X2 + X1:X3 + X2:X3;0.8;1;1;1;300;0.0636363636363636;0.511428571428571;0.482758620689655;9;684;2.04678362573099;1.58368835428084;6;NA;0.482758620689655;0.0208160363636364
42;Y ~ X1 + X2 + X3 + X1:X2 + X1:X3 + X2:X3;0.8;1;1;1;300;0.0403636363636364;0.45045045045045;0.657894736842105;13;488;1.81967213114754;1.26696808267308;8;0.5;0.666666666666667;-0.0103447909090909
43;Y ~ X1 + X2 + X3 + X1:X2 + X1:X3 + X2:X3;0.8;1;1;1;300;0.0327272727272727;0.361111111111111;0.674418604651163;17;460;1.56521739130435;0.862923180484072;7;1;0.666666666666667;0.0200795181818182
44;Y ~ X1 + X2 + X3 + X1:X2 + X1:X3 + X2:X3;0.8;1;1;1;300;0.0661818181818182;0.534340659340659;0.628571428571429;19;678;2.14749262536873;1.47426179374083;4;NA;0.628571428571429;0.0179091636363636
45;Y ~ X1 + X2 + X3 + X1:X2 + X1:X3 + X2:X3;0.8;1;1;1;300;0.0569090909090909;0.52;0.571428571428571;94;601;2.0797342192691;1.50342539858988;23;0.333333333333333;0.59375;0.0170122181818182
46;Y ~ X1 + X2 + X3 + X1:X2 + X1:X3 + X2:X3;0.8;1;1;1;300;0.0592727272727273;0.542113323124043;0.586206896551724;66;597;2.18060200668896;1.65704464387899;22;NA;0.586206896551724;-0.0421813636363636
47;Y ~ X1 + X2 + X3 + X1:X2 + X1:X3 + X2:X3;0.8;1;1;1;300;0.0384545454545455;0.41371158392435;0.571428571428571;6;496;1.70564516129032;1.14090683580768;4;0.5;0.575;-0.0440874
48;Y ~ X1 + X2 + X3 + X1:X2 + X1:X3 + X2:X3;0.8;1;1;1;300;0.0609090909090909;0.52089552238806;0.590909090909091;82;642;2.08722741433022;1.57078566368748;33;NA;0.590909090909091;-0.0135359272727273
49;Y ~ X1 + X2 + X3 + X1:X2 + X1:X3 + X2:X3;0.8;1;1;1;300;0.0695454545454545;0.541176470588235;0.608695652173913;77;702;2.17948717948718;1.70351930484454;31;0.5;0.619047619047619;0.00622238181818182
50;Y ~ X1 + X2 + X3 + X1:X2 + X1:X3 + X2:X3;0.8;1;1;1;300;0.0368181818181818;0.435960591133005;0.476190476190476;97;457;1.77631578947368;1.1564645067378;41;0;0.5;-0.00969162727272727
51;Y ~ X1 + X2 + X3 + X1:X2 + X1:X3 + X2:X3;0.8;1;1;1;300;0.0518181818181818;0.496491228070175;0.466666666666667;68;574;1.98606271777003;1.25706986814393;22;0.5;0.465116279069767;-0.0242612454545455
52;Y ~ X1 + X2 + X3 + X1:X2 + X1:X3 + X2:X3;0.8;1;1;1;300;0.052;0.463286713286713;0.513513513513513;6;614;1.86319218241042;1.24230187944688;4;0;0.527777777777778;-0.0108635818181818
53;Y ~ X1 + X2 + X3 + X1:X2 + X1:X3 + X2:X3;0.8;1;1;1;300;0.0425454545454545;0.467948717948718;0.642857142857143;6;498;1.87951807228916;1.29263662497568;3;0.5;0.653846153846154;0.0493545090909091
54;Y ~ X1 + X2 + X3 + X1:X2 + X1:X3 + X2:X3;0.8;1;1;1;300;0.0268181818181818;0.342372881355932;0.648648648648649;10;388;1.52061855670103;0.928583315011697;3;NA;0.648648648648649;0.0237082727272727
55;Y ~ X1 + X2 + X3 + X1:X2 + X1:X3 + X2:X3;0.8;1;1;1;300;0.041;0.433628318584071;0.575;95;511;1.76171875;1.12453013063496;37;0.5;0.578947368421053;0.0137748909090909
56;Y ~ X1 + X2 + X3 + X1:X2 + X1:X3 + X2:X3;0.8;1;1;1;300;0.0512727272727273;0.5;0.425;4;564;2;1.45880563441589;2;0.25;0.444444444444444;0.0259631181818182
57;Y ~ X1 + X2 + X3 + X1:X2 + X1:X3 + X2:X3;0.8;1;1;1;300;0.0624545454545455;0.532751091703057;0.517241379310345;42;642;2.14018691588785;1.64382517773432;18;0.5;0.52;0.0128918727272727
58;Y ~ X1 + X2 + X3 + X1:X2 + X1:X3 + X2:X3;0.8;1;1;1;300;0.0612727272727273;0.544510385756677;0.558823529411765;21;614;2.19543973941368;1.69222908224083;10;1;0.545454545454545;-0.00472334545454546
59;Y ~ X1 + X2 + X3 + X1:X2 + X1:X3 + X2:X3;0.8;1;1;1;300;0.0600909090909091;0.509833585476551;0.727272727272727;7;648;2.04012345679012;1.485198796319;3;1;0.709677419354839;0.0165396090909091
60;Y ~ X1 + X2 + X3 + X1:X2 + X1:X3 + X2:X3;0.8;1;1;1;300;0.0491818181818182;0.44362292051756;0.568181818181818;13;602;1.79734219269103;1.26311503006674;8;NA;0.568181818181818;0.0232087272727273
61;Y ~ X1 + X2 + X3 + X1:X2 + X1:X3 + X2:X3;0.8;1;1;1;300;0.0647272727272727;0.518258426966292;0.695652173913043;24;686;2.07580174927114;1.43273054901429;9;1;0.688888888888889;0.0110353727272727
62;Y ~ X1 + X2 + X3 + X1:X2 + X1:X3 + X2:X3;0.8;1;1;1;300;0.0613636363636364;0.525925925925926;0.545454545454545;20;640;2.109375;1.53452623569135;6;0;0.5625;0.0257881090909091
63;Y ~ X1 + X2 + X3 + X1:X2 + X1:X3 + X2:X3;0.8;1;1;1;300;0.0341818181818182;0.430851063829787;0.594594594594595;105;428;1.75700934579439;1.13287304788986;39;0.8;0.5625;0.0290733
64;Y ~ X1 + X2 + X3 + X1:X2 + X1:X3 + X2:X3;0.8;1;1;1;300;0.0375454545454545;0.421307506053269;0.666666666666667;19;478;1.72803347280335;1.03168739918212;7;0.5;0.675675675675676;-0.00300221818181818
65;Y ~ X1 + X2 + X3 + X1:X2 + X1:X3 + X2:X3;0.8;1;1;1;300;0.0774545454545455;0.618544600938967;0.527777777777778;17;650;2.62153846153846;2.40142012431921;3;0;0.542857142857143;-0.00362718181818182
66;Y ~ X1 + X2 + X3 + X1:X2 + X1:X3 + X2:X3;0.8;1;1;1;300;0.0582727272727273;0.514820592823713;0.621621621621622;3;622;2.06109324758842;1.46115202924513;2;0;0.638888888888889;-0.00256512727272728
67;Y ~ X1 + X2 + X3 + X1:X2 + X1:X3 + X2:X3;0.8;1;1;1;300;0.0452727272727273;0.431726907630522;0.461538461538462;56;566;1.75971731448763;1.0974838685791;29;0.666666666666667;0.444444444444444;-0.000744209090909091
68;Y ~ X1 + X2 + X3 + X1:X2 + X1:X3 + X2:X3;0.8;1;1;1;300;0.0374545454545455;0.419902912621359;0.705882352941177;13;478;1.72384937238494;1.04474285883252;8;0;0.727272727272727;-0.0294162363636364
69;Y ~ X1 + X2 + X3 + X1:X2 + X1:X3 + X2:X3;0.8;1;1;1;300;0.063;0.522366522366522;0.552631578947368;3;662;2.09365558912387;1.47308856811345;2;1;0.527777777777778;0.00606342727272727
70;Y ~ X1 + X2 + X3 + X1:X2 + X1:X3 + X2:X3;0.8;1;1;1;300;0.0773636363636364;0.556991774383079;0.633333333333333;16;754;2.25729442970822;1.60289170231715;11;0.4;0.68;-0.00764861818181818
71;Y ~ X1 + X2 + X3 + X1:X2 + X1:X3 + X2:X3;0.8;1;1;1;300;0.0549090909090909;0.506622516556291;0.692307692307692;76;596;2.02684563758389;1.28417620870914;33;NA;0.692307692307692;-0.00793298181818182
72;Y ~ X1 + X2 + X3 + X1:X2 + X1:X3 + X2:X3;0.8;1;1;1;300;0.0449090909090909;0.459514170040486;0.567567567567568;34;534;1.8501872659176;1.15688116284691;11;0;0.583333333333333;0.0454842090909091
73;Y ~ X1 + X2 + X3 + X1:X2 + X1:X3 + X2:X3;0.8;1;1;1;300;0.0386363636363636;0.432941176470588;0.658536585365854;44;482;1.76348547717842;1.14294698076065;15;0;0.675;0.0307608818181818
74;Y ~ X1 + X2 + X3 + X1:X2 + X1:X3 + X2:X3;0.8;1;1;1;300;0.0703636363636364;0.560723514211886;0.486486486486487;17;680;2.27647058823529;1.77495836064491;7;0.5;0.484848484848485;0.00963091818181818
75;Y ~ X1 + X2 + X3 + X1:X2 + X1:X3 + X2:X3;0.8;1;1;1;300;0.0438181818181818;0.449275362318841;0.604651162790698;14;531;1.8188679245283;1.19231386384384;7;0.8;0.578947368421053;0.0151900272727273
76;Y ~ X1 + X2 + X3 + X1:X2 + X1:X3 + X2:X3;0.8;1;1;1;300;0.0622727272727273;0.534306569343066;0.522727272727273;35;638;2.14733542319749;1.49430284444321;18;0;0.560975609756098;0.0320513272727273
77;Y ~ X1 + X2 + X3 + X1:X2 + X1:X3 + X2:X3;0.8;1;1;1;300;0.0471818181818182;0.479768786127168;0.7;87;540;1.92222222222222;1.23059913275065;37;0;0.717948717948718;-0.0146434090909091
78;Y ~ X1 + X2 + X3 + X1:X2 + X1:X3 + X2:X3;0.8;1;1;1;300;0.0484545454545455;0.435272045028143;0.789473684210526;242;602;1.77076411960133;1.03470241173085;86;NA;0.789473684210526;-0.0284479818181818
79;Y ~ X1 + X2 + X3 + X1:X2 + X1:X3 + X2:X3;0.8;1;1;1;300;0.0368181818181818;0.402469135802469;0.731707317073171;6;484;1.67355371900826;1.06473214406069;5;0.5;0.743589743589744;0.0334964090909091
80;Y ~ X1 + X2 + X3 + X1:X2 + X1:X3 + X2:X3;0.8;1;1;1;300;0.0468181818181818;0.439922480620155;0.5;40;577;1.78200692041522;1.28731314176153;20;0.333333333333333;0.517241379310345;-0.0292274818181818
81;Y ~ X1 + X2 + X3 + X1:X2 + X1:X3 + X2:X3;0.8;1;1;1;300;0.0323636363636364;0.384831460674157;0.717948717948718;7;438;1.62557077625571;0.946497172468402;5;1;0.702702702702703;-0.0107214727272727
82;Y ~ X1 + X2 + X3 + X1:X2 + X1:X3 + X2:X3;0.8;1;1;1;300;0.063;0.564213564213564;0.707317073170732;28;604;2.29470198675497;1.59397904001152;5;0.5;0.717948717948718;0.0184609181818182
83;Y ~ X1 + X2 + X3 + X1:X2 + X1:X3 + X2:X3;0.8;1;1;1;300;0.0533636363636364;0.475298126064736;0.631578947368421;15;616;1.90584415584416;1.457620076816;7;1;0.621621621621622;0.0192877454545455
84;Y ~ X1 + X2 + X3 + X1:X2 + X1:X3 + X2:X3;0.8;1;1;1;300;0.0773636363636364;0.568742655699177;0.452380952380952;1;734;2.31880108991826;1.78311775864663;1;0.333333333333333;0.461538461538462;-0.0157035181818182
85;Y ~ X1 + X2 + X3 + X1:X2 + X1:X3 + X2:X3;0.8;1;1;1;300;0.0566363636363636;0.52724358974359;0.625;46;589;2.11186440677966;1.53785396298996;22;0;0.652173913043478;-0.00331344545454545
86;Y ~ X1 + X2 + X3 + X1:X2 + X1:X3 + X2:X3;0.8;1;1;1;300;0.0249090909090909;0.361313868613139;0.59375;16;350;1.56571428571429;1.01990050707654;7;NA;0.59375;-0.00647885454545454
87;Y ~ X1 + X2 + X3 + X1:X2 + X1:X3 + X2:X3;0.8;1;1;1;300;0.0344545454545455;0.364116094986807;0.586206896551724;12;482;1.57261410788382;1.03476900222552;5;0.5;0.592592592592593;-0.0184008363636364
88;Y ~ X1 + X2 + X3 + X1:X2 + X1:X3 + X2:X3;0.8;1;1;1;300;0.0571818181818182;0.519872813990461;0.666666666666667;10;604;2.08278145695364;1.47507583405053;4;0.25;0.714285714285714;0.014979
89;Y ~ X1 + X2 + X3 + X1:X2 + X1:X3 + X2:X3;0.8;1;1;1;300;0.034;0.414438502673797;0.714285714285714;48;438;1.70776255707763;1.06937520053021;19;0;0.735294117647059;-0.00992562727272727
90;Y ~ X1 + X2 + X3 + X1:X2 + X1:X3 + X2:X3;0.8;1;1;1;300;0.041;0.421286031042129;0.615384615384615;133;522;1.727969348659;1.14637526369454;65;0;0.631578947368421;0.0408692545454546
91;Y ~ X1 + X2 + X3 + X1:X2 + X1:X3 + X2:X3;0.8;1;1;1;300;0.0837272727272727;0.609120521172638;0.574468085106383;16;720;2.55833333333333;1.86656179238489;6;0.571428571428571;0.575;0.0205101727272727
92;Y ~ X1 + X2 + X3 + X1:X2 + X1:X3 + X2:X3;0.8;1;1;1;300;0.0618181818181818;0.575;0.777777777777778;3;578;2.35294117647059;1.70985704405693;1;0;0.813953488372093;0.00948293636363637
93;Y ~ X1 + X2 + X3 + X1:X2 + X1:X3 + X2:X3;0.8;1;1;1;300;0.0341818181818182;0.417553191489362;0.675675675675676;55;438;1.71689497716895;1.15028414635688;19;0;0.694444444444444;0.00780009090909091
94;Y ~ X1 + X2 + X3 + X1:X2 + X1:X3 + X2:X3;0.8;1;1;1;300;0.0279090909090909;0.328990228013029;0.742857142857143;56;412;1.49029126213592;0.893009661882759;24;0;0.764705882352941;0.0202860181818182
95;Y ~ X1 + X2 + X3 + X1:X2 + X1:X3 + X2:X3;0.8;1;1;1;300;0.0355454545454545;0.40153452685422;0.59375;69;468;1.67094017094017;1.02681304775102;27;1;0.580645161290323;-0.0158720454545455
96;Y ~ X1 + X2 + X3 + X1:X2 + X1:X3 + X2:X3;0.8;1;1;1;300;0.0544545454545455;0.484140233722871;0.744186046511628;24;618;1.93851132686084;1.24032844834499;9;1;0.731707317073171;-0.025507
97;Y ~ X1 + X2 + X3 + X1:X2 + X1:X3 + X2:X3;0.8;1;1;1;300;0.0473636363636364;0.45489443378119;0.526315789473684;12;568;1.83450704225352;1.21420018460279;8;1;0.513513513513513;-0.0123745909090909
98;Y ~ X1 + X2 + X3 + X1:X2 + X1:X3 + X2:X3;0.8;1;1;1;300;0.0355454545454545;0.39386189258312;0.684210526315789;40;474;1.64978902953587;1.00829712431212;15;1;0.675675675675676;0.0322680363636364
99;Y ~ X1 + X2 + X3 + X1:X2 + X1:X3 + X2:X3;0.8;1;1;1;300;0.077;0.558441558441559;0.529411764705882;24;748;2.26470588235294;1.81355790437257;8;1;0.515151515151515;0.00695684545454546
100;Y ~ X1 + X2 + X3 + X1:X2 + X1:X3 + X2:X3;0.8;1;1;1;300;0.0796363636363636;0.5769669327252;0.435897435897436;54;741;2.36756756756757;1.81383632043227;26;0.375;0.451612903225806;0.00691717272727273
